,GWL,HYRAS_pr,HYRAS_tas,HYRAS_tasmax,HYRAS_tasmin,HYRAS_hurs,DWD_evapo_p,DWD_evapo_r,DWD_evapo_fao,DWD_soil_moist,DWD_soil_temp5cm,ERA5_sro,ERA5_ssro,ERA5_sdwe,ERA5_sm,ERA5_sf,GWL_flag
1991-01-07,94.24,16.1,6.8857145,9.228571,4.1857142,80.44286,0.88571423,0.88571423,0.85714287,10.857142,5.3142858,0.0016536191,0.006272763,3.4837496e-05,0.0004571434,0.0004326366,True
1991-01-14,94.27,11.0,6.7571435,9.471429,4.2428575,73.700005,0.8714286,0.85714287,1.0428572,10.6,4.9142857,0.0017027855,0.0078414455,-7.345365000000001e-25,8.940697e-08,7.4505806e-08,True
1991-01-21,94.3,8.9,-0.55714285,2.4285715,-3.6000001,71.62858,0.28571433,0.28571433,0.5,10.185715,-0.17142858,6.0126185e-05,0.010640547,0.0011152143,0.0007284507,0.0049976595,True
1991-01-28,94.26,0.0,0.6714286,2.8714287,-0.9285714,77.85714,0.24285714,0.22857143,0.5285714,10.2,0.042857144,6.046146e-05,0.010768354,0.0030847164,0.0021014102,6.2942505e-05,True
1991-02-04,94.25,0.0,-2.857143,1.5,-7.0285716,65.200005,0.1,0.1,0.5,10.042857,-1.4857143,8.46386e-06,0.010444649,0.0019336825,0.00038324483,4.630536e-06,True
1991-02-11,94.24,9.5,-4.7285714,-1.1999999,-8.171429,73.457146,0.014285714,0.014285714,0.5714286,10.157143,-2.4714286,2.95043e-06,0.009946071,0.004793536,0.000119762495,0.012253337,True
1991-02-18,94.21,9.0,-1.4285716,2.1142857,-5.5285716,79.314285,0.20000002,0.20000002,0.55714285,10.314285,-0.014285714,5.736947e-05,0.009337924,0.017392125,0.0023918673,0.010945201,True
1991-02-25,94.23,0.6,3.7000003,10.1,-1.1,80.185715,0.6857143,0.64285713,0.8142857,10.1,0.51428574,0.0004588291,0.0087014735,0.007818796,0.019541861,2.2724271e-07,True
1991-03-04,94.25,7.1,4.857143,9.571428,0.88571423,79.8,0.64285713,0.59999996,0.8428572,9.9,3.1,0.00013551116,0.008166611,0.00018466654,0.00074310414,0.0,True
1991-03-11,94.24,6.6,9.900001,14.271429,5.714286,77.28571,0.87142855,0.78571427,1.2142857,9.814285,8.214286,0.00023630261,0.0076871812,1.2091228e-06,9.2778355e-06,0.0,True
1991-03-18,94.22,0.2,9.785714,17.071428,3.542857,74.957146,1.2285715,1.0571429,1.5714285,9.485714,9.957143,1.2509525e-05,0.0072187483,-7.345365000000001e-25,1.8626451e-09,0.0,True
1991-03-25,94.3,28.199999,10.214286,13.242858,7.6285715,78.85714,1.0714285,1.0285715,1.3714286,10.057143,9.985714,0.0010211617,0.0067837015,-7.345365000000001e-25,7.450581e-09,0.0,True
1991-04-01,94.28,0.1,6.1,11.528572,0.37142855,58.87143,1.6142856,1.3714285,2.0857143,9.685715,7.357143,2.6151538e-05,0.0064311028,9.286971e-06,2.723001e-05,3.2261014e-05,True
1991-04-08,94.21,1.7,10.442857,15.814286,5.6,65.84286,1.9,1.542857,2.3,8.985714,11.271428,6.0483813e-05,0.0060408562,3.803344e-07,4.345551e-06,0.0,True
1991-04-15,94.18,0.0,12.800001,20.085714,5.657143,54.728573,2.7428572,2.0285714,3.3285716,8.242857,13.642858,1.02669e-05,0.0055942982,-7.345365000000001e-25,1.8626451e-09,0.0,True
1991-04-22,94.15,6.0,4.8714285,10.214286,0.18571432,65.47143,1.8714285,1.4285715,2.142857,7.5285716,9.785714,9.317696e-05,0.0050982535,0.00014396508,0.0005610585,0.0006562844,True
1991-04-29,94.15,9.2,8.914286,14.114286,3.6142857,63.67143,2.1571429,1.557143,2.5571427,7.385714,11.471429,9.517372e-05,0.0046646,3.6881083e-05,0.00024045631,0.00017358735,True
1991-05-06,94.14,10.3,7.8428574,12.185715,3.3142858,77.71429,1.4428571,1.2285715,1.7857143,7.7285714,10.814285,0.00030866265,0.004257299,-7.345365000000001e-25,8.940697e-08,0.0,True
1991-05-13,94.11,0.4,11.914286,17.442858,5.3857145,62.985718,2.357143,1.7285715,2.9428573,7.3,14.157143,5.032122e-05,0.0038733631,-7.345365000000001e-25,3.7252903e-09,0.0,True
1991-05-20,94.06,12.5,11.042857,15.942858,5.8428574,65.57143,2.0571427,1.6571429,2.8428571,7.1285715,13.714286,0.0001116097,0.003519483,-7.345365000000001e-25,0.0,0.0,True
1991-05-27,94.02,2.9,13.7,18.9,7.5,61.44286,2.7857144,1.7142857,3.3,6.242857,16.9,2.206117e-05,0.0031855926,-7.345365000000001e-25,3.7252903e-09,0.0,True
1991-06-03,93.98,0.6,16.328571,22.614286,9.1,51.728573,3.7714286,1.4428571,4.6,5.5285716,19.785715,1.1324883e-06,0.002856426,-7.345365000000001e-25,3.7252903e-09,0.0,True
1991-06-10,93.96,20.3,13.557143,17.7,9.67143,74.971436,2.3,1.4142857,2.6714287,5.5,16.8,0.0001308769,0.0025426745,-7.345365000000001e-25,7.450581e-09,0.0,True
1991-06-17,93.95,11.6,16.2,20.67143,12.242858,65.38572,3.042857,2.0142856,3.5571427,5.3714285,18.542856,8.7976456e-05,0.002296418,-7.345365000000001e-25,1.4901161e-08,0.0,True
1991-06-24,94.02,29.0,16.342857,20.84286,11.671428,75.200005,2.8428571,2.4142857,3.0714285,6.0857143,18.857143,0.00024307519,0.0020821244,-7.345365000000001e-25,7.450581e-09,0.0,True
1991-07-01,93.95,1.4,17.314287,22.7,12.557143,68.07143,3.2285714,2.5714285,3.6142857,5.8142858,20.0,0.0001347214,0.0018851385,-7.345365000000001e-25,3.7252903e-09,0.0,True
1991-07-08,93.91,0.0,25.042858,30.9,18.4,54.985714,5.2285714,2.5857143,6.0285716,5.142857,26.714285,2.4288893e-06,0.0016733333,-7.345365000000001e-25,1.1175871e-08,0.0,True
1991-07-15,93.87,21.2,23.7,29.328571,17.314287,59.457146,4.1285715,1.5428572,5.214286,4.8428574,26.314285,8.845329e-05,0.0014531538,-7.345365000000001e-25,7.450581e-09,0.0,True
1991-07-22,93.83,3.5,19.34286,24.571428,13.942858,60.77143,3.2571428,1.7571429,3.9285715,4.8,22.857143,1.4692545e-05,0.0012874231,-7.345365000000001e-25,3.7252903e-09,0.0,True
1991-07-29,93.79,12.5,19.77143,25.314287,14.042857,63.11429,3.3999999,2.057143,4.157143,4.8714285,22.157143,0.000109151006,0.0011480898,-7.345365000000001e-25,3.7252903e-09,0.0,True
1991-08-05,93.74,10.599999,21.414288,27.314287,15.785714,65.22857,2.9714286,1.9428571,3.7857144,5.042857,23.428572,0.00013631582,0.0010304004,-7.345365000000001e-25,1.1175871e-08,0.0,True
1991-08-12,93.68,1.2,23.67143,30.214285,16.714287,57.285713,3.6285717,1.5428572,4.6285715,4.542857,25.685715,2.719462e-05,0.00091969967,-7.345365000000001e-25,7.450581e-09,0.0,True
1991-08-19,93.66,0.0,20.457142,26.77143,13.957144,56.4,3.3714287,0.5285715,4.2571425,4.1857142,23.62857,5.155802e-06,0.000816226,-7.345365000000001e-25,3.7252903e-09,0.0,True
1991-08-26,93.62,6.1000004,21.442858,27.97143,13.942857,55.42857,2.9714286,0.61428577,4.042857,3.9857142,22.842857,2.5480986e-06,0.0007247478,-7.345365000000001e-25,5.5879354e-09,0.0,True
1991-09-02,93.61,0.0,19.828571,27.071428,12.885715,52.17143,3.1714284,0.4,4.357143,3.8285713,22.085714,0.0,0.0006431639,-7.345365000000001e-25,5.5879354e-09,0.0,True
1991-09-09,93.57,0.0,17.542858,24.957142,10.057143,59.81429,2.3714287,0.22857144,3.0285716,3.6714287,20.671429,2.861023e-06,0.0005733073,-7.345365000000001e-25,5.5879354e-09,0.0,True
1991-09-16,93.56,15.5,18.2,24.84286,11.385714,65.64286,1.9142857,0.61428577,2.7285714,4.0142856,19.071428,6.851554e-05,0.0005244091,-7.345365000000001e-25,5.5879354e-09,0.0,True
1991-09-23,93.54,18.5,17.07143,23.34286,11.814286,69.52857,1.8,0.8571429,2.4142857,4.071429,18.528572,0.00011098385,0.00048407167,-7.345365000000001e-25,7.450581e-09,0.0,True
1991-09-30,93.56,25.199999,15.1285715,19.27143,12.185715,80.48572,1.1714286,1.0142857,1.6999999,5.1714287,15.928572,0.00017535686,0.00045455992,-7.345365000000001e-25,9.313226e-09,0.0,True
1991-10-07,93.57,23.8,12.800001,17.957144,8.014285,79.38572,0.9714286,0.78571427,1.3571428,5.5,13.685715,0.0001584813,0.00043208152,-7.345365000000001e-25,1.8626451e-09,0.0,True
1991-10-14,93.56,4.1,12.357142,16.37143,9.2,87.0,0.61428577,0.50000006,0.9,6.0571427,13.6,5.4121017e-05,0.00041140616,-7.345365000000001e-25,3.7252903e-09,0.0,True
1991-10-21,93.56,7.1000004,9.071428,13.214286,5.9857144,77.87144,0.95714283,0.88571423,1.2142857,6.3,10.428572,0.00019683689,0.00039368868,-7.345365000000001e-25,5.5879354e-09,0.0,True
1991-10-28,93.55,0.6,5.8285713,10.242857,2.5285716,76.01429,0.5,0.40000004,0.7,6.4,6.6714287,1.6242266e-05,0.00037954003,4.48454e-07,2.514571e-06,2.4996698e-06,True
1991-11-04,93.54,7.3999996,6.2285714,11.314286,1.4,78.12858,0.7571429,0.6999999,0.7571429,6.3428574,5.9714284,0.00014179945,0.00036643445,-7.345365000000001e-25,3.3527613e-08,0.0,True
1991-11-11,93.64,34.3,6.8,9.257143,4.1,78.58572,0.7285714,0.71428573,0.9285714,7.3,6.357143,0.0008033812,0.00035588443,-7.345365000000001e-25,3.7252903e-09,0.0,True
1991-11-18,93.71,23.0,5.557143,8.3714285,3.1571429,89.057144,0.41428575,0.40000004,0.5285714,9.171429,5.3,0.0006597638,0.001315333,3.1278246e-06,7.966533e-06,1.532957e-05,True
1991-11-25,93.71,14.4,3.357143,6.2571425,1.1857144,83.65715,0.2714286,0.2714286,0.4,9.8,3.4,0.0005450845,0.00043042004,2.071971e-06,7.95722e-06,1.0319054e-06,True
1991-12-02,93.69,0.0,1.2285715,3.4428573,-0.94285715,90.87144,0.10000001,0.08571429,0.18571429,9.828571,1.1,1.3411045e-06,0.00035008788,8.458183e-07,1.0840595e-06,4.7311187e-07,True
1991-12-09,93.67,0.1,0.82857144,3.1857145,-1.1428572,82.314285,0.114285715,0.114285715,0.31428573,9.742857,0.32857144,1.2055039e-05,0.00035360456,0.00013675576,7.942505e-05,0.0002597496,True
1991-12-16,93.76,3.7,-5.357143,-1.7285715,-8.471429,80.28571,0.0,0.0,0.114285715,9.671429,-2.7428572,2.1204352e-05,0.0003576018,0.00015594845,2.6918948e-05,0.0,True
1991-12-23,93.7475688568668,51.899998,6.7999997,9.6,3.4142857,85.328575,0.7285714,0.7285714,0.7714286,11.057143,2.0714285,0.0029500872,0.0038380064,0.0003585191,0.003857335,0.0035291687,False
1991-12-30,93.8,1.4,2.357143,5.228572,-0.2,83.64286,0.3285714,0.3285714,0.47142857,10.471429,1.6142857,0.00018283725,0.00047581643,0.00021281128,0.00068363175,0.0008637607,True
1992-01-06,93.82,11.099999,3.6000001,5.8,1.1857144,83.01429,0.1,0.1,0.5,10.2,0.3,0.00031238794,0.0006182566,0.00012807052,0.00023810565,3.8634986e-05,True
1992-01-13,93.83,17.599998,4.657143,6.7571425,2.4857142,82.01428,0.3285714,0.3285714,0.5285714,10.414286,2.7714286,0.0010058209,0.0025776029,1.2772424e-06,3.3639371e-06,9.763986e-06,True
1992-01-20,93.85,12.300001,3.114286,5.0285716,1.6285714,79.4,0.35714287,0.35714287,0.54285717,10.271428,2.1142857,0.00018329173,0.001091674,0.0003536826,0.0005873721,0.0023867302,True
1992-01-27,93.85,0.0,-1.9428571,0.45714286,-4.6857142,76.47143,0.042857144,0.042857144,0.4,10.314285,-0.87142855,8.314848e-06,0.001342617,0.0015904108,0.00033678487,0.00045710057,True
1992-02-03,93.86,1.5,-0.54285717,1.8142856,-2.8142858,87.37144,0.12857144,0.12857144,0.35714287,10.2,-0.8142857,3.1232834e-05,0.0015408024,0.0010598671,0.0012383983,0.00053019077,True
1992-02-10,93.88,17.5,3.0,6.2428575,0.17142858,88.942856,0.42857143,0.42857143,0.4857143,10.428572,0.5857143,0.00031574816,0.001695104,0.0013046833,0.0048309313,0.00376587,True
1992-02-17,93.92,21.0,5.557143,7.9857144,3.1857142,79.9,0.71428573,0.71428573,0.85714287,10.4,4.0571427,0.00083789974,0.0026370063,0.0003476597,0.00035794545,0.0033380613,True
1992-02-24,93.93,0.4,2.1142857,5.542857,-1.2142857,77.28571,0.44285712,0.42857143,0.6571428,10.1285715,1.3857143,7.881969e-05,0.0023316666,0.0021548157,0.002665963,0.00031072274,True
1992-03-02,93.95,3.5,6.014286,13.385715,0.27142859,75.17143,0.78571427,0.7285714,1.0285714,9.9,5.2285714,7.8096986e-05,0.0026269034,0.00012393224,0.0005109031,1.4901161e-08,True
1992-03-09,93.93,1.6,7.414286,13.757143,1.9,71.314285,1.1142857,0.94285715,1.3142856,9.528571,7.1285715,4.287064e-05,0.0027711987,3.8601104e-07,3.1050295e-06,0.0,True
1992-03-16,93.95,17.0,6.6285715,10.057143,3.2714286,69.84286,1.5142858,1.4571428,1.4857143,9.842857,6.6285715,0.0005968809,0.0028151944,2.1117073e-06,6.4168125e-06,1.9472092e-05,True
1992-03-23,93.98,17.4,8.328572,12.842857,3.357143,75.22858,1.0714285,1.042857,1.4,10.214286,7.714286,0.0013655871,0.0042325035,1.6098931e-05,0.00015248358,0.00015392154,True
1992-03-30,94.02,18.8,5.2571435,8.485715,2.4428573,75.94286,1.2,1.2,1.3714286,10.742857,6.3714285,0.0006275624,0.0053793713,0.00084199227,0.0030661896,0.003397368,True
1992-04-06,94.02,6.8,7.971429,12.900001,3.614286,65.01429,1.4857143,1.4142858,2.0285714,10.114285,8.6285715,0.00027412176,0.004834175,3.912903e-05,0.0002863072,0.0,True
1992-04-13,94.0,0.2,10.657143,16.842857,4.7428575,50.68572,2.6142857,2.142857,3.1142857,9.4,11.771428,9.804964e-06,0.0051336586,-7.345365000000001e-25,2.7939677e-07,0.0,True
1992-04-20,94.0,11.8,7.957143,12.142858,4.6,73.34286,1.9714286,1.7571429,2.0857143,8.728572,10.057143,0.00023652613,0.00501094,3.633045e-06,2.8252602e-05,2.830103e-05,True
1992-04-27,94.0,6.3,13.900001,19.814287,7.2285714,64.957146,2.4714284,1.9857142,2.857143,8.257143,14.242857,0.00016479939,0.004824765,-7.345365000000001e-25,1.9185245e-07,0.0,True
1992-05-04,93.98,19.4,10.728571,15.842858,6.7428575,71.98572,1.9428571,1.7428571,2.4714284,8.085714,12.914286,0.00030260533,0.0046012998,-7.345365000000001e-25,3.7252903e-09,0.0,True
1992-05-11,93.95,11.2,13.8,19.085714,8.285714,64.78571,2.6714284,2.2142856,3.1285713,7.6,15.485714,0.000267528,0.004341811,-7.345365000000001e-25,0.0,0.0,True
1992-05-18,93.91,0.0,18.67143,25.257143,10.071428,53.61429,3.957143,2.7285714,4.7714286,7.114286,20.085714,3.3825636e-06,0.0040411204,-7.345365000000001e-25,3.7252903e-09,0.0,True
1992-05-25,93.88,0.3,19.514286,25.571428,12.457143,53.328575,4.428571,2.1,5.1857142,5.9714284,21.8,3.0599535e-05,0.0036516935,-7.345365000000001e-25,7.450581e-09,0.0,True
1992-06-01,93.84,2.3,20.285715,26.042858,14.557143,52.485718,4.028571,1.2285713,4.9,5.6,22.27143,6.3329935e-05,0.0032540634,-7.345365000000001e-25,3.7252903e-09,0.0,True
1992-06-08,93.85,79.1,16.628572,21.37143,13.300001,80.37144,2.1571429,1.942857,2.8142858,7.5571427,19.842857,0.0017387867,0.0029320568,-7.345365000000001e-25,7.450581e-09,0.0,True
1992-06-15,93.84,0.6,18.228573,23.514286,12.414286,67.77143,2.957143,2.4714284,3.7857144,8.214286,21.085714,0.00029702485,0.0026992261,-7.345365000000001e-25,7.450581e-09,0.0,True
1992-06-22,93.79,10.0,17.985714,22.4,13.271429,68.057144,3.3571427,2.7142856,3.9142857,7.6571426,21.514286,0.009406835,0.0039461777,-7.345365000000001e-25,0.0,0.0,True
1992-06-29,93.76,24.2,20.328571,25.914288,14.400001,64.42857,3.3285716,2.7285714,4.4428573,8.028571,22.857143,0.0018363595,0.0022889972,-7.345365000000001e-25,1.1175871e-08,0.0,True
1992-07-06,93.73,34.3,19.257143,23.957142,14.571428,76.02857,2.8285716,2.3428571,3.3714287,7.5571427,23.071428,0.00039120018,0.0021252185,-7.345365000000001e-25,1.1175871e-08,0.0,True
1992-07-13,93.69,26.4,18.314285,23.2,14.0,76.65715,2.7428572,2.4857142,3.1285717,8.457143,21.1,0.0006471276,0.002012685,-7.345365000000001e-25,7.450581e-09,0.0,True
1992-07-20,93.66,1.0,21.485716,26.914288,16.27143,65.42857,3.2714288,2.5285716,4.1142855,8.214286,23.757143,5.5797398e-05,0.0019026697,-7.345365000000001e-25,7.450581e-09,0.0,True
1992-07-27,93.65,13.799999,22.385714,28.928572,15.900001,59.5,3.9571426,3.0714285,4.7714286,7.4428573,25.5,0.00011651218,0.0017662495,-7.345365000000001e-25,9.313226e-09,0.0,True
1992-08-03,93.61,3.5,23.814287,30.17143,16.428572,58.014286,3.885714,2.457143,4.7000003,6.4142857,25.642857,1.8149614e-05,0.0016191825,-7.345365000000001e-25,9.313226e-09,0.0,True
1992-08-10,93.58,1.7,23.814287,31.285715,16.885715,54.05714,3.7857144,1.5285715,4.6285715,5.7285714,26.6,5.2824616e-05,0.001464285,-7.345365000000001e-25,1.1175871e-08,0.0,True
1992-08-17,93.56,14.8,18.1,23.357143,12.914286,70.12858,2.6142857,1.5285714,3.1285713,5.742857,20.9,0.00020375848,0.001344718,-7.345365000000001e-25,1.1175871e-08,0.0,True
1992-08-24,93.54,28.2,20.9,27.0,16.028572,75.08572,2.6000001,1.7714285,3.0571427,6.0,23.4,0.00015811622,0.0012492612,-7.345365000000001e-25,7.450581e-09,0.0,True
1992-08-31,93.52,30.1,20.84286,26.9,16.485714,70.38572,2.7,2.0142858,3.4428573,6.1714287,22.442858,0.00050352514,0.0011632815,-7.345365000000001e-25,5.5879354e-09,0.0,True
1992-09-07,93.51,15.6,13.342857,18.557144,9.400001,73.12858,1.9571428,1.8428572,2.3999999,7.3428574,15.571428,0.00018723309,0.0010958835,-7.345365000000001e-25,1.1175871e-08,0.0,True
1992-09-14,93.49,7.5,15.257143,21.0,10.057143,69.08572,1.7428571,1.4142858,2.357143,7.1857142,17.72857,0.00012415648,0.0010359734,-7.345365000000001e-25,3.7252903e-09,0.0,True
1992-09-21,93.48,4.8999996,16.342857,22.157145,11.514287,78.9,1.4857142,1.1714286,2.042857,7.0,17.957144,9.481609e-05,0.0009863377,-7.345365000000001e-25,3.7252903e-09,0.0,True
1992-09-28,93.46,1.9,15.857142,23.142857,10.028571,74.84286,1.3142856,1.0,2.0428572,6.857143,17.257143,7.826835e-05,0.0009396896,-7.345365000000001e-25,5.5879354e-09,0.0,True
1992-10-05,93.45,20.5,13.728572,17.228573,11.328572,82.37142,0.85714287,0.7571429,1.4285715,7.042857,15.142858,0.0002257675,0.00090146065,-7.345365000000001e-25,9.313226e-09,0.0,True
1992-10-12,93.43,0.8,10.657143,13.742858,8.142858,76.52857,0.71428573,0.5857143,1.2142857,7.4714284,11.957143,3.287196e-05,0.0008718446,-7.345365000000001e-25,1.8626451e-09,0.0,True
1992-10-19,93.42,2.8000002,5.3142858,10.814286,0.90000004,73.27143,0.67142856,0.5714286,1.0571429,7.428571,6.928571,7.401407e-05,0.000843443,-7.345365000000001e-25,1.8626451e-09,0.0,True
1992-10-26,93.44,29.4,6.9428573,10.657143,3.9428575,79.21429,0.8142857,0.8000001,0.94285715,8.328571,6.9857144,0.0010814518,0.0017382875,-7.345365000000001e-25,5.5879354e-09,0.0,True
1992-11-02,93.44,19.1,4.857143,7.7428575,2.2857144,87.58572,0.44285712,0.44285712,0.59999996,10.357142,5.542857,0.00065552443,0.00080755353,9.082613e-08,5.606562e-07,9.275973e-07,True
1992-11-09,93.45,2.6999998,7.871429,11.014287,4.5285716,86.88572,0.37142855,0.34285715,0.55714285,10.157143,7.242857,6.766617e-05,0.0008083582,-7.345365000000001e-25,3.7439167e-07,0.0,True
1992-11-16,93.49,29.4,6.6,9.185715,4.157143,83.34286,0.67142856,0.67142856,0.7571429,10.771428,5.857143,0.0011861697,0.0008257404,8.96908e-06,4.8205256e-05,4.8477203e-05,True
1992-11-23,93.53,25.8,6.857143,9.757143,3.457143,79.71429,0.7142858,0.7142858,0.82857144,10.828571,5.8285713,0.0016986765,0.0025879592,4.0542513e-05,0.0002970677,0.00029040687,True
1992-11-30,93.57,10.3,8.314286,11.585714,5.2000003,84.685715,0.55714285,0.55714285,0.7,10.542857,6.957143,0.00047953427,0.0013301298,-7.345365000000001e-25,3.594905e-07,0.0,True
1992-12-07,93.59,12.7,6.571429,9.857142,3.8,82.25714,0.58571434,0.58571434,0.7285715,10.542857,5.2714286,0.0010936856,0.003065899,7.9342295e-05,0.0004175417,0.0009543672,True
1992-12-14,93.66,27.699999,4.2428575,5.7714286,2.9,81.67143,0.3,0.3,0.59999996,10.485714,3.057143,0.0009006262,0.002721548,0.00020832107,0.00053903647,5.2824616e-06,True
1992-12-21,93.75,16.4,2.3428571,4.257143,0.37142855,93.614296,0.071428575,0.057142857,0.21428572,10.3714285,1.3428571,0.00037246943,0.00351315,1.4219965e-05,2.2057444e-05,1.0430813e-07,True
1992-12-28,93.82,4.9,0.9142857,3.2142856,-0.64285725,80.72858,0.057142857,0.057142857,0.3857143,10.442857,1.4142857,0.00020033121,0.004272014,8.6171285e-06,2.8479844e-06,1.3649464e-05,True
1993-01-04,93.75,0.0,-5.457143,-1.0714285,-8.714286,69.08572,0.0,0.0,0.27142859,10.3,-3.1666667,7.4505806e-08,0.005014837,1.2596448e-05,5.699694e-07,0.0,True
1993-01-11,93.8,14.1,5.5142856,7.7714286,1.2,83.200005,0.5714286,0.5714286,0.7428571,10.357142,0.5714286,0.000503324,0.005321674,3.3662432e-06,1.1771917e-05,1.7881393e-07,True
1993-01-18,93.82,3.7000003,7.285714,12.400001,2.7428572,78.22858,0.7714286,0.7714286,0.90000004,10.514286,4.2,0.0010316968,0.007878408,-7.345365000000001e-25,7.450581e-09,0.0,True
1993-01-25,93.85,6.2000003,8.971429,11.285714,6.585715,73.24286,1.1428572,1.1285714,1.4,10.114285,6.614286,0.00033204257,0.0066464096,6.414595e-06,9.313226e-09,0.00033209473,True
1993-02-01,93.94,14.599999,2.142857,4.428571,-0.34285718,81.24286,0.37142858,0.37142858,0.5714286,10.185715,2.0857143,0.00029671192,0.0068858713,0.0014155138,0.0038526282,0.004074797,True
1993-02-08,93.95,0.4,-0.14285718,1.3142859,-2.5,90.542854,0.071428575,0.071428575,0.34285715,10.214286,-0.12857144,1.8052757e-05,0.0072158575,0.000426616,0.00043051317,1.1354685e-05,True
1993-02-15,93.92,0.0,0.32857147,2.1000001,-1.5857143,84.4,0.12857144,0.12857144,0.42857143,10.1285715,0.2857143,4.10527e-06,0.007261038,0.00010265623,0.00018472597,2.6665628e-05,True
1993-02-22,93.94,13.0,2.557143,5.0428576,0.61428577,77.8,0.7428571,0.7428571,0.88571423,10.214286,1.0,0.0003514886,0.0071688294,0.0016140087,0.005289132,0.006759066,True
1993-03-01,93.93,2.4,-0.64285713,3.7142856,-5.5285716,69.52857,0.42857143,0.42857143,0.82857144,10.171429,-0.071428575,4.6767294e-05,0.0070386976,0.001923107,0.001573978,0.0023653954,True
1993-03-08,93.92,8.3,2.3428574,6.0142856,-0.35714287,68.828575,0.7714286,0.6857143,1.2714285,9.942857,0.6857143,0.00016975403,0.0068712234,0.0022909073,0.004549781,0.0038019232,True
1993-03-15,93.88,0.0,6.357143,14.685715,-0.3571429,65.4,1.2571429,1.0428572,1.4428571,9.571428,6.614286,1.6868114e-05,0.0066432282,0.00019010475,0.00068285316,0.0,True
1993-03-22,93.83,13.099999,10.785714,16.157145,5.4000006,71.01429,1.5142858,1.2571429,1.7428571,9.028571,10.257143,0.0001424253,0.0063390657,2.2706531e-07,2.9895455e-06,0.0,True
1993-03-29,93.82,0.0,3.8285716,9.342857,-0.18571432,57.757145,1.5714284,1.2857143,1.8857143,8.7,7.242857,5.006045e-05,0.0059980303,5.9332167e-05,8.3722174e-05,0.00020832941,True
1993-04-05,93.79,11.299999,7.971429,13.685715,2.3714287,72.21429,1.4285715,1.2571428,1.7428571,8.328571,8.8714285,0.00036145747,0.0056230724,2.2309167e-05,0.00011100806,0.0,True
1993-04-12,93.77,3.8999999,9.542857,13.771429,5.7571435,71.01429,1.5714285,1.3857143,1.9571428,8.3714285,10.457143,0.00020006299,0.0052700415,-7.345365000000001e-25,7.636845e-08,0.0,True
1993-04-19,93.74,6.0,10.957143,16.042858,5.8857145,71.27143,1.8000001,1.6142857,2.1142857,8.442857,11.942857,0.00016436726,0.004944816,-7.345365000000001e-25,5.5879354e-09,0.0,True
1993-04-26,93.73,0.7,17.485716,23.914288,8.857142,51.785713,3.485714,2.5857143,3.8714287,7.6571426,17.985714,1.1131167e-05,0.0045841336,-7.345365000000001e-25,0.0,0.0,True
1993-05-03,93.7,7.2999997,18.114286,23.800001,12.857142,58.457146,3.6857145,2.2857141,4.2,6.6857142,19.328571,9.971112e-05,0.004146993,-7.345365000000001e-25,7.450581e-09,0.0,True
1993-05-10,93.68,20.400002,15.342857,20.800001,10.0,62.642857,2.9571426,1.9999999,3.4428573,6.4857144,16.928572,0.00025597215,0.0037801117,-7.345365000000001e-25,7.450581e-09,0.0,True
1993-05-17,93.64,14.799999,16.414286,21.728573,10.757143,68.01429,2.8428574,1.9285715,3.3714287,6.542857,19.142857,0.0002875775,0.003436394,-7.345365000000001e-25,3.7252903e-09,0.0,True
1993-05-24,93.6,15.0,17.442858,23.47143,11.728571,62.914284,3.2999997,2.3285713,4.0,6.285714,20.72857,0.00039952993,0.0031160265,-7.345365000000001e-25,7.450581e-09,0.0,True
1993-05-31,93.62,27.3,18.5,24.157145,12.814286,64.51429,3.6857142,2.7,4.057143,5.857143,21.585714,0.00055754185,0.0028054863,-7.345365000000001e-25,7.450581e-09,0.0,True
1993-06-07,93.55,7.1,19.614286,25.4,14.142858,68.91428,3.1571426,2.0285716,4.0,5.614286,22.342857,0.00041806698,0.002559647,-7.345365000000001e-25,0.0,0.0,True
1993-06-14,93.5,9.4,18.800001,23.514286,14.271429,66.1,3.085714,1.5,3.7142856,4.9428573,22.314285,0.000108122826,0.002311319,-7.345365000000001e-25,0.0,0.0,True
1993-06-21,93.47,8.799999,18.014286,23.328571,12.542857,68.17143,3.2714286,2.2142856,3.6000001,5.042857,20.714285,0.0002309382,0.0021207035,-7.345365000000001e-25,7.450581e-09,0.0,True
1993-06-28,93.44,1.5,16.828571,21.84286,11.800001,61.128574,3.2142856,1.9,3.8,5.3142858,20.614286,6.647408e-05,0.001931861,-7.345365000000001e-25,7.450581e-09,0.0,True
1993-07-05,93.39,0.0,22.642857,29.657145,13.400001,50.914284,4.4857144,1.3857143,5.1857142,4.8,24.914286,6.993115e-05,0.0017359853,-7.345365000000001e-25,1.1175871e-08,0.0,True
1993-07-12,93.36,5.8,17.0,22.614286,11.385715,57.385715,3.3142858,1.1142856,3.9714284,4.6,20.942858,7.389486e-05,0.0015453473,-7.345365000000001e-25,3.7252903e-09,0.0,True
1993-07-19,93.34,36.0,18.414288,22.742859,14.800001,76.057144,2.7142856,2.1571429,3.042857,5.2285714,20.571428,0.00044649094,0.0014114305,-7.345365000000001e-25,1.1175871e-08,0.0,True
1993-07-26,93.32,25.5,17.628572,22.600002,13.528572,67.88572,3.1571429,2.5714285,3.6571429,5.3142858,20.071428,0.00016461313,0.001301296,-7.345365000000001e-25,1.1175871e-08,0.0,True
1993-08-02,93.33,49.2,19.300001,25.385715,14.242858,71.64286,3.1142857,2.6142857,3.5285716,5.5285716,21.585714,0.005430244,0.0012057126,-7.345365000000001e-25,1.3038516e-08,0.0,True
1993-08-09,93.31,18.2,20.742857,26.414288,13.914286,59.87143,3.2571428,2.3999999,4.0571427,5.214286,23.457144,1.834333e-05,0.0011154413,-7.345365000000001e-25,3.7252903e-09,0.0,True
1993-08-16,93.3,3.4,20.628572,26.5,14.042857,63.100002,3.3428571,2.385714,3.857143,4.885714,22.514286,0.00018104911,0.0010349974,-7.345365000000001e-25,5.5879354e-09,0.0,True
1993-08-23,93.28,1.0,20.300001,27.442858,14.114286,59.357143,3.1285713,1.5571429,3.542857,4.3,23.22857,1.6570091e-05,0.000951536,-7.345365000000001e-25,7.450581e-09,0.0,True
1993-08-30,93.27,1.2,15.257143,21.142857,8.5,59.100002,2.0285714,0.8857144,3.1142857,4.142857,18.257143,3.3020973e-05,0.0008801371,-7.345365000000001e-25,1.8626451e-09,0.0,True
1993-09-06,93.24,8.6,13.728572,19.442858,9.357142,71.17143,1.7142857,0.9857143,2.3428571,4.0857143,16.585714,7.767975e-05,0.00082380325,-7.345365000000001e-25,0.0,0.0,True
1993-09-13,93.24,55.5,15.257143,20.0,11.842857,84.38572,1.5142857,1.3285714,1.8142856,5.114286,17.0,0.0004197508,0.0007788539,-7.345365000000001e-25,1.3038516e-08,0.0,True
1993-09-20,93.23,4.6,14.871429,20.37143,9.914286,71.75715,1.8142859,1.6,2.3714287,6.1285715,15.671429,0.000103116035,0.0007421002,-7.345365000000001e-25,5.5879354e-09,0.0,True
1993-09-27,93.24,35.6,14.771429,18.97143,12.542857,84.34286,1.0571429,0.9285714,1.5285714,6.6285715,16.185715,0.002691865,0.0025642142,-7.345365000000001e-25,7.450581e-09,0.0,True
1993-10-04,93.26,30.5,12.028572,15.957144,8.357142,84.457146,0.78571427,0.7285714,1.1714286,8.057143,12.742857,0.00058050454,0.0017950907,-7.345365000000001e-25,9.313226e-09,0.0,True
1993-10-11,93.26,10.2,13.828572,18.328571,10.314286,82.814285,0.9857143,0.95714283,1.2571429,9.3,14.157143,0.00039746612,0.0006755963,-7.345365000000001e-25,9.313226e-09,0.0,True
1993-10-18,93.26,18.400002,10.0,13.528572,7.428571,80.84286,0.8285714,0.8285714,1.1285714,9.742857,10.6,0.00030442327,0.0006707907,-7.345365000000001e-25,5.5879354e-09,0.0,True
1993-10-25,93.26,13.2,6.057143,7.8857145,4.2428575,86.799995,0.4571429,0.4571429,0.6571428,10.0,6.9857144,0.00025984645,0.00067681074,-7.345365000000001e-25,1.8626451e-09,0.0,True
1993-11-01,93.26,0.0,4.285714,8.228572,1.0285715,85.114296,0.29999998,0.2714286,0.5428571,10.085714,5.0571427,1.4528632e-06,0.0006958395,1.5553974e-06,4.408881e-06,1.8537045e-05,True
1993-11-08,93.27,9.7,5.8285713,7.828572,3.4714284,91.64286,0.18571429,0.17142858,0.41428572,10.057143,5.5857143,0.00023763627,0.00071907043,4.405067e-06,1.4483929e-05,0.0,True
1993-11-15,93.27,13.9,5.7428575,8.985715,3.0142858,87.17143,0.5285714,0.5285714,0.5285714,10.2,5.714286,0.00032651424,0.0007454157,-7.345365000000001e-25,1.322478e-07,0.0,True
1993-11-22,93.28,0.2,-0.0142857,2.3857143,-1.5285715,71.17143,0.21428572,0.21428572,0.6857143,10.228572,0.8142857,6.2584877e-07,0.0007895082,6.11941e-05,2.630055e-06,0.00046351925,True
1993-11-29,93.26,0.3,-2.5142858,0.10000001,-5.1285715,80.34286,0.014285714,0.014285714,0.31428573,10.214286,-1.4285715,1.2367964e-06,0.00084940344,0.00043870154,5.2364543e-05,0.00021459535,True
1993-12-06,93.26,1.8000001,2.4142857,5.4714284,-1.3285713,86.52857,0.18571429,0.17142858,0.27142856,10.142858,-0.5857143,0.00011831522,0.0009050518,0.0003033763,0.0007653255,0.00016502663,True
1993-12-13,93.31,31.1,6.457143,9.1,3.2000003,83.21429,0.88571423,0.88571423,0.7428571,10.657143,3.5285714,0.0018159449,0.003505811,0.0003792899,0.0025265422,0.0026661195,True
1993-12-20,93.61,65.6,6.9857144,9.157143,4.0142856,86.07143,0.6571428,0.6571428,0.59999996,11.1285715,5.142857,0.005944781,0.01398854,4.2319298e-05,0.00027159788,2.7514994e-05,True
1993-12-27,93.9,15.8,3.2857146,5.6857142,1.6714287,84.542854,0.59999996,0.59999996,0.5857143,11.242857,2.9,0.0044254735,0.008169949,0.0016060726,0.0012144223,0.0063435845,True
1994-01-03,94.06,21.7,5.614286,7.9000006,2.7142856,84.457146,0.7,0.7,0.4857143,10.65,3.1,0.0014252663,0.012888618,0.0020764612,0.009853888,0.0049383715,True
1994-01-10,94.14,10.8,5.371429,7.4,3.2714286,87.27143,0.41428572,0.41428572,0.34285715,10.828571,4.1571426,0.0007689297,0.018901512,4.69344e-05,0.00045431033,0.0,True
1994-01-17,94.13,1.8,5.3,7.6714287,3.414286,83.37144,0.50000006,0.48571435,0.5857143,10.314285,4.1571426,0.00012951344,0.019243374,0.00020113445,3.8556755e-06,0.0016637333,True
1994-01-24,94.12,8.8,1.3142856,3.7428572,-1.5142858,88.28571,0.25714287,0.25714287,0.29999998,10.3,0.4,0.00036899745,0.017740466,0.0015913305,0.0023149382,0.0008216351,True
1994-01-31,94.15,9.0,5.4,8.457143,2.5857143,79.185715,1.0714285,1.0714285,0.87142855,10.5,4.0571427,0.0016366765,0.017705858,0.000107787906,0.00050517544,0.00042514876,True
1994-02-07,94.19,16.7,4.2428575,6.057143,2.142857,91.200005,0.3285714,0.3285714,0.41428572,10.514286,3.442857,0.00048033148,0.015675418,0.0007400853,0.0026737284,0.0027392805,True
1994-02-14,94.16,0.6,1.8142859,4.785714,-0.7,73.814285,0.40000004,0.40000004,0.8,10.3,2.2857144,9.381771e-05,0.015159659,0.0007149038,0.00047882833,0.0015178025,True
1994-02-21,94.09,3.8,-2.2857144,2.7714286,-6.728572,61.414288,0.27142859,0.25714287,0.8428572,10.1285715,-0.62857145,2.7567148e-06,0.014318801,0.0015259527,0.0001151301,0.004502464,True
1994-02-28,94.13,27.5,6.442857,10.828572,2.642857,87.25715,0.5857143,0.5857143,0.7,10.342857,3.0142858,0.00040708482,0.013199747,0.0015879074,0.007067241,0.0017810799,True
1994-03-07,94.14,11.2,7.8714285,12.014287,4.285714,77.442856,1.1999999,1.1857144,1.2428571,10.257143,7.4857144,0.00037502497,0.012123436,1.9584384e-06,1.5698373e-05,0.0,True
1994-03-14,94.21,13.900001,9.8714285,13.857142,5.971429,77.65715,1.2714285,1.2142857,1.3142859,9.857142,9.171429,0.0004883632,0.01126387,-7.345365000000001e-25,1.8626451e-09,0.0,True
1994-03-21,94.3,23.5,6.642857,9.7,3.6857145,78.457146,1.4,1.3857144,1.2571429,10.3,7.0142856,0.0009728968,0.011820108,2.0458585e-05,0.0001672823,0.00017054006,True
1994-03-28,94.33,8.1,9.957144,14.17143,5.8142858,73.51429,1.7285715,1.6571428,1.7428571,10.085714,9.857142,0.000265792,0.0103891045,1.7597561e-07,2.2109598e-06,0.0,True
1994-04-04,94.36,20.7,9.314286,14.057143,5.728572,75.41429,1.8,1.7142857,1.7571429,9.8,9.971429,0.0006057769,0.010213949,0.00011817614,0.0009771604,0.0019061789,True
1994-04-11,94.37,21.8,6.014286,10.757143,2.3285713,78.91429,1.4571428,1.4428571,1.5428572,10.2,7.8142858,0.000385046,0.0097191855,0.00020959263,0.00093600526,4.4703484e-07,True
1994-04-18,94.53,34.800003,7.9714284,12.042857,4.7571425,72.74286,1.5714285,1.4857142,1.8285714,10.614285,9.057143,0.0011422485,0.011682399,2.2138867e-07,3.6098063e-06,0.0,True
1994-04-25,94.5,5.7000003,13.085714,19.885714,5.585714,64.92857,2.3285716,2.0,2.8428571,9.557143,14.7,0.00018304586,0.010579392,-7.345365000000001e-25,0.0,0.0,True
1994-05-02,94.46,3.4,15.257143,21.142857,9.328572,66.72857,2.885714,2.2571428,3.2714286,8.771428,17.87143,4.336238e-05,0.009962589,-7.345365000000001e-25,3.7252903e-09,0.0,True
1994-05-09,94.47,29.699999,14.114286,18.957142,9.185715,69.057144,2.5285714,2.1285713,2.8714287,8.185715,15.942857,0.00044187903,0.009056263,-7.345365000000001e-25,7.450581e-09,0.0,True
1994-05-16,94.5,3.0,16.657145,22.442858,10.528572,66.17143,3.0714285,2.3714287,3.457143,7.7285714,18.357143,3.4734607e-05,0.008124776,-7.345365000000001e-25,3.7252903e-09,0.0,True
1994-05-23,94.52,39.1,15.114286,19.300001,11.3714285,80.6,2.2285714,1.9857142,2.442857,8.257143,17.814285,0.0021016821,0.007479571,-7.345365000000001e-25,1.1175871e-08,0.0,True
1994-05-30,94.48,25.199999,14.114286,18.514286,10.0,74.62858,2.3,2.0857143,2.7428572,8.928572,17.257143,0.0011576712,0.0066840798,-7.345365000000001e-25,3.7252903e-09,0.0,True
1994-06-06,94.4,10.2,15.8,21.442858,10.142858,66.0,3.257143,2.8142858,3.5571427,8.3,18.342857,0.00039619207,0.0061888397,-7.345365000000001e-25,7.450581e-09,0.0,True
1994-06-13,94.35,29.3,15.242858,20.328571,10.471429,71.64286,3.0285716,2.6285713,3.3428574,8.271428,18.171429,0.0013691187,0.005712278,-7.345365000000001e-25,0.0,0.0,True
1994-06-20,94.24,0.9,19.0,24.928572,12.342857,64.17143,3.642857,2.642857,4.042857,7.357143,21.414286,2.3156404e-05,0.005228162,-7.345365000000001e-25,7.450581e-09,0.0,True
1994-06-27,94.16,34.399998,22.800001,28.457144,16.714285,60.342857,4.6,2.6000001,5.357143,6.214286,25.528572,0.00011521578,0.0046696737,-7.345365000000001e-25,1.1175871e-08,0.0,True
1994-07-04,94.25,1.2,24.542858,30.442858,18.67143,70.64286,4.2571425,2.5571427,4.6857142,6.457143,27.542856,0.00010020286,0.004102662,-7.345365000000001e-25,1.4901161e-08,0.0,True
1994-07-11,94.18,0.8,20.985716,26.142857,14.971429,63.92857,3.8857143,2.3714283,4.457143,6.0571427,24.742857,0.0016344339,0.0036074743,-7.345365000000001e-25,1.1175871e-08,0.0,True
1994-07-18,94.19,13.2,23.628572,29.242859,17.9,69.35715,3.6857145,1.7714287,4.1714287,5.428571,26.5,0.00020854175,0.0031622723,-7.345365000000001e-25,1.1175871e-08,0.0,True
1994-07-25,94.19,27.7,22.9,28.728573,17.014286,67.72857,3.542857,2.1571429,4.0285716,5.6857142,25.557142,0.00021758676,0.0028180704,-7.345365000000001e-25,7.450581e-09,0.0,True
1994-08-01,94.17,2.2,25.057144,31.4,18.442858,63.642857,3.9857142,1.5857142,4.8285713,5.214286,27.885714,1.731515e-05,0.0024716258,-7.345365000000001e-25,1.1175871e-08,0.0,True
1994-08-08,94.2,42.9,24.085714,30.142857,18.285715,68.34286,3.5571427,1.3857143,4.2428575,5.0285716,27.142857,0.00012759864,0.0021594837,-7.345365000000001e-25,7.450581e-09,0.0,True
1994-08-15,94.19,29.6,18.071428,22.985716,13.985715,74.94286,2.7428572,2.0857143,2.957143,5.9142857,21.9,0.00015640259,0.0019319281,-7.345365000000001e-25,1.1175871e-08,0.0,True
1994-08-22,94.21,12.8,18.414286,23.814287,12.1285715,70.457146,2.614286,1.9571427,3.2285714,5.7285714,20.72857,0.00014816225,0.0017419457,-7.345365000000001e-25,9.313226e-09,0.0,True
1994-08-29,94.24,3.5,18.171429,23.285715,14.357142,75.65715,2.2714283,1.8000001,2.8285713,6.1,21.485714,0.00046683848,0.0015804097,-7.345365000000001e-25,7.450581e-09,0.0,True
1994-09-05,94.19,6.2,16.957144,22.571428,11.514287,71.98572,1.9142857,1.3857144,2.4857142,5.714286,19.37143,2.7000904e-05,0.0014431477,-7.345365000000001e-25,7.450581e-09,0.0,True
1994-09-12,94.31,48.1,15.957144,19.34286,13.257143,83.07143,1.5571429,1.5285714,1.6999999,6.957143,16.885714,0.0014545768,0.0013386533,-7.345365000000001e-25,1.1175871e-08,0.0,True
1994-09-19,94.31,27.3,12.571428,16.257143,10.457143,80.42857,1.3142859,1.2714285,1.6999999,8.585714,14.414286,0.0013296306,0.0024874732,-7.345365000000001e-25,3.7252903e-09,0.0,True
1994-09-26,94.26,6.5,16.442858,21.47143,11.257143,74.32857,1.3857143,1.2142857,2.1285713,8.728572,16.428572,1.680851e-05,0.0012112334,-7.345365000000001e-25,9.313226e-09,0.0,True
1994-10-03,94.21,3.3,14.6285715,19.528574,10.785714,80.97143,0.9571429,0.85714287,1.4714286,8.642858,16.4,4.6886504e-05,0.0011618882,-7.345365000000001e-25,3.7252903e-09,0.0,True
1994-10-10,94.17,1.5,6.328572,12.314285,1.1285715,76.57143,0.74285716,0.6571428,1.0428572,8.928572,9.071428,6.0871243e-06,0.001120694,-7.345365000000001e-25,0.0,0.0,True
1994-10-17,94.15,0.0,9.442857,17.1,3.9285715,76.8,0.8,0.59999996,1.1857144,8.771428,10.842857,1.2293458e-06,0.0010798275,-7.345365000000001e-25,3.7252903e-09,0.0,True
1994-10-24,94.14,5.6,8.842857,13.871429,4.071429,74.700005,0.7999999,0.6857143,1.0857142,8.528571,9.071428,7.985532e-05,0.0010418147,-7.345365000000001e-25,5.5879354e-09,0.0,True
1994-10-31,94.12,12.2,11.171428,13.871429,8.157143,81.48572,0.9714286,0.9285714,1.1999999,8.9,10.057143,0.0013232529,0.0010112226,-7.345365000000001e-25,1.4901161e-08,0.0,True
1994-11-07,94.08,1.1,9.7,14.685715,5.6714287,85.41429,0.50000006,0.44285718,0.6857143,9.357142,9.242857,7.1533024e-05,0.000985682,-7.345365000000001e-25,1.8626451e-09,0.0,True
1994-11-14,94.08,8.0,9.314286,11.642858,6.285714,90.91429,0.2857143,0.25714287,0.5285714,9.528571,9.214286,0.00018899888,0.0009687245,-7.345365000000001e-25,3.7252903e-09,0.0,True
1994-11-21,94.11,17.6,10.142858,12.414286,8.1285715,88.27143,0.55714285,0.54285717,0.7285714,10.014286,9.428572,0.00087304413,0.0009586215,-7.345365000000001e-25,5.5879354e-09,0.0,True
1994-11-28,94.09,13.1,7.9857144,10.414286,5.3857145,88.48572,0.18571429,0.18571429,0.41428572,10.142858,7.957143,0.0003914088,0.00096589327,-7.345365000000001e-25,0.0,0.0,True
1994-12-05,94.11,12.0,5.6857147,8.3714285,1.7857143,87.34286,0.25714284,0.25714284,0.4,10.257143,4.6,0.0004485622,0.0009943843,-7.345365000000001e-25,3.7252903e-09,0.0,True
1994-12-12,94.12,4.8,8.642858,10.857142,5.5285716,80.24286,0.64285713,0.62857145,0.8142857,10.314285,6.6714287,0.000769645,0.0010673106,-7.345365000000001e-25,7.450581e-09,0.0,True
1994-12-19,94.11,3.6,4.0285716,6.8714285,1.6,84.61428,0.3285714,0.3,0.4714286,10.114285,3.6571429,0.00012974441,0.0012331605,0.00023730595,0.00042588636,0.0006615594,True
1994-12-26,94.14,2.5,0.9857143,2.642857,-0.6857143,82.77143,0.15714286,0.15714286,0.55714285,10.171429,0.82857144,3.4466386e-05,0.0014161691,0.0005213703,0.00011255406,0.0027279444,True
1995-01-02,94.18,25.7,6.7999997,9.0,4.457143,81.51429,0.9,0.9,0.98571426,10.54,6.32,0.0019737259,0.0032181293,0.000752977,0.0030325875,0.0043408237,True
1995-01-09,94.15,10.6,-3.3142858,-0.9285714,-5.657143,83.18572,0.028571429,0.028571429,0.31428573,10.314285,-0.4857143,3.7133694e-05,0.002683729,0.0048277834,0.00075609796,0.007090647,True
1995-01-16,94.18,15.3,1.3142859,3.7285714,-0.8142857,82.65715,0.4142857,0.4,0.5285714,10.6,0.014285714,0.0010396093,0.004690036,0.0085340515,0.008402875,0.006225478,True
1995-01-23,94.32,33.8,4.2000003,7.2000003,0.9571429,82.65715,0.82857144,0.82857144,0.78571427,10.585714,1.7,0.0017301664,0.0068648458,0.0038467702,0.0077680387,0.00010070205,True
1995-01-30,94.74,57.3,6.514286,10.028572,3.1285713,81.042854,1.2428571,1.2428571,1.0428572,11.514286,5.214286,0.008338079,0.019554384,0.00061828183,0.0050642006,0.004994523,True
1995-02-06,94.73,4.9,5.328572,8.757143,0.7000001,83.21429,0.4857143,0.47142857,0.64285713,10.542857,3.6571429,0.00013238192,0.023973532,9.355091e-06,2.9213727e-05,5.2154064e-08,True
1995-02-13,94.67,9.7,6.8857145,10.3714285,3.0857143,79.58572,0.88571423,0.88571435,1.0428572,10.185715,6.142857,0.00040249527,0.021674827,-7.345365000000001e-25,5.289912e-07,3.6135316e-07,True
1995-02-20,94.66,13.299999,8.271429,10.900001,5.2000003,76.700005,1.1857144,1.1714286,1.2428571,10.428572,6.9428573,0.0011582673,0.019481689,-7.345365000000001e-25,3.7252903e-09,0.0,True
1995-02-27,94.64,16.2,4.728572,8.985715,1.9285715,78.442856,0.9857144,0.95714283,1.0571429,10.414286,5.2285714,0.00071825087,0.01718422,0.0015318621,0.005163159,0.006775953,True
1995-03-06,94.61,5.1000004,5.214286,9.557143,2.2142856,73.90001,1.2428571,1.2142859,1.3857143,10.1285715,5.3142858,0.00039726496,0.01599335,0.0007136095,0.00389833,0.0040801987,True
1995-03-13,94.56,1.1,5.785714,11.67143,0.4857143,65.1,1.4285715,1.2857143,1.7571428,9.857142,5.9714284,0.000116080046,0.014825121,0.00093532744,0.0030422267,0.0013799928,True
1995-03-20,94.6,32.600002,5.457143,9.2,2.6714287,77.21429,1.2857143,1.2714285,1.3714286,10.142858,5.8428574,0.0021553412,0.015376218,0.00014873913,0.00064192154,0.0010773428,True
1995-03-27,94.71,13.2,6.442857,12.1285715,1.6285714,71.42857,1.5571429,1.4857142,1.6857141,10.214286,7.7285714,0.00087068975,0.012833387,0.00027965932,0.0010942407,0.0014441386,True
1995-04-03,94.72,15.8,6.4000006,11.157144,2.0142858,75.1,1.6857141,1.6285714,1.8428571,10.2,6.785714,0.0006160885,0.012181878,0.0035254273,0.009910451,0.009741589,True
1995-04-10,94.67,4.4,9.7,13.957144,5.6285715,66.700005,1.8285714,1.5285714,2.2428572,9.485714,11.657143,0.00011070073,0.01159136,7.1071445e-06,2.7747825e-05,3.261119e-05,True
1995-04-17,94.65,16.3,8.985715,13.028572,4.2714286,67.74286,1.6999999,1.4428571,2.0285714,9.014286,10.328571,0.00033976138,0.010900289,1.5781039e-06,1.3485551e-05,0.0,True
1995-04-24,94.71,15.0,11.985715,16.528572,6.328572,72.22857,2.142857,1.9285715,2.3857143,9.757143,12.642858,0.0017237663,0.014075793,-7.345365000000001e-25,3.7252903e-09,0.0,True
1995-05-01,94.75,38.0,12.828572,17.77143,9.6,79.37144,1.9285715,1.7571429,2.2571428,9.585714,15.757143,0.0002876371,0.010174878,-7.345365000000001e-25,0.0,0.0,True
1995-05-08,94.71,1.6,17.071428,24.357143,8.8,56.957146,3.628571,2.8285716,4.0571427,8.8,19.514286,3.7133694e-05,0.009438947,-7.345365000000001e-25,0.0,0.0,True
1995-05-15,94.66,3.6000001,10.742857,15.514287,6.1857147,64.071434,2.4142857,1.8285714,3.0714285,8.0,15.1285715,0.00015158951,0.008467808,-7.345365000000001e-25,3.7252903e-09,0.0,True
1995-05-22,94.58,25.0,11.114286,15.685715,6.157143,77.51429,2.2000003,1.9714285,2.3428571,8.828571,14.6,0.0005894974,0.0076155886,-7.345365000000001e-25,3.7252903e-09,0.0,True
1995-05-29,94.53,30.0,18.800001,24.185715,12.342857,68.91429,3.0714285,2.614286,3.5,8.728572,20.814285,0.0017705038,0.0067751408,-7.345365000000001e-25,3.7252903e-09,0.0,True
1995-06-05,94.54,29.2,14.428572,18.057144,11.785714,81.72858,1.8571428,1.8000001,2.3,9.828571,17.285715,0.00030988455,0.006184593,-7.345365000000001e-25,1.1175871e-08,0.0,True
1995-06-12,94.5,9.8,14.042857,18.642857,9.342857,68.957146,2.2714286,2.0857143,3.1000001,9.528571,17.77143,9.685755e-05,0.005706355,-7.345365000000001e-25,0.0,0.0,True
1995-06-19,94.5,29.1,15.014287,18.857143,11.542857,80.6,2.2,2.085714,2.3142858,9.614285,17.12857,0.00024451315,0.0052623674,-7.345365000000001e-25,7.450581e-09,0.0,True
1995-06-26,94.47,8.3,18.557144,23.742859,13.085715,67.91429,3.3285716,2.6857142,3.9857142,8.9,21.085714,4.2438507e-05,0.00480897,-7.345365000000001e-25,1.1175871e-08,0.0,True
1995-07-03,94.41,6.2,22.642857,28.4,15.757143,59.87143,4.4,3.1285713,5.2285714,7.5857143,24.985714,0.00010254979,0.004280396,-7.345365000000001e-25,1.1175871e-08,0.0,True
1995-07-10,94.35,1.0,21.928572,28.357143,14.300001,62.25714,4.085714,2.4,4.6285715,6.785714,25.114286,3.5241246e-05,0.0037890822,-7.345365000000001e-25,7.450581e-09,0.0,True
1995-07-17,94.46,69.2,21.985716,28.37143,17.828571,73.14286,3.7142856,2.6285713,4.1285715,6.5142856,26.1,0.00016951561,0.0032984167,-7.345365000000001e-25,1.1175871e-08,0.0,True
1995-07-24,94.44,19.6,22.528574,28.699999,16.542858,68.34286,3.7857144,2.6,4.4,7.0571427,25.557142,0.0010198802,0.002902761,-7.345365000000001e-25,1.1175871e-08,0.0,True
1995-07-31,94.42,21.7,22.457144,28.385714,16.485714,67.1,3.7285714,2.785714,4.4714284,7.428571,25.142857,9.924173e-05,0.0025546625,-7.345365000000001e-25,1.1175871e-08,0.0,True
1995-08-07,94.36,19.5,23.4,29.728573,16.414286,58.014286,3.9999998,2.2857141,4.928571,6.428571,26.185715,2.2783875e-05,0.0022245795,-7.345365000000001e-25,5.5879354e-09,0.0,True
1995-08-14,94.38,18.1,20.828571,26.585714,14.800001,63.44286,3.0142858,1.6857144,3.742857,6.1857142,23.342857,0.00014553964,0.001957655,-7.345365000000001e-25,7.450581e-09,0.0,True
1995-08-21,94.37,7.8,21.185715,27.014286,15.485715,65.72857,3.0714283,1.7857143,4.0,6.1857142,23.442858,4.3809414e-05,0.0017315596,-7.345365000000001e-25,3.7252903e-09,0.0,True
1995-08-28,94.35,22.3,18.4,22.885714,15.571428,79.814285,2.1285715,1.6857144,2.4285715,6.457143,20.9,0.00019733608,0.0015475228,-7.345365000000001e-25,7.450581e-09,0.0,True
1995-09-04,94.43,26.5,13.285714,16.7,10.7,81.314285,1.4857142,1.3714285,1.6857144,7.5142856,15.414286,0.00020124018,0.0014272183,-7.345365000000001e-25,7.450581e-09,0.0,True
1995-09-11,94.46,13.1,15.685715,20.800001,11.514285,77.72858,1.6714284,1.5142857,2.2285714,7.6714287,16.7,0.00024153292,0.001323022,-7.345365000000001e-25,1.1175871e-08,0.0,True
1995-09-18,94.5,25.3,14.985715,20.128572,10.885715,80.61428,1.3285714,1.2285713,1.9,8.5,16.62857,0.00046633184,0.0012329295,-7.345365000000001e-25,0.0,0.0,True
1995-09-25,94.59,44.2,13.157143,17.342857,10.328572,84.94286,0.9285714,0.8714286,1.3857143,9.7,14.785714,0.0037464052,0.0028857365,-7.345365000000001e-25,7.450581e-09,0.0,True
1995-10-02,94.59,16.7,11.957144,15.842857,8.057143,78.700005,1.0571429,1.0142858,1.4571428,9.985714,12.2,0.0005362779,0.0011271983,-7.345365000000001e-25,9.313226e-09,0.0,True
1995-10-09,94.61,19.5,15.242858,20.428572,11.285714,88.72858,0.94285715,0.90000004,1.1857144,10.257143,16.042856,0.00013197958,0.001101628,-7.345365000000001e-25,3.7252903e-09,0.0,True
1995-10-16,94.57,0.1,15.142858,18.300001,12.328572,88.75714,0.4714286,0.42857143,0.9285714,9.885715,15.585714,6.392598e-06,0.0010783225,-7.345365000000001e-25,3.7252903e-09,0.0,True
1995-10-23,94.51,4.3,10.514285,15.77143,6.5285716,82.0,0.67142856,0.55714285,0.9714286,9.6285715,11.8714285,2.8163195e-05,0.0010590702,-7.345365000000001e-25,3.7252903e-09,0.0,True
1995-10-30,94.5,21.6,11.985715,16.2,8.271429,90.24286,0.4857143,0.44285718,0.67142856,9.642858,11.885715,0.00026778877,0.0010406375,-7.345365000000001e-25,1.8626451e-09,0.0,True
1995-11-06,94.56,16.6,4.157143,8.328572,1.0714285,80.21429,0.5285714,0.5285714,0.6857143,10.214286,5.957143,0.00044896454,0.0010283887,2.2133192e-05,3.522262e-06,6.7103654e-05,True
1995-11-13,94.61,4.0,5.457143,9.157143,2.0285714,86.814285,0.2857143,0.25714284,0.4714286,10.1,4.8428574,8.878112e-05,0.0010238588,0.00078435737,0.0028331876,0.002775129,True
1995-11-20,94.63,28.4,5.7714286,8.900001,3.242857,84.32857,0.51428574,0.5,0.55714285,10.557143,5.6,0.0008694604,0.0014290735,0.00021125589,0.0005387999,0.0009989068,True
1995-11-27,94.62,0.1,2.8285716,6.3428574,-0.50000006,85.75714,0.20000002,0.18571429,0.31428573,10.257143,2.3857143,1.232326e-05,0.0010806471,0.00023878756,0.00044821016,0.0,True
1995-12-04,94.59,1.8,2.6571429,3.8142858,1.0285715,86.6,0.15714286,0.15714286,0.44285718,10.157143,2.0,5.0209463e-05,0.0011433885,3.661996e-05,4.282035e-05,2.8662384e-05,True
1995-12-11,94.55,0.2,-0.9142857,0.90000004,-3.2285714,82.98572,0.028571429,0.028571429,0.3857143,10.1,-0.24285714,4.172325e-06,0.0011988357,0.000181516,9.3707815e-05,0.00023586676,True
1995-12-18,94.5,1.0,0.95714283,2.4428573,-0.7714286,80.65715,0.12857144,0.10000001,0.5857143,10.057143,-0.24285714,6.28978e-05,0.0012455285,0.0015659843,0.0009869374,0.0024609268,True
1995-12-25,94.61,52.3,4.928571,7.1857142,2.9428573,91.3,0.29999998,0.29999998,0.47142857,11.071428,1.7714286,0.0026074573,0.005364172,0.002113365,0.005919371,0.008160401,True
1996-01-01,94.59,3.3,-2.2571428,0.3285714,-4.7571425,79.15714,0.016666668,0.016666668,0.25714284,10.683333,-0.85,7.349253e-05,0.0021270812,0.004920023,0.0007940829,0.0026761815,True
1996-01-08,94.63,1.4,-0.65714294,1.7142857,-3.6714287,84.62858,0.042857144,0.042857144,0.22857143,10.3,-1.3,0.00012410432,0.0027091876,0.0056014573,0.004040554,0.0001546517,True
1996-01-15,94.56,0.1,1.8142859,4.571429,-0.18571432,91.51428,0.17142858,0.17142858,0.2,10.242857,0.071428575,8.660555e-05,0.0030492842,0.0014470248,0.002180202,3.5315752e-05,True
1996-01-22,94.53,0.0,-0.6714286,0.4571429,-1.8714286,82.40001,0.028571429,0.014285714,0.4857143,10.185715,-0.71428573,4.053116e-06,0.0032819659,0.00058018026,0.00015258975,6.3274056e-05,True
1996-01-29,94.5,1.1,-1.6000001,0.10000002,-3.5857143,72.6,0.014285714,0.014285714,0.71428573,10.157143,-1.8,1.0982156e-05,0.0034240931,0.0015423639,1.896359e-05,0.0022068322,True
1996-02-05,94.48,4.2,-1.3571428,2.3428571,-4.6857142,73.41429,0.20000002,0.17142858,0.5714286,10.142858,-1.2428571,1.2867153e-05,0.0034837872,0.004111801,0.00039539114,0.005247798,True
1996-02-12,94.49,12.6,-0.4571429,2.2142856,-3.4428573,78.71429,0.21428572,0.21428572,0.64285713,10.242857,-1.6857142,0.00040625036,0.0034931526,0.005718214,0.0051374305,0.0031115785,True
1996-02-19,94.66,35.9,2.5,4.6571426,1.1285714,84.314285,0.54285717,0.5285715,0.71428573,10.8,0.2857143,0.0014534295,0.0052603483,0.0072340854,0.012536388,0.011570178,True
1996-02-26,94.65,3.9,0.071428575,4.4714284,-3.6285713,73.90001,0.47142857,0.44285712,0.90000004,10.485714,0.2,0.0002303049,0.0048335195,0.009363464,0.007882288,0.010078721,True
1996-03-04,94.65,0.0,2.3857143,8.642858,-2.3999999,70.85714,0.8142857,0.71428573,1.1,9.857142,2.2142856,9.43616e-05,0.0057693273,0.0015895594,0.0032966137,0.00080553815,True
1996-03-11,94.6,7.5000005,2.4857142,6.6285715,-0.9142858,66.88572,1.0,0.8285714,1.3857143,9.571428,2.1857142,8.649379e-05,0.006102264,0.0015336559,0.0030122139,0.0032448024,True
1996-03-18,94.56,0.3,3.2142856,8.1,-1.5,66.02857,0.8,0.64285713,1.4,9.185715,3.3857143,3.232062e-05,0.0060828775,0.00079107285,0.0013026092,0.0006489195,True
1996-03-25,94.58,18.6,9.342857,14.300001,5.0,74.314285,1.1571428,1.042857,1.5142858,9.057143,9.385715,0.0001642406,0.005951613,1.2721334e-05,7.831864e-05,0.0,True
1996-04-01,94.54,5.9,3.6285717,8.5,0.47142854,67.37143,1.457143,1.3,1.6428572,9.057143,6.7285714,0.00012914836,0.0057566315,0.00059860095,0.0009127762,0.002136115,True
1996-04-08,94.51,2.3999999,6.285714,11.385715,1.3000001,71.64286,1.4285715,1.1714286,1.8285714,8.771428,7.7,7.417798e-05,0.005507171,0.000672857,0.0022909753,0.0014081933,True
1996-04-15,94.49,1.5,7.971429,13.5,2.1142857,62.885715,1.7142857,1.3571428,2.2,8.4,10.4,3.6224723e-05,0.0052025095,1.7256964e-06,1.3053417e-05,1.1101365e-06,True
1996-04-22,94.47,0.0,14.985715,23.585714,4.9714284,48.357143,3.3571427,2.3857143,3.6714287,7.5285716,15.742857,2.3841858e-07,0.0048222616,-7.345365000000001e-25,6.146729e-08,0.0,True
1996-04-29,94.45,9.4,13.942858,19.857143,8.67143,64.52857,2.6714287,1.9571428,3.042857,6.714286,16.528572,7.675588e-05,0.0043845624,-7.345365000000001e-25,3.7252903e-09,0.0,True
1996-05-06,94.46,17.1,11.742857,16.97143,6.1857142,70.442856,2.3285716,1.8142856,2.6714287,6.7714286,15.028571,0.00024113059,0.003977284,-7.345365000000001e-25,0.0,0.0,True
1996-05-13,94.46,4.9,10.571428,13.485715,7.957143,76.85714,1.3714285,1.0857143,1.9428571,6.8142858,12.342857,0.0001476258,0.0036333129,-7.345365000000001e-25,7.450581e-09,0.0,True
1996-05-20,94.49,41.2,13.014285,17.714285,9.542857,83.957146,1.8000001,1.6714286,2.1142857,7.3714285,15.214286,0.0003811717,0.0033621043,-7.345365000000001e-25,1.1175871e-08,0.0,True
1996-05-27,94.46,20.1,14.414286,18.557144,10.057143,76.38572,2.5714285,2.3857143,2.7,8.0,16.471428,0.00034730136,0.003096372,-7.345365000000001e-25,1.1175871e-08,0.0,True
1996-06-03,94.41,16.900002,16.428572,22.085714,10.242858,68.5,2.9285717,2.3999999,3.5857143,8.028571,19.028572,0.0005310774,0.0028477982,-7.345365000000001e-25,0.0,0.0,True
1996-06-10,94.39,21.1,22.300001,28.84286,14.457144,65.72857,4.1714287,3.0714285,5.1571426,7.4714284,24.87143,5.8218837e-05,0.0026047602,-7.345365000000001e-25,7.450581e-09,0.0,True
1996-06-17,94.24,0.0,19.185715,25.0,11.971429,58.47143,4.3571424,2.4571426,5.042857,6.5571427,24.242857,5.364418e-06,0.0023458973,-7.345365000000001e-25,0.0,0.0,True
1996-06-24,94.18,14.3,14.6285715,18.828571,10.985715,70.42857,2.542857,1.5714285,3.0571427,6.1714287,18.657143,0.00010660291,0.0021077245,-7.345365000000001e-25,3.7252903e-09,0.0,True
1996-07-01,94.11,4.8,16.214285,21.428572,11.400001,70.85714,2.7571428,1.9857142,3.1285713,5.9714284,19.1,0.0002156645,0.00193201,-7.345365000000001e-25,7.450581e-09,0.0,True
1996-07-08,94.07,33.9,16.457144,20.9,12.457144,73.17143,2.757143,2.2857141,3.0857143,6.142857,18.742857,0.0057953894,0.0017788187,-7.345365000000001e-25,1.4901161e-08,0.0,True
1996-07-15,94.24,30.300001,18.9,24.571428,12.900001,73.11429,3.1857142,2.6142857,3.7428572,8.057143,21.2,0.00030064583,0.0016644746,-7.345365000000001e-25,1.1175871e-08,0.0,True
1996-07-22,94.21,0.0,17.957144,23.828571,9.771429,54.728573,3.9142854,2.4428573,4.957143,7.0,22.642857,8.940697e-08,0.0015425086,-7.345365000000001e-25,0.0,0.0,True
1996-07-29,94.17,35.2,19.142857,25.814287,13.414286,75.48572,3.0142856,2.3857143,3.5,6.7285714,22.414286,0.00013571978,0.0014190301,-7.345365000000001e-25,1.4901161e-08,0.0,True
1996-08-05,94.14,0.2,20.228573,26.100002,13.914286,61.142857,3.4142857,2.2571428,4.4142857,6.114286,23.285715,5.1766634e-05,0.0013094768,-7.345365000000001e-25,7.450581e-09,0.0,True
1996-08-12,94.12,26.7,19.557144,25.34286,14.714286,73.4,2.642857,1.9857143,3.2428572,6.071429,22.471428,0.00017341971,0.0012014657,-7.345365000000001e-25,7.450581e-09,0.0,True
1996-08-19,94.11,8.1,19.0,24.600002,14.314286,73.542854,2.5,1.8999999,3.2142856,6.9,20.957144,4.0754676e-05,0.001119405,-7.345365000000001e-25,1.1175871e-08,0.0,True
1996-08-26,94.07,2.1,19.800001,25.585714,15.342857,72.0,2.4142857,1.7142857,3.2142856,6.1857142,22.485714,0.00021374226,0.0010372251,-7.345365000000001e-25,5.5879354e-09,0.0,True
1996-09-02,94.05,27.199999,15.414286,20.185715,11.685715,72.35714,1.8714286,1.5714285,2.4714284,6.714286,17.8,0.00020895898,0.0009735003,-7.345365000000001e-25,9.313226e-09,0.0,True
1996-09-09,94.04,0.1,14.6285715,21.085714,8.985715,66.0,1.9857142,1.3571428,2.957143,6.3714285,17.4,6.4969063e-06,0.00091449916,-7.345365000000001e-25,7.450581e-09,0.0,True
1996-09-16,94.01,19.0,12.214286,16.257143,8.6,79.12858,1.1142857,0.84285706,1.5,6.214286,14.342857,0.000114396214,0.00086274743,-7.345365000000001e-25,1.8626451e-09,0.0,True
1996-09-23,94.0,8.0,11.571428,15.185715,8.414286,79.0,1.0142858,0.7428571,1.6428572,6.5857143,12.971429,9.641796e-05,0.0008202791,-7.345365000000001e-25,3.7252903e-09,0.0,True
1996-09-30,93.97,2.3,13.028572,18.300001,9.071428,78.41429,0.9285715,0.6999999,1.6571429,7.214286,13.071428,9.930134e-05,0.00078419596,-7.345365000000001e-25,5.5879354e-09,0.0,True
1996-10-07,93.95,4.5,10.228571,15.542857,5.5142856,83.1,0.74285716,0.62857145,1.1857144,7.6571426,11.714286,0.00010560453,0.0007511154,-7.345365000000001e-25,5.5879354e-09,0.0,True
1996-10-14,93.94,0.0,11.842857,17.128572,7.8,83.52857,0.61428577,0.45714286,1.0,7.6714287,12.328571,9.641051e-06,0.00072290003,-7.345365000000001e-25,0.0,0.0,True
1996-10-21,94.0,75.1,10.328572,14.042857,6.957143,89.42857,0.64285713,0.64285713,0.71428573,9.314285,11.057143,0.0014808029,0.0012454093,-7.345365000000001e-25,7.450581e-09,0.0,True
1996-10-28,94.11,6.3999996,9.942858,15.085715,5.3428574,79.971436,0.7571429,0.71428573,0.9142857,10.057143,9.814285,0.00012390316,0.0006815046,-7.345365000000001e-25,5.5879354e-09,0.0,True
1996-11-04,94.16,5.3999996,10.914286,14.414286,8.342857,76.1,0.88571423,0.81428576,1.3285714,9.8714285,9.885715,0.00026483834,0.00067097694,-7.345365000000001e-25,7.450581e-09,0.0,True
1996-11-11,94.21,20.6,9.014285,12.114286,6.1857142,83.04286,0.65714294,0.62857145,0.8428572,10.114285,8.257143,0.00047449768,0.0006656274,-7.345365000000001e-25,7.450581e-09,0.0,True
1996-11-18,94.28,65.9,5.2428575,7.1714287,3.5857143,87.88572,0.24285714,0.22857144,0.5,10.7,5.757143,0.001224786,0.00219962,0.0002586728,0.00015227869,0.0077186413,True
1996-11-25,94.41,9.3,2.7285714,5.457143,0.14285715,85.34286,0.45714283,0.44285712,0.5,10.657143,2.5,0.00074885786,0.0009903982,0.0035023803,0.011659866,0.007420156,True
1996-12-02,94.54,12.7,3.6857145,5.6,2.1000001,83.75715,0.3857143,0.3857143,0.5285714,10.542857,2.2,0.00069823116,0.0009987056,0.0046508824,0.011471577,0.010336202,True
1996-12-09,94.54,0.8,2.8999999,4.928571,1.1285714,83.971436,0.17142858,0.17142858,0.45714286,10.357142,1.9714285,8.188188e-05,0.0013688281,0.00067809084,0.0019581094,1.8626451e-07,True
1996-12-16,94.53,9.0,0.7571429,2.6000001,-1.5428572,88.814285,0.10000001,0.10000001,0.3285714,10.3,0.042857144,0.00010971725,0.0017570183,0.00062767096,0.00039414875,0.00097518787,True
1996-12-23,94.5,22.3,2.4428573,4.571429,0.4,83.91429,0.08571429,0.08571429,0.47142857,10.6,0.7285714,0.00047565997,0.002058573,0.0010426725,0.0007392578,0.007903703,True
1996-12-30,94.47,8.9,-7.714286,-4.7571425,-11.028571,72.65714,0.0,0.0,0.27142859,10.485714,-2.7857144,5.2154064e-08,0.0024230778,0.008138157,0.0,0.0059260465,True
1997-01-06,94.46,10.3,-7.157143,-4.828572,-10.2,83.38572,0.0,0.0,0.27142859,10.4,-1.0,2.9802322e-08,0.0027381405,0.016410634,0.0,0.010006111,True
1997-01-13,94.41,0.0,-5.142857,-2.7285714,-7.4428573,83.542854,0.0,0.0,0.24285714,10.3,-0.12857144,0.0,0.0029332638,0.0220685,0.0,0.0001417175,True
1997-01-20,94.37,15.3,-5.4857144,-1.9714286,-9.657143,91.957146,0.028571429,0.042857144,0.15714286,10.3714285,-0.057142857,0.00062043965,0.0030297935,0.019805307,0.009926567,8.195639e-08,True
1997-01-27,94.5,4.0,2.3285716,4.1,0.42857146,92.65715,0.12857144,0.12857144,0.31428573,10.357142,0.1,0.00077684224,0.0035090894,0.0051137493,0.011540238,0.0006490424,True
1997-02-03,94.61,0.1,1.0428572,3.414286,-0.82857144,82.72858,0.25714287,0.22857143,0.45714286,10.242857,0.057142857,3.760308e-05,0.0038979203,0.001681975,0.0012860075,0.00035669282,True
1997-02-10,94.62,6.0999994,4.5,9.114286,0.35714284,78.11428,0.7,0.7,0.78571427,10.242857,1.6714286,0.00026006252,0.0043355897,0.00046659083,0.0014078841,0.00020579249,True
1997-02-17,94.64,20.8,5.7000003,9.214286,2.2714286,77.77143,1.0857142,1.0714285,0.9714286,10.528571,4.642857,0.0024226904,0.0075930357,5.7492936e-05,0.00015771575,0.00018336624,True
1997-02-24,94.67,8.2,8.6,11.728572,4.8142858,72.72858,1.4,1.3285714,1.4857142,10.314285,6.428571,0.0013343543,0.0071873665,6.2726795e-06,5.7268888e-05,1.5683472e-06,True
1997-03-03,94.69,24.4,9.342857,14.442857,5.871429,74.3,1.5714285,1.5285714,1.5571429,10.671429,8.657143,0.0044420213,0.016087532,-7.345365000000001e-25,7.450581e-09,0.0,True
1997-03-10,94.7,1.0,8.8714285,15.028572,3.7,75.88572,1.0714285,0.9857143,1.3142856,10.1,9.2,0.00092571974,0.013512805,-7.345365000000001e-25,0.0,0.0,True
1997-03-17,94.67,2.1,10.042857,15.271429,5.6857142,75.65715,1.1428572,0.9857144,1.4857142,9.557143,9.785714,6.882101e-05,0.0130356625,-7.345365000000001e-25,5.5879354e-09,0.0,True
1997-03-24,94.66,14.5,6.2571435,10.528572,2.357143,76.78571,1.0714285,1.0142857,1.3571428,9.5,7.285714,0.00021154433,0.012184612,8.751097e-05,0.00030646287,0.00034661964,True
1997-03-31,94.66,7.6000004,8.885715,13.857142,5.4428573,73.22858,1.6000001,1.4714288,1.9142857,9.442857,9.6285715,0.00018264353,0.011119731,5.4836273e-06,3.830716e-05,0.0,True
1997-04-07,94.62,10.9,8.314286,14.785714,2.8,61.4,2.1142857,1.8000001,2.3428571,8.942857,10.357142,0.00021764636,0.009975754,6.605898e-05,0.0006253682,0.00066711754,True
1997-04-14,94.61,0.1,8.67143,14.957144,0.47142857,55.8,2.0857143,1.6,2.3857143,8.4,10.685715,2.4020672e-05,0.008863397,1.0989961e-05,5.3254887e-05,5.9232116e-07,True
1997-04-21,94.57,0.1,7.2428575,12.528571,1.2428571,54.028572,2.3142858,1.6428572,2.7714286,7.6714287,10.942857,3.312528e-05,0.007848844,-7.345365000000001e-25,6.3329935e-07,5.699694e-07,True
1997-04-28,94.54,9.6,11.157143,16.914286,4.457143,64.685715,2.2571428,1.6857144,2.5285716,7.0857143,12.957143,0.00018712878,0.0068924427,-7.345365000000001e-25,1.8626451e-08,0.0,True
1997-05-05,94.57,23.6,14.528572,20.300001,9.157143,69.91429,2.7142856,2.1571429,2.9285715,7.071429,16.085714,0.00029720366,0.006088726,-7.345365000000001e-25,7.450581e-09,0.0,True
1997-05-12,94.52,28.2,11.300001,16.214285,7.3285713,71.84286,2.457143,2.1285715,2.4428573,7.285714,13.714286,0.00048547238,0.005402766,-7.345365000000001e-25,0.0,0.0,True
1997-05-19,94.48,7.2999997,19.27143,25.814287,12.028572,69.4,3.2571428,2.2714286,3.8285713,6.8,21.328571,0.00016464293,0.0048154667,-7.345365000000001e-25,7.450581e-09,0.0,True
1997-05-26,94.42,9.9,14.114286,19.457144,8.971429,62.2,2.9571426,2.1571426,3.5571427,6.6571426,17.742857,0.0005276352,0.0043117553,-7.345365000000001e-25,3.7252903e-09,0.0,True
1997-06-02,94.36,0.0,14.357142,19.328571,8.0,53.0,3.7714286,1.6714286,4.3285713,5.8142858,18.4,1.3634562e-06,0.003839828,-7.345365000000001e-25,0.0,0.0,True
1997-06-09,94.29,8.1,19.928572,25.614286,13.442858,58.214287,3.7571428,1.4285715,4.5142856,5.571429,22.042856,9.854883e-05,0.0033875257,-7.345365000000001e-25,3.7252903e-09,0.0,True
1997-06-16,94.22,13.299999,19.885715,24.942858,14.471429,64.77143,3.6142857,2.2714286,3.9857142,5.857143,22.785715,0.00018055737,0.0029759482,-7.345365000000001e-25,3.7252903e-09,0.0,True
1997-06-23,94.17,27.0,15.17143,19.4,11.828572,75.22858,2.542857,2.2714286,2.6857142,6.614286,18.442858,0.0018678159,0.0026662499,-7.345365000000001e-25,1.4901161e-08,0.0,True
1997-06-30,94.15,25.7,16.042858,20.67143,12.342857,76.25715,2.6571426,2.4714284,2.9285715,7.6714287,19.042856,0.00077959895,0.0024353042,-7.345365000000001e-25,1.1175871e-08,0.0,True
1997-07-07,94.13,13.700001,16.942858,22.071428,12.857142,75.64286,2.6142857,2.3714287,3.1285713,8.271428,20.157143,0.001635097,0.0022492409,-7.345365000000001e-25,7.450581e-09,0.0,True
1997-07-14,94.13,11.3,20.528574,26.814285,13.657144,64.814285,3.4714286,2.7142856,4.3857145,7.571429,23.928572,0.00016012043,0.0020750165,-7.345365000000001e-25,1.1175871e-08,0.0,True
1997-07-21,94.14,39.7,17.985714,22.914288,13.757143,78.64286,2.4714284,2.142857,2.8428571,7.757143,21.642857,0.0006259978,0.0019154921,-7.345365000000001e-25,7.450581e-09,0.0,True
1997-07-28,94.1,11.6,19.942858,25.742859,14.442858,69.75715,3.1857145,2.714286,3.8285713,8.271428,22.985714,0.00016094744,0.0017920211,-7.345365000000001e-25,7.450581e-09,0.0,True
1997-08-04,94.05,7.9,19.585714,25.214285,14.2,71.15714,2.585714,1.9571428,3.3142858,7.742857,22.671429,8.767843e-05,0.0016648248,-7.345365000000001e-25,7.450581e-09,0.0,True
1997-08-11,94.03,1.1,23.357143,30.128572,16.628572,56.67143,3.9142857,2.5285714,5.2714286,6.757143,25.414286,1.0624528e-05,0.0015364364,-7.345365000000001e-25,7.450581e-09,0.0,True
1997-08-18,94.0,20.7,22.457142,29.814285,16.057142,63.500004,3.3428571,1.5285715,4.3142858,5.857143,25.4,4.9479306e-05,0.0013860613,-7.345365000000001e-25,3.7252903e-09,0.0,True
1997-08-25,93.96,1.5,23.228573,30.800001,16.6,64.51429,2.842857,0.95714283,3.8428571,5.5,25.314285,2.1882355e-05,0.0012574717,-7.345365000000001e-25,5.5879354e-09,0.0,True
1997-09-01,93.97,18.9,19.714285,25.157145,15.17143,76.48572,2.1571429,1.4142857,2.7142856,5.785714,22.185715,0.0001540482,0.0011538416,-7.345365000000001e-25,5.5879354e-09,0.0,True
1997-09-08,94.0,11.8,18.614286,23.885715,14.285715,75.057144,1.7857143,1.2285713,2.4285715,5.571429,21.214285,0.00015240908,0.0010738671,-7.345365000000001e-25,9.313226e-09,0.0,True
1997-09-15,94.0,8.6,14.414286,21.328571,8.585714,66.25715,2.0142856,1.3428571,2.6285713,5.385714,17.614286,0.0001309514,0.0009977669,-7.345365000000001e-25,5.5879354e-09,0.0,True
1997-09-22,94.01,0.1,14.557143,22.67143,7.728572,66.54286,1.7857141,0.88571423,2.5142858,5.214286,17.257143,1.66893e-06,0.00092846155,-7.345365000000001e-25,1.8626451e-09,0.0,True
1997-09-29,94.01,0.0,14.17143,23.2,7.0,67.9,1.4571428,0.3857143,2.2714286,4.928571,16.257143,1.4901161e-08,0.00086254627,-7.345365000000001e-25,1.8626451e-09,0.0,True
1997-10-06,94.02,0.2,14.071428,21.185715,8.4,70.6,1.1571428,0.4714286,1.8000001,4.7285714,15.442857,2.1085143e-05,0.0008086562,-7.345365000000001e-25,7.450581e-09,0.0,True
1997-10-13,94.14,47.4,14.442858,18.457142,11.985715,76.91429,1.3428572,1.0857142,1.7857143,5.714286,14.657143,0.0008223206,0.0007636398,-7.345365000000001e-25,1.3038516e-08,0.0,True
1997-10-20,94.16,10.8,8.357142,11.914286,5.557143,86.828575,0.4857143,0.42857143,0.74285716,7.214286,9.9,5.954504e-05,0.0007324666,-7.345365000000001e-25,3.7252903e-09,0.0,True
1997-10-27,94.14,0.1,4.8285713,9.257143,1.2142857,73.74286,0.55714285,0.44285718,0.82857144,7.2714286,6.5285716,5.8710575e-06,0.0007056594,-7.345365000000001e-25,0.0,0.0,True
1997-11-03,94.12,0.0,2.5714285,8.914286,-2.2857144,70.27143,0.5714286,0.42857143,0.88571423,7.0142856,3.6571429,1.3411045e-07,0.00068134815,-7.345365000000001e-25,7.4505806e-08,1.937151e-07,True
1997-11-10,94.16,32.8,8.8714285,11.857142,5.871429,82.25714,0.5714286,0.5714286,0.7571429,7.8,7.0857143,0.0005838126,0.0006611198,-7.345365000000001e-25,1.2852252e-07,3.7252903e-09,True
1997-11-17,94.21,19.2,6.4428573,8.942858,3.4285715,87.41429,0.25714284,0.24285714,0.42857143,8.842857,6.4428573,0.00030469894,0.0006473139,-7.345365000000001e-25,0.0,0.0,True
1997-11-24,94.24,6.5,2.5428574,5.2571435,0.20000003,85.44286,0.24285714,0.21428573,0.3857143,9.171429,2.8285713,0.00012922287,0.0006394312,1.795519e-05,6.582588e-05,7.31349e-05,True
1997-12-01,94.2,9.7,5.0,7.7285714,2.5000002,86.471436,0.27142856,0.25714284,0.37142855,9.3,4.385714,0.00017937273,0.00063462555,3.6103386e-06,9.646639e-06,0.0,True
1997-12-08,94.25,6.2,0.9571429,3.0714285,-0.9285714,85.61428,0.14285715,0.12857144,0.3285714,9.714286,0.7714286,4.851818e-05,0.0006323457,0.006491973,0.0024053901,0.009166528,True
1997-12-15,94.31,23.4,6.557143,8.6,4.4285717,81.28571,0.45714286,0.44285712,0.7285714,10.314285,4.642857,0.0011808425,0.0020748973,0.0008915265,0.0066392124,0.00019204617,True
1997-12-22,94.34,21.7,0.88571435,2.4142857,-0.9142858,86.34286,0.08571429,0.08571429,0.3857143,10.542857,-0.014285714,0.00053194165,0.0006877333,0.0028816292,0.0017133094,0.009557627,True
1997-12-29,94.37,22.4,7.0714293,9.1285715,4.9857144,83.8,0.51428574,0.50000006,0.67142856,10.457143,4.214286,0.0006262362,0.0008339435,0.0019121397,0.009450689,0.0019504316,True
1998-01-05,94.43,11.7,7.4,9.957144,4.714286,76.25714,0.2,0.15,0.9857143,10.3,2.4,0.0009676367,0.0020092502,0.00035868373,0.0014657676,0.0,True
1998-01-12,94.43,1.1,5.8285713,10.142858,3.0,78.87144,0.67142856,0.67142856,0.62857145,10.157143,4.8714285,6.477535e-05,0.0016328394,-7.345365000000001e-25,2.1606684e-07,0.0,True
1998-01-19,94.46,28.5,5.6285715,8.557143,1.7857143,79.67143,0.57142866,0.55714285,0.6571428,10.257143,3.7,0.0014220178,0.003025338,0.00017242205,0.0012313537,0.0022363402,True
1998-01-26,94.46,7.9,0.71428573,2.6571429,-0.8000001,78.200005,0.22857144,0.22857144,0.61428577,10.457143,0.71428573,6.362051e-05,0.0028534234,0.002899959,0.0010577217,0.004045654,True
1998-02-02,94.48,1.5,-3.957143,0.08571424,-7.728572,76.35714,0.028571429,0.028571429,0.35714287,10.242857,-1.4142857,1.1637807e-05,0.003542222,0.0036324207,0.0004990883,0.0011229962,True
1998-02-09,94.48,0.1,-0.1571428,5.8428574,-5.1857147,75.07143,0.41428572,0.41428572,0.5285714,10.1,-1.4,6.3970685e-05,0.0038621724,0.0025913261,0.0025855694,0.00016065314,True
1998-02-16,94.47,0.0,7.7000003,14.514287,1.7142857,70.057144,0.8714286,0.72857136,1.1285714,9.728572,3.142857,2.7351081e-05,0.003965907,0.00028944016,0.0011083726,0.0,True
1998-02-23,94.46,16.4,7.4428573,13.557143,2.4714286,75.84286,0.90000004,0.74285716,1.0285714,9.514286,6.742857,0.0003382936,0.0039518923,2.724784e-07,3.2372773e-06,0.0,True
1998-03-02,94.44,5.1,7.7000003,10.771429,3.957143,75.72858,0.91428566,0.88571423,1.1428572,9.7,6.7,0.00010930002,0.003922865,2.6515552e-05,0.00016516261,0.00024259463,True
1998-03-09,94.46,25.4,8.714286,13.400001,5.3142858,65.9,1.8571428,1.8000001,2.0571427,10.0,7.542857,0.0021145046,0.004615262,1.6473588e-05,8.374639e-05,0.00012768432,True
1998-03-16,94.46,10.0,5.657143,8.685715,1.8285714,72.942856,0.8714285,0.8142857,1.1571429,10.142858,5.9,0.00021629035,0.004595943,9.033793e-05,0.00030595995,0.00019487739,True
1998-03-23,94.47,5.8,6.114286,9.857142,2.6857145,68.22857,1.1857141,1.1285714,1.4571428,9.928572,7.1571426,0.0001962781,0.0051377043,4.2608805e-05,7.600337e-05,0.0005792156,True
1998-03-30,94.49,0.0,9.3,15.800001,2.6857142,59.92857,1.7714285,1.5,2.2857144,9.614285,9.671429,2.9951334e-05,0.005297117,0.00013596103,0.00045513548,0.0,True
1998-04-06,94.52,31.699999,11.67143,17.714287,8.1,77.04286,1.8000001,1.6714286,1.9428571,9.4,12.771428,0.0012916774,0.005208552,5.676633e-08,7.50646e-07,0.0,True
1998-04-13,94.57,18.4,8.0,12.714286,4.7571425,75.5,1.6000001,1.5142857,1.7857143,10.1285715,10.285714,0.0006674528,0.0075841323,-7.345365000000001e-25,8.009374e-08,2.0489097e-07,True
1998-04-20,94.61,29.199999,7.7714286,12.328572,2.2142856,71.38572,1.5857143,1.4714286,1.8857143,10.014286,9.242857,0.00078989565,0.0083673075,1.0972932e-05,8.374825e-05,9.6865e-05,True
1998-04-27,94.64,27.599998,13.985715,19.2,8.785714,72.8,2.2857144,2.0714285,2.5857143,9.771428,15.442857,0.00047422945,0.0067389607,1.5270142e-06,1.6178936e-05,0.0,True
1998-05-04,94.56,20.9,12.342857,16.442858,8.685714,77.314285,1.7142857,1.5857142,2.1285713,10.028571,14.571428,0.0015238672,0.0079102665,-7.345365000000001e-25,3.7252903e-09,0.0,True
1998-05-11,94.51,2.6,16.814287,23.385715,9.328572,61.957146,3.0,2.3999999,3.7142856,9.3,18.2,2.6538968e-05,0.007708311,-7.345365000000001e-25,3.7252903e-09,0.0,True
1998-05-18,94.46,0.4,19.0,25.014286,11.885715,51.157143,4.214286,2.7571428,5.1,7.742857,21.885714,3.1858683e-05,0.007283546,-7.345365000000001e-25,3.7252903e-09,0.0,True
1998-05-25,94.44,2.1,14.571428,19.571428,8.714286,62.3,2.6714284,1.2142857,3.3428571,6.8142858,18.971428,4.1738153e-05,0.0065987036,-7.345365000000001e-25,3.7252903e-09,0.0,True
1998-06-01,94.42,27.1,17.042858,22.114286,12.557143,74.57143,2.7,2.142857,3.2571428,6.857143,19.928572,0.0007658154,0.005969934,-7.345365000000001e-25,7.450581e-09,0.0,True
1998-06-08,94.4,16.4,20.828571,26.942858,14.6285715,66.057144,3.6857142,2.8999999,4.328572,7.214286,23.571428,0.000302732,0.0053155944,-7.345365000000001e-25,1.1175871e-08,0.0,True
1998-06-15,94.38,26.099998,14.928572,19.214285,10.757143,76.12858,2.385714,2.142857,2.7428572,7.7,18.428572,0.0012911558,0.004764542,-7.345365000000001e-25,0.0,0.0,True
1998-06-22,94.37,2.8,19.514286,24.585714,13.885714,67.48572,3.542857,2.8428571,4.1714287,7.3428574,21.77143,0.00016136467,0.0043380708,-7.345365000000001e-25,1.1175871e-08,0.0,True
1998-06-29,94.36,4.4,20.300001,25.557144,15.085715,62.7,3.6285713,2.4142857,4.285714,6.3714285,23.714285,6.096065e-05,0.0039028227,-7.345365000000001e-25,7.450581e-09,0.0,True
1998-07-06,94.31,2.0,18.171429,22.314285,13.728571,65.87143,2.7142856,1.5571429,3.6000001,6.0,21.114286,5.2005053e-05,0.0035249963,-7.345365000000001e-25,1.1175871e-08,0.0,True
1998-07-13,94.27,27.099998,16.514286,20.357143,12.814286,76.25714,2.2285714,1.7285713,2.3,5.757143,18.3,0.0002040118,0.0032249838,-7.345365000000001e-25,1.4901161e-08,0.0,True
1998-07-20,94.24,12.3,18.571428,23.885715,12.614286,71.02857,3.057143,2.1857142,3.3142858,5.8428574,20.471428,0.00010095537,0.0029499382,-7.345365000000001e-25,7.450581e-09,0.0,True
1998-07-27,94.2,4.0,21.042858,27.357143,15.328572,64.47143,3.4,2.0285716,4.1857142,5.3142858,24.542856,3.5777688e-05,0.0026470125,-7.345365000000001e-25,7.450581e-09,0.0,True
1998-08-03,94.16,12.6,18.085714,23.414288,14.528572,72.64286,2.5571427,1.9142857,3.142857,5.3142858,21.1,0.0003247559,0.0023863018,-7.345365000000001e-25,9.313226e-09,0.0,True
1998-08-10,94.12,0.1,22.857143,30.385715,13.914286,55.57143,3.657143,1.6285715,4.785714,4.885714,24.357143,1.7285347e-06,0.0021534115,-7.345365000000001e-25,7.450581e-09,0.0,True
1998-08-17,94.08,0.0,23.457144,31.428572,15.428572,50.957146,3.6857145,0.6571428,4.8428574,4.571429,25.428572,1.5422702e-05,0.0019035041,-7.345365000000001e-25,7.450581e-09,0.0,True
1998-08-24,94.06,20.6,18.157145,23.67143,13.057143,66.17143,2.6285717,1.1428572,3.2571428,4.6285715,20.87143,0.00016978383,0.0016909093,-7.345365000000001e-25,1.1175871e-08,0.0,True
1998-08-31,94.04,1.7,14.285714,19.600002,8.400001,66.65714,1.8571428,1.1857144,2.5714285,4.7714286,17.0,1.2293458e-05,0.0015469566,-7.345365000000001e-25,3.7252903e-09,0.0,True
1998-09-07,94.02,33.8,17.028572,20.800001,13.514287,80.64286,1.4142857,1.1857144,1.7142857,5.242857,18.1,0.0012280867,0.0014293417,-7.345365000000001e-25,1.1175871e-08,0.0,True
1998-09-14,94.01,41.1,14.985715,18.785715,12.585715,82.77143,1.5714285,1.4714286,1.6999999,6.614286,16.557142,0.000635013,0.0013384894,-7.345365000000001e-25,7.450581e-09,0.0,True
1998-09-21,93.99,13.5,13.271429,17.514286,9.557143,75.64286,1.4857142,1.4,1.9285715,9.1,13.928572,0.0013418496,0.0026307628,-7.345365000000001e-25,1.1175871e-08,0.0,True
1998-09-28,93.99,8.2,15.257143,21.214285,10.785714,74.91429,1.2571429,1.1142857,1.9714286,8.928572,16.27143,7.916987e-05,0.0012409762,-7.345365000000001e-25,3.7252903e-09,0.0,True
1998-10-05,94.02,17.3,11.271429,14.17143,8.771429,86.04286,0.5714286,0.54285717,0.95714283,9.528571,13.085714,0.00028926134,0.0012131333,-7.345365000000001e-25,3.7252903e-09,0.0,True
1998-10-12,94.06,40.1,10.828572,13.071428,8.900001,83.88572,0.7428571,0.7428571,0.98571426,10.642858,11.228572,0.00094193965,0.0013456196,-7.345365000000001e-25,5.5879354e-09,0.0,True
1998-10-19,94.11,17.1,11.7,15.842857,8.585714,82.0,0.8285714,0.8285714,1.1,10.242857,11.885715,0.000319466,0.0012319982,-7.345365000000001e-25,9.313226e-09,0.0,True
1998-10-26,94.24,37.399998,10.67143,14.057143,7.6,76.62858,0.9714286,0.9571429,1.2571429,10.571428,10.042857,0.0037305355,0.0041958764,-7.345365000000001e-25,1.1175871e-08,0.0,True
1998-11-02,94.46,52.1,9.285714,12.342857,5.714286,79.02857,1.1571429,1.1571429,1.1142857,11.642858,8.471429,0.0075409263,0.015328713,-7.345365000000001e-25,9.313226e-09,0.0,True
1998-11-09,94.71,39.699997,7.3428574,10.271429,4.2428575,82.08572,0.55714285,0.55714285,0.8,10.8714285,6.6571426,0.0019453913,0.008971706,-7.345365000000001e-25,3.7252903e-09,0.0,True
1998-11-16,94.81,23.7,5.2428575,8.028571,3.0285716,86.67143,0.34285712,0.34285712,0.4857143,10.9,5.457143,0.00079089403,0.011679113,6.521316e-05,0.00021404959,0.0006070137,True
1998-11-23,94.76,3.6000001,-1.9,1.2571429,-4.8428574,80.07143,0.08571429,0.08571429,0.34285715,10.471429,0.37142858,9.641051e-06,0.014633998,0.0015173866,0.00013911724,0.0016841963,True
1998-11-30,94.78,14.9,1.3714286,2.9857142,-0.5,83.51429,0.114285715,0.114285715,0.3857143,10.385715,-0.17142858,0.000143677,0.014885426,0.0032387008,0.0035620984,0.005434893,True
1998-12-07,94.73,4.2,-0.25714284,1.457143,-1.5,80.24286,0.10000001,0.10000001,0.55714285,10.285714,-0.12857144,5.4985285e-06,0.014147021,0.0050472533,0.00018891506,0.0059317313,True
1998-12-14,94.76,20.0,2.8714287,4.5285716,0.18571424,87.38572,0.20000002,0.20000002,0.42857143,10.6285715,0.82857144,0.00091599673,0.015442856,0.0093503455,0.017999446,0.008902371,True
1998-12-21,94.77,2.8999999,3.957143,7.057143,1.3000001,85.1,0.24285717,0.24285717,0.35714287,10.328571,3.0,0.0001975894,0.012332156,0.00010030043,0.00034428388,0.00044085085,True
1998-12-28,94.75,3.1,5.071429,7.157143,2.0,78.042854,0.42857143,0.42857143,0.8142857,10.242857,2.2142856,0.00020499527,0.011753947,0.0010245811,0.0023572184,0.001916334,True
1999-01-04,94.71,8.6,3.1000001,5.714286,-0.0285714,88.75714,0.1,0.1,0.34285715,10.133333,2.0333333,0.0002361834,0.011148967,5.2792684e-06,1.2038276e-05,8.940697e-08,True
1999-01-11,94.72,12.400001,5.728572,8.914286,3.7000003,81.14286,0.48571426,0.48571426,0.64285713,10.428572,4.4714284,0.00039876997,0.010652974,0.00025549388,0.000267718,0.0027094,True
1999-01-18,94.71,3.4,5.1857147,8.057143,1.9285715,73.04286,0.55714285,0.55714285,1.0142857,10.328571,2.557143,0.00034029037,0.010300517,0.0026595194,0.008537313,0.0064691156,True
1999-01-25,94.76,8.3,3.2714288,7.6285715,-0.45714283,85.87144,0.3571429,0.34285715,0.34285715,10.057143,2.5714285,1.5377998e-05,0.010058291,5.3110576e-05,0.00017989986,2.18153e-05,True
1999-02-01,94.84,21.2,0.88571423,4.042857,-1.4285715,77.8,0.2857143,0.2857143,0.61428577,10.614285,1.8428571,0.00063008815,0.009821773,0.001854817,0.0018384941,0.005854372,True
1999-02-08,94.91,10.400001,3.2714286,5.5142856,1.1714286,80.614296,0.67142856,0.67142856,0.8142857,10.328571,1.5,0.00038627535,0.0097750425,0.002530745,0.004692709,0.007388398,True
1999-02-15,95.01,0.6,-1.7285715,1.6428572,-4.7714286,76.90001,0.1,0.1,0.55714285,10.314285,0.071428575,2.7626753e-05,0.0097701475,0.0080783535,0.0010449421,0.0038608015,True
1999-02-22,95.09,49.399998,4.2285714,6.9428573,1.6285714,83.457146,0.7428571,0.7428571,0.8142857,10.642858,2.1285715,0.0034068227,0.016901687,0.004180931,0.010988595,0.003962416,True
1999-03-01,95.03,9.9,4.6285715,8.228572,0.67142856,75.12858,0.91428566,0.9,1.1,10.414286,3.6714287,0.00084476173,0.018183112,0.0015922047,0.0034176186,0.0026363619,True
1999-03-08,95.02,20.3,6.414286,9.757143,4.228572,78.15715,1.0428572,1.0428572,1.1428572,10.3,6.7714286,0.0017748103,0.022344567,0.00020900795,0.0008845292,0.0018185191,True
1999-03-15,94.97,14.1,7.6857147,13.228572,2.4285715,79.07143,0.98571426,0.95714283,1.2142857,10.4,8.357142,0.0007550195,0.023603924,0.00016621182,0.001235526,0.00023280084,True
1999-03-22,94.95,8.299999,5.8285713,10.271429,2.5142858,68.8,1.2142857,1.0857142,1.5714285,9.771428,7.5142856,0.00021785498,0.021141283,1.9868214e-07,1.5348196e-06,0.0,True
1999-03-29,94.91,31.6,8.4,12.085715,5.1,79.84286,1.0857142,1.0142857,1.3285714,10.1285715,9.228572,0.001282081,0.020234838,6.113733e-05,0.0004933551,0.00047869608,True
1999-04-05,94.9,5.7000003,12.157144,17.77143,6.4,69.814285,1.8000001,1.6285714,2.1571429,9.885715,12.8714285,0.00010159612,0.016150981,-7.345365000000001e-25,3.1478703e-07,0.0,True
1999-04-12,94.9,13.1,11.0,15.442858,7.3428574,73.94286,1.6857144,1.6142857,2.0571427,9.771428,12.514286,0.00024057925,0.013995476,-7.345365000000001e-25,1.8626451e-09,0.0,True
1999-04-19,94.81,15.8,6.5285716,11.328572,3.4428573,76.42857,1.457143,1.4428571,1.6571429,10.1285715,8.828571,0.00042884052,0.012149669,-7.345365000000001e-25,0.0,0.0,True
1999-04-26,94.82,10.9,13.0,18.028572,6.828572,66.84286,2.3857143,2.2,2.8428571,9.971429,14.1285715,0.0002681911,0.010722637,-7.345365000000001e-25,3.7252903e-09,0.0,True
1999-05-03,94.77,4.3,15.485715,21.614286,8.814286,66.1,3.0571427,2.3999999,3.7285714,9.014286,17.828571,0.00018286705,0.009436265,-7.345365000000001e-25,3.7252903e-09,0.0,True
1999-05-10,94.73,12.1,14.985715,19.442858,10.814286,74.08572,2.3857143,2.1142857,2.6714287,8.757143,17.357143,0.00030647963,0.00824938,-7.345365000000001e-25,3.7252903e-09,0.0,True
1999-05-17,94.7,7.3,14.057143,18.257143,9.685715,69.314285,2.4571426,2.0857143,2.8428571,9.071428,16.957144,0.00013579428,0.0072927177,-7.345365000000001e-25,3.7252903e-09,0.0,True
1999-05-24,94.66,4.7,15.585715,20.27143,10.1,67.62857,2.5000002,1.9857141,3.1571429,8.357142,17.828571,0.00021325052,0.0064306855,-7.345365000000001e-25,3.7252903e-09,0.0,True
1999-05-31,94.58,2.8,20.300001,26.657145,12.685715,62.828575,3.8285713,2.6000001,4.6285715,7.542857,23.428572,8.4742904e-05,0.00565663,-7.345365000000001e-25,1.1175871e-08,0.0,True
1999-06-07,94.61,55.4,17.414286,23.7,12.900001,71.01429,3.3428571,2.7714286,3.8,7.242857,21.242857,0.0003072098,0.0049140453,-7.345365000000001e-25,1.1175871e-08,0.0,True
1999-06-14,94.52,2.9,16.428572,21.457144,11.7,67.78571,2.8,2.2142859,3.7285714,7.3714285,20.328571,0.0002918318,0.0043400303,-7.345365000000001e-25,3.7252903e-09,0.0,True
1999-06-21,94.44,4.8,17.628572,22.814287,12.2,61.985718,3.3285713,2.2571428,4.157143,6.714286,21.614286,5.5089593e-05,0.0038217828,-7.345365000000001e-25,3.7252903e-09,0.0,True
1999-06-28,94.41,14.2,17.885715,23.985716,11.442858,59.085716,3.5857143,2.3285713,4.4,6.4142857,21.385714,7.05421e-05,0.0033578053,-7.345365000000001e-25,7.450581e-09,0.0,True
1999-07-05,94.38,21.5,22.485716,27.87143,15.885715,65.814285,4.042857,2.542857,4.9,5.885714,24.828571,0.000170663,0.002959624,-7.345365000000001e-25,7.450581e-09,0.0,True
1999-07-12,94.35,28.8,20.34286,24.728573,16.685715,76.37144,2.6285713,2.2999997,3.3714283,7.542857,22.685715,0.0033249706,0.0026440024,-7.345365000000001e-25,1.8626451e-08,0.0,True
1999-07-19,94.31,11.7,21.100002,27.214285,15.371429,65.62858,3.628571,3.0571427,4.585714,7.757143,24.085714,0.0012473837,0.002409853,-7.345365000000001e-25,1.4901161e-08,0.0,True
1999-07-26,94.29,13.0,19.928572,24.7,14.871429,65.04286,3.2857144,2.6142857,4.1,7.0,23.0,0.00016632676,0.002191931,-7.345365000000001e-25,1.1175871e-08,0.0,True
1999-08-02,94.24,0.0,22.514286,29.142857,15.3,49.399998,4.328572,2.1571429,5.5285716,5.8142858,25.12857,2.346933e-06,0.001982443,-7.345365000000001e-25,1.1175871e-08,0.0,True
1999-08-09,94.22,16.9,22.385714,28.97143,16.428572,67.557144,3.2142856,1.9428571,4.0285716,5.6285715,24.814285,0.00030440092,0.0017755106,-7.345365000000001e-25,1.1175871e-08,0.0,True
1999-08-16,94.2,8.3,17.857143,22.128572,13.7,69.91429,2.1857145,1.7142859,2.9857142,6.2714286,20.2,0.00023590028,0.0016283095,-7.345365000000001e-25,7.450581e-09,0.0,True
1999-08-23,94.2,8.6,16.928572,22.714285,11.514285,65.328575,2.5714285,1.8000001,3.5,6.0571427,19.471428,9.8630786e-05,0.0015043914,-7.345365000000001e-25,5.5879354e-09,0.0,True
1999-08-30,94.18,7.6,20.100002,26.114286,14.485715,70.50001,2.2,1.4285715,3.0571427,5.714286,22.057142,0.0026794001,0.0013851076,-7.345365000000001e-25,5.5879354e-09,0.0,True
1999-09-06,94.16,0.4,18.9,25.100002,12.571428,65.3,2.3142858,1.4142857,3.3142858,5.285714,20.985714,4.120916e-05,0.0012883767,-7.345365000000001e-25,3.7252903e-09,0.0,True
1999-09-13,94.15,0.0,21.314285,29.914288,13.885715,62.27143,2.5,1.1714286,3.4857142,4.957143,22.457144,1.2278557e-05,0.0011952296,-7.345365000000001e-25,5.5879354e-09,0.0,True
1999-09-20,94.11,4.1,18.742859,25.257143,12.657144,67.02857,1.7714287,0.6571428,2.6285713,4.571429,20.857143,2.7492642e-05,0.0011024103,-7.345365000000001e-25,5.5879354e-09,0.0,True
1999-09-27,94.09,22.4,18.0,3.3,14.614286,76.3,1.6285715,1.1142856,2.1285713,5.1,18.971428,0.00029224157,0.0010339767,-7.345365000000001e-25,9.313226e-09,0.0,True
1999-10-04,94.09,24.6,14.1,9.714286,12.67143,80.91429,1.1714286,1.1428572,1.5714285,6.285714,14.785714,0.00061921775,0.0009837225,-7.345365000000001e-25,2.0489097e-08,0.0,True
1999-10-11,94.07,6.7999997,11.414286,15.014287,8.671429,83.057144,0.7,0.61428577,1.0714285,6.9714284,12.285714,0.00021360815,0.00094967335,-7.345365000000001e-25,5.5879354e-09,0.0,True
1999-10-18,94.12,0.0,8.185715,14.728572,3.2857144,71.942856,0.8,0.64285713,1.3285714,6.8428574,10.442857,7.1525574e-06,0.000924401,-7.345365000000001e-25,1.8626451e-09,0.0,True
1999-10-25,94.16,9.5,9.085714,13.342857,4.871429,75.94286,0.62857145,0.50000006,1.1142857,6.8,8.857142,0.0001579076,0.00089995563,-7.345365000000001e-25,0.0,0.0,True
1999-11-01,94.27,12.599999,11.014285,16.514286,5.7571425,82.25715,0.6857143,0.61428577,0.85714287,7.257143,10.528571,0.00011409074,0.0008807257,-7.345365000000001e-25,7.450581e-09,0.0,True
1999-11-08,94.3,17.8,8.571428,12.657143,5.7000003,84.02857,0.44285712,0.42857143,0.64285713,8.185715,8.757143,0.00066994876,0.00171379,-7.345365000000001e-25,3.7252903e-09,0.0,True
1999-11-15,94.31,14.8,5.0285716,7.085715,3.5,81.71429,0.37142858,0.3571429,0.62857145,9.1285715,5.357143,0.00036039203,0.0008600056,9.763809e-07,1.322478e-07,1.1909753e-05,True
1999-11-22,94.36,25.5,0.42857143,2.1571429,-1.7428572,86.185715,0.17142858,0.15714286,0.41428572,9.414286,0.8857143,2.1927059e-05,0.0008644536,0.0027495394,0.00047587603,0.008989692,True
1999-11-29,94.39,6.7,3.9428573,6.914286,1.2714287,85.37144,0.21428572,0.18571429,0.44285712,9.8714285,2.2428572,0.0004433468,0.0008784309,0.00516149,0.0146077,0.0060967654,True
1999-12-06,94.46,9.1,5.4428573,8.6,1.9857143,77.38572,0.5,0.4857143,0.8142857,9.914286,3.7428572,0.0002831295,0.000919722,0.00017496517,0.0006578285,0.00050456077,True
1999-12-13,94.46,16.0,7.371429,9.285714,5.1142855,79.91429,0.7571429,0.74285716,0.9285714,10.257143,5.4714284,0.0012101606,0.0028197765,5.635761e-05,0.00043742172,0.00031751767,True
1999-12-20,94.5,42.0,0.51428574,2.8857143,-1.9,88.0,0.18571429,0.17142858,0.35714287,10.885715,1.1285714,0.0011478364,0.0028358027,0.004121542,0.0017193146,0.014494024,True
1999-12-27,94.56,20.4,0.98571426,4.357143,-2.542857,85.52857,0.47142857,0.47142857,0.48571426,10.785714,1.5285715,0.001638785,0.0054541454,0.0076080733,0.013391618,0.00073505566,True
2000-01-03,94.61,6.4,3.0,4.728572,1.1,87.25714,0.25,0.25,0.4,10.9,1.15,0.00019907951,0.004126318,0.0031603859,0.0037033837,0.0048593283,True
2000-01-10,94.66,13.5,5.2571425,7.3142858,2.7,86.5,0.2857143,0.2857143,0.41428572,10.285714,3.5857143,0.00039345026,0.0052671134,0.0005265588,0.0023741778,0.0023416989,True
2000-01-17,94.69,0.2,2.0285716,4.0857143,-0.42857143,83.07143,0.20000002,0.20000002,0.44285712,10.285714,0.82857144,9.148568e-05,0.005983427,0.0013157413,0.001533797,0.00019816682,True
2000-01-24,94.7,7.4,1.9,4.714286,-0.5285714,79.957146,0.37142855,0.37142855,0.61428577,10.2,1.4142857,0.0002843663,0.0064715594,0.0013698963,0.0013871752,0.0045111813,True
2000-01-31,94.72,14.900001,2.0428572,5.3428574,-1.9857146,76.85714,0.54285717,0.54285717,0.7,10.3714285,1.1285714,0.0011594892,0.008180536,0.00237839,0.004527338,0.0009665862,True
2000-02-07,94.72,6.2,7.1571426,10.957144,3.614286,76.18572,0.7285714,0.7,0.9285714,10.242857,5.428571,0.0001693219,0.008572243,1.8051693e-06,1.1947006e-05,0.0,True
2000-02-14,94.77,22.9,5.228572,9.400001,1.1285715,80.15715,0.9714285,0.9714285,0.90000004,10.442857,5.214286,0.00061926246,0.009525672,3.6659694e-05,0.00012996048,0.00021140277,True
2000-02-21,94.86,20.800001,3.7142856,7.3428574,0.7,79.77143,0.8142857,0.8142857,0.8428572,10.6,3.6285715,0.0008771792,0.012903519,0.0025430408,0.0066685323,0.010082804,True
2000-02-28,94.85,8.9,5.6714287,10.599999,0.82857144,78.27143,0.9428572,0.9428572,1.0714285,10.271428,5.285714,0.0011307597,0.015987687,0.0010612465,0.0035909042,4.2706728e-05,True
2000-03-06,94.83,18.0,4.928571,8.685715,2.2,72.77143,1.2714285,1.2714285,1.3428571,10.528571,5.4714284,0.0015423149,0.017529503,5.531311e-05,0.00015523471,0.00024883077,True
2000-03-13,94.79,6.6000004,9.542857,12.342857,6.557143,72.75715,1.2571429,1.1857144,1.4714286,9.957143,8.842857,0.0012450516,0.017262444,1.0882105e-05,8.355826e-05,0.0,True
2000-03-20,94.84,5.8,7.5285716,10.614286,4.942857,73.14286,1.1142857,1.0428572,1.4,9.842857,8.028571,0.0003335178,0.016788222,2.4727413e-05,0.00016103685,0.00016689673,True
2000-03-27,94.87,6.4,9.271429,15.614286,3.642857,69.85714,1.3857143,1.2428571,1.8142856,9.657143,10.528571,0.00012226403,0.015615791,-7.345365000000001e-25,1.1920929e-07,0.0,True
2000-04-03,94.91,48.2,7.5,12.228572,2.3714287,76.814285,1.2571429,1.1999999,1.4714286,10.357142,8.471429,0.0035715178,0.016931467,4.870551e-06,3.7826598e-05,3.6943704e-05,True
2000-04-10,94.81,18.3,8.900001,14.1285715,3.8142858,57.985714,2.1142857,1.8571428,2.5142858,9.814285,11.157143,0.0001617372,0.013745807,-7.345365000000001e-25,4.3585896e-07,0.0,True
2000-04-17,94.76,20.5,9.400001,13.6,5.6571426,72.34286,1.8428571,1.7285715,2.0142856,9.357142,11.214286,0.0002951771,0.012756109,-7.345365000000001e-25,1.8626451e-09,0.0,True
2000-04-24,94.72,10.6,14.228572,20.47143,8.771429,69.21429,2.3428571,1.9714285,2.7571428,8.9,15.842857,0.00013040006,0.011469029,-7.345365000000001e-25,0.0,0.0,True
2000-05-01,94.66,17.5,16.6,22.4,10.5,73.62858,2.5,2.0000002,2.8857143,8.385715,18.457144,0.0013181865,0.010000013,-7.345365000000001e-25,3.7252903e-09,0.0,True
2000-05-08,94.61,18.1,18.714285,25.057144,13.057143,70.12858,3.0,2.5142858,3.6000001,8.2,21.12857,0.00036795437,0.008739911,-7.345365000000001e-25,3.7252903e-09,0.0,True
2000-05-15,94.59,31.1,20.385715,26.571428,13.757143,63.57143,3.7,2.6571429,4.2428575,7.6571426,23.142857,0.002076462,0.0076392367,-7.345365000000001e-25,1.1175871e-08,0.0,True
2000-05-22,94.61,19.8,14.342857,19.085714,9.571428,72.75715,2.5571427,2.142857,2.8428571,7.3285713,18.028572,0.00027827919,0.0066904873,-7.345365000000001e-25,7.450581e-09,0.0,True
2000-05-29,94.56,13.3,14.6,20.142857,9.157143,69.62858,2.8142855,2.2142856,3.1285713,7.042857,17.571428,6.810576e-05,0.005958654,-7.345365000000001e-25,7.450581e-09,0.0,True
2000-06-05,94.55,42.899998,18.728573,24.9,11.985715,71.98572,3.2285714,2.6000001,3.8142858,7.214286,21.257143,0.00043269992,0.0052932426,-7.345365000000001e-25,3.7252903e-09,0.0,True
2000-06-12,94.51,0.5,19.114286,24.542858,13.114286,62.457146,3.5428576,2.5714285,4.457143,6.928571,22.542856,8.2314014e-05,0.004676774,-7.345365000000001e-25,7.450581e-09,0.0,True
2000-06-19,94.5,0.0,20.085714,26.828571,11.328572,54.514286,4.214286,1.942857,5.0285716,5.857143,24.157143,1.6257167e-05,0.0040882155,-7.345365000000001e-25,3.7252903e-09,0.0,True
2000-06-26,94.46,16.0,19.157145,24.328571,14.428573,60.585716,3.6142857,1.4714285,4.3142858,5.3714285,22.685715,5.7533383e-05,0.003523603,-7.345365000000001e-25,3.7252903e-09,0.0,True
2000-07-03,94.44,28.6,18.557144,24.47143,11.17143,61.11429,3.7142856,1.8142856,4.342857,5.3428574,22.157143,7.934123e-05,0.003076762,-7.345365000000001e-25,3.7252903e-09,0.0,True
2000-07-10,94.52,59.0,17.300001,21.385715,13.857142,74.814285,2.7000003,2.3142855,2.9428573,6.7285714,19.914286,0.0015041083,0.0027265996,-7.345365000000001e-25,1.4901161e-08,0.0,True
2000-07-17,94.57,43.0,13.842857,17.614286,10.957143,80.57143,2.1285713,2.057143,2.2,8.057143,16.971428,0.0015845746,0.0024861097,-7.345365000000001e-25,7.450581e-09,0.0,True
2000-07-24,94.62,10.1,18.042858,23.100002,11.557143,70.11429,2.8285713,2.3142855,3.4285715,8.014286,21.12857,0.00015010685,0.0023100674,-7.345365000000001e-25,3.7252903e-09,0.0,True
2000-07-31,94.67,39.5,17.385715,22.67143,13.657144,83.02857,2.4857144,2.357143,2.6714287,9.0,20.72857,0.0024240166,0.0021661744,-7.345365000000001e-25,7.450581e-09,0.0,True
2000-08-07,94.64,28.8,19.057144,24.800001,13.728571,73.314285,2.7000003,2.3999999,3.4428573,9.085714,22.057142,0.000182271,0.0020442754,-7.345365000000001e-25,3.7252903e-09,0.0,True
2000-08-14,94.61,0.0,21.585714,28.228573,14.800001,68.64286,2.9714284,2.3428574,4.0,8.485714,24.471428,3.2424927e-05,0.0019243062,-7.345365000000001e-25,1.1175871e-08,0.0,True
2000-08-21,94.57,27.3,21.785715,27.171429,17.157145,73.62858,2.7,2.2142856,3.2428572,8.028571,24.457144,0.00024460256,0.0017903075,-7.345365000000001e-25,3.7252903e-09,0.0,True
2000-08-28,94.51,6.4,19.028574,25.071428,13.67143,68.97143,2.6285713,2.142857,3.4285715,8.414286,22.057142,9.781122e-05,0.0016695708,-7.345365000000001e-25,5.5879354e-09,0.0,True
2000-09-04,94.51,15.299999,16.285715,21.37143,12.642858,76.614296,1.8142855,1.5714285,2.3285713,8.357142,19.1,0.00018593669,0.0015647709,-7.345365000000001e-25,5.5879354e-09,0.0,True
2000-09-11,94.49,8.2,16.285715,21.857143,11.242858,77.74286,1.6142857,1.4142857,2.2571428,8.657143,17.914286,9.6693635e-05,0.0014835149,-7.345365000000001e-25,7.450581e-09,0.0,True
2000-09-18,94.49,27.7,16.942858,22.228573,13.357142,80.58572,1.5,1.3285714,1.8857143,8.771428,19.3,0.0012791902,0.0014000908,-7.345365000000001e-25,7.450581e-09,0.0,True
2000-09-25,94.51,16.300001,14.314286,19.428572,10.3714285,80.700005,1.1428572,1.0714285,1.6571429,9.642858,15.814285,0.0018257648,0.003002867,-7.345365000000001e-25,5.5879354e-09,0.0,True
2000-10-02,94.51,23.4,16.1,20.785715,12.271429,86.314285,0.9571429,0.90000004,1.3714286,9.842857,16.87143,0.00030055642,0.001314126,-7.345365000000001e-25,7.450581e-09,0.0,True
2000-10-09,94.53,13.5,10.928572,15.528572,7.2999997,84.4,0.7285715,0.7142858,1.0,10.057143,12.985714,0.0002655685,0.0012907758,-7.345365000000001e-25,1.8626451e-09,0.0,True
2000-10-16,94.56,10.6,12.328572,16.342857,8.985715,83.557144,0.90000004,0.87142855,1.2285715,10.3714285,12.2,0.00064343214,0.0012813061,-7.345365000000001e-25,5.5879354e-09,0.0,True
2000-10-23,94.54,10.5,10.457144,13.942858,7.571429,92.17143,0.44285712,0.42857143,0.64285713,10.142858,11.7,8.144975e-05,0.0013006553,-7.345365000000001e-25,1.8626451e-09,0.0,True
2000-10-30,94.52,16.1,12.085714,15.814286,8.857142,77.08571,0.9428572,0.9285714,1.2857143,10.114285,11.414286,0.00027008355,0.0013269782,-7.345365000000001e-25,9.313226e-09,0.0,True
2000-11-06,94.61,21.800001,9.314285,12.557143,6.8857145,81.37144,0.6857143,0.7,0.88571423,10.4,8.785714,0.0013187304,0.0015827045,-7.345365000000001e-25,5.5879354e-09,0.0,True
2000-11-13,94.76,29.7,8.457143,11.514285,5.714286,79.75715,0.5857143,0.5714286,0.9714286,10.3,7.2285714,0.0010444075,0.004246965,-7.345365000000001e-25,7.450581e-09,0.0,True
2000-11-20,94.76,11.4,6.228572,9.485715,3.557143,84.48572,0.34285718,0.3285714,0.5428571,10.728572,6.1285715,0.00030069053,0.0021069348,-7.345365000000001e-25,0.0,0.0,True
2000-11-27,94.76,14.700001,6.357143,8.914286,3.2142856,87.22858,0.3571429,0.3571429,0.45714286,10.428572,5.5285716,0.00038656592,0.0027763247,-7.345365000000001e-25,0.0,0.0,True
2000-12-04,94.77,2.9,8.285714,12.0,4.4285717,89.72858,0.21428572,0.21428572,0.34285715,10.342857,6.4714284,0.00017499924,0.0034222156,-7.345365000000001e-25,0.0,0.0,True
2000-12-11,94.76,12.000001,8.6,11.6285715,5.057143,84.57143,0.45714286,0.45714286,0.55714285,10.314285,6.6857142,0.00022453815,0.0039542466,-7.345365000000001e-25,3.7252903e-09,0.0,True
2000-12-18,94.78,10.3,7.057143,9.242857,5.042857,78.78571,0.59999996,0.59999996,0.9571429,10.314285,5.8285713,0.00043622404,0.0043626726,0.00016088712,0.00023427792,0.000674095,True
2000-12-25,94.78,5.6,-0.50000006,2.0142858,-2.6000001,85.47143,0.08571429,0.08571429,0.2857143,10.357142,0.55714285,0.00072285533,0.0073107705,0.0002956731,0.00020359643,0.00013860688,True
2001-01-01,94.76,15.3,1.6000001,4.0857143,-0.4857143,88.814285,0.18333334,0.18333334,0.31428573,10.5,0.11666667,0.00035504997,0.006213844,0.0026675179,0.0012186542,0.0060563795,True
2001-01-08,94.81,11.700001,6.357143,9.042857,3.3142858,84.457146,0.5142857,0.5142857,0.6571428,10.614285,3.3428571,0.0013297349,0.008217797,0.0005906309,0.0052212533,0.0,True
2001-01-15,94.84,10.2,1.057143,4.0142856,-1.557143,74.82857,0.27142859,0.27142859,0.5142857,10.5,0.87142855,0.00021527708,0.008845098,0.00024420308,0.0002985336,0.00056936964,True
2001-01-22,94.86,21.7,-0.9428572,2.5714285,-4.914286,84.14286,0.12857142,0.12857142,0.2857143,10.314285,-0.62857145,0.00030469894,0.009365663,0.0013243244,0.0022610482,0.0049727038,True
2001-01-29,94.88,13.5,5.5,9.014286,2.2714286,84.72857,0.57142866,0.57142866,0.5857143,10.914286,2.0428572,0.0006015226,0.010367028,0.00028020996,0.0031015668,4.284084e-06,True
2001-02-05,94.89,30.1,3.6000001,6.5142856,0.37142855,86.12858,0.54285717,0.54285717,0.54285717,10.642858,2.0142858,0.0015640929,0.015301414,0.0024716626,0.013856266,0.013401099,True
2001-02-12,94.94,10.400001,8.442858,12.685715,4.328572,72.1,0.9142857,0.8571428,1.2428571,10.3714285,6.7714286,4.3570995e-05,0.019010916,9.145056e-06,0.00017699786,1.0058284e-07,True
2001-02-19,94.92,14.4,5.142857,9.428572,1.3571428,77.08572,0.8,0.78571427,0.8428572,10.285714,4.9428573,0.00020036101,0.017716318,0.00026992956,0.0006456245,0.0011645593,True
2001-02-26,94.96,7.3999996,2.4142857,5.914286,-0.6571428,76.71429,0.68571424,0.68571424,0.9285714,10.214286,2.9285715,0.00023934245,0.015450686,0.0011795078,0.0014174003,0.004547216,True
2001-03-05,94.98,8.5,3.4714284,7.471429,-0.071428575,74.685715,0.8285714,0.8142857,1.0285714,10.285714,2.5714285,0.0003503263,0.01346232,0.0033049413,0.009887816,0.008162845,True
2001-03-12,95.01,37.9,8.714286,11.428572,5.585714,87.38572,0.8,0.8,0.91428566,10.542857,8.042857,0.0011425316,0.012645669,0.00037819432,0.0016774796,9.685755e-08,True
2001-03-19,95.07,35.4,8.5,12.0,5.942857,82.67143,1.3000001,1.3000001,1.2857143,10.928572,9.028571,0.0024732351,0.014137238,-7.345365000000001e-25,1.5087426e-07,5.289912e-07,True
2001-03-26,95.25,56.5,7.228572,10.914286,3.6285717,85.01429,0.95714283,0.95714283,1.0142857,11.314285,8.114285,0.0021397322,0.022924624,0.0007138195,0.0045524053,0.004511766,True
2001-04-02,95.11,7.4,9.028571,14.828572,3.4142857,71.62858,1.6285714,1.5285714,1.8857143,10.385715,9.5,0.00066164136,0.023640975,1.7552149e-05,9.904802e-05,7.450581e-09,True
2001-04-09,94.89,16.9,9.885715,14.857142,5.642857,73.88572,1.7714285,1.6714284,1.9571428,9.728572,10.785714,0.00037635863,0.020963222,-7.345365000000001e-25,1.1175871e-08,0.0,True
2001-04-16,95.05,35.7,6.7285714,11.114286,3.0857143,73.828575,1.6285715,1.557143,1.8142856,9.9,9.171429,0.0006085932,0.017790124,0.0009037881,0.0067527406,0.007650802,True
2001-04-23,94.97,6.2,6.2571435,10.714286,1.6571429,73.52857,1.5285714,1.4857142,1.7857143,10.171429,8.6,0.00029539317,0.015325747,0.00020100389,0.0011046566,4.608929e-05,True
2001-04-30,94.87,20.5,12.657144,17.057142,8.342857,74.67143,2.142857,2.1,2.4142857,10.042857,13.471429,0.00053201616,0.013461225,5.1089694e-07,5.9716403e-06,0.0,True
2001-05-07,94.84,0.5,14.771429,19.27143,10.571428,68.97143,2.5571427,2.1000001,3.0142858,9.3,16.9,0.0001565218,0.011888988,-7.345365000000001e-25,7.450581e-09,0.0,True
2001-05-14,94.81,12.2,17.97143,24.257143,11.442858,58.128574,3.8714287,2.9571426,4.5142856,8.342857,19.285715,6.785244e-05,0.010417581,-7.345365000000001e-25,3.7252903e-09,0.0,True
2001-05-21,94.76,11.8,14.885715,20.014286,10.257143,72.314285,2.8285716,2.442857,3.142857,8.242857,17.485714,0.00020168722,0.0089325085,-7.345365000000001e-25,7.450581e-09,0.0,True
2001-05-28,94.68,0.0,20.02857,26.27143,12.028572,54.414288,4.2285714,2.5714285,4.9857144,7.1857142,22.285715,6.854534e-07,0.0075449944,-7.345365000000001e-25,0.0,0.0,True
2001-06-04,94.64,19.300001,16.057142,20.828571,11.385715,61.74286,3.3428574,1.6999999,3.8857143,6.385714,19.442858,0.00013360381,0.006291479,-7.345365000000001e-25,3.7252903e-09,0.0,True
2001-06-11,94.62,14.9,14.471429,18.728573,10.785714,75.85714,2.3,1.6714286,2.7285714,6.5142856,17.485714,0.00022617728,0.0053916574,-7.345365000000001e-25,3.7252903e-09,0.0,True
2001-06-18,94.58,21.5,17.142857,22.728573,11.957144,69.84286,3.1714287,2.4857144,3.6571429,6.5,19.914286,0.0008634329,0.0046728253,-7.345365000000001e-25,1.1175871e-08,0.0,True
2001-06-25,94.51,0.0,17.828571,24.114286,10.285714,60.100002,3.8714287,2.3428571,4.3857145,6.0285716,21.214285,8.590519e-06,0.004071258,-7.345365000000001e-25,3.7252903e-09,0.0,True
2001-07-02,94.51,14.8,21.314287,27.757143,14.6,64.84286,3.9714284,2.3428571,4.214286,5.885714,24.428572,0.0013201982,0.0035126582,-7.345365000000001e-25,7.450581e-09,0.0,True
2001-07-09,94.48,7.0,21.985716,27.585714,16.442858,59.214287,4.342857,2.2571428,4.957143,5.3,24.114286,6.467104e-05,0.0030478314,-7.345365000000001e-25,1.1175871e-08,0.0,True
2001-07-16,94.46,17.1,18.37143,23.285715,14.1,70.42857,3.1285713,2.1000001,3.6000001,5.3714285,20.957144,0.00040754676,0.0026746243,-7.345365000000001e-25,1.1175871e-08,0.0,True
2001-07-23,94.43,5.2,19.7,25.085714,13.6,63.68572,3.3999999,2.5714285,4.2428575,5.785714,21.671429,8.122623e-05,0.0023956597,-7.345365000000001e-25,1.1175871e-08,0.0,True
2001-07-30,94.38,0.0,24.600002,31.97143,16.728573,54.07143,4.142857,2.0000002,5.2999997,5.0571427,26.942858,1.5005469e-05,0.0021180958,-7.345365000000001e-25,1.3038516e-08,0.0,True
2001-08-06,94.37,16.3,21.928572,27.685715,16.6,65.9,3.4714286,1.4714285,4.142857,4.9,24.357143,0.00013758242,0.0018520132,-7.345365000000001e-25,9.313226e-09,0.0,True
2001-08-13,94.35,19.0,18.214285,23.657145,14.042857,70.04286,2.8999999,1.9714285,3.3999999,5.042857,21.057142,9.183586e-05,0.0016749054,-7.345365000000001e-25,1.3038516e-08,0.0,True
2001-08-20,94.32,7.1,23.085714,29.528574,17.285715,65.200005,3.3428574,1.6,4.071429,4.5142856,25.27143,0.00014673173,0.0014916286,-7.345365000000001e-25,1.1175871e-08,0.0,True
2001-08-27,94.28,0.1,23.12857,30.614286,16.585714,61.42857,3.242857,1.0571429,4.0,4.3428574,25.385714,4.3809414e-06,0.001338914,-7.345365000000001e-25,7.450581e-09,0.0,True
2001-09-03,94.26,18.1,17.328571,22.885715,11.771429,65.957146,2.2285714,0.94285715,2.9285715,4.3285713,20.342857,8.445978e-05,0.0012012646,-7.345365000000001e-25,3.7252903e-09,0.0,True
2001-09-10,94.23,23.2,13.257143,16.485714,10.242857,79.34286,1.4714286,1.3142856,1.7285713,4.6714287,15.0,0.00032296777,0.0011155009,-7.345365000000001e-25,1.3038516e-08,0.0,True
2001-09-17,94.28,41.3,12.642858,16.428572,10.228571,80.91429,1.3714286,1.3000001,1.5428572,5.742857,14.014286,0.00035266578,0.0010480657,-7.345365000000001e-25,1.1175871e-08,0.0,True
2001-09-24,94.29,14.6,11.714286,16.328571,7.7000003,80.87144,1.0857142,1.0285715,1.4571428,8.071428,13.2,0.0006158948,0.000994347,-7.345365000000001e-25,5.5879354e-09,0.0,True
2001-10-01,94.31,15.300001,14.1285715,19.12857,9.957144,82.98572,1.0857143,1.0142858,1.3428571,8.785714,14.914286,0.0001911968,0.0009550452,-7.345365000000001e-25,9.313226e-09,0.0,True
2001-10-08,94.36,21.3,15.871429,20.542858,12.228572,82.72858,1.1857141,1.1428572,1.5142858,9.314285,16.22857,0.00088587403,0.0009229556,-7.345365000000001e-25,7.450581e-09,0.0,True
2001-10-15,94.4,0.5,13.542857,20.157145,8.928572,84.98572,0.92857134,0.8142857,1.1999999,9.571428,14.728572,8.121133e-07,0.000899978,-7.345365000000001e-25,3.7252903e-09,0.0,True
2001-10-22,94.44,12.2,13.1,18.685715,9.2,85.08572,0.71428573,0.62857145,0.9714286,9.228572,13.914286,9.074062e-05,0.00088142604,-7.345365000000001e-25,3.7252903e-09,0.0,True
2001-10-29,94.42,11.6,12.428572,15.942858,9.271429,89.02857,0.51428574,0.51428574,0.71428573,9.7,12.457143,0.0001938194,0.00086802244,-7.345365000000001e-25,3.7252903e-09,0.0,True
2001-11-05,94.44,1.1,7.9000006,13.585715,3.914286,84.057144,0.5714286,0.5285715,0.7285714,9.785714,9.057143,2.5883317e-05,0.00085725635,-7.345365000000001e-25,1.8626451e-09,0.0,True
2001-11-12,94.52,35.1,4.0,7.6857147,0.14285718,83.314285,0.51428574,0.51428574,0.5714286,10.5,4.8,0.0019707158,0.0029179081,2.6589349e-05,2.3117289e-05,6.045401e-05,True
2001-11-19,94.5,3.6999998,2.1142857,5.957143,-1.2,83.61428,0.25714287,0.25714287,0.3857143,10.328571,2.1857142,0.00011886656,0.00087023526,6.5871645e-05,8.83583e-05,0.00010916591,True
2001-11-26,94.56,35.3,4.8857145,6.4000006,3.0142858,88.91429,0.2857143,0.2857143,0.5,10.5,4.071429,0.0015207976,0.0016496778,0.00014775708,0.0004849825,0.0005123373,True
2001-12-03,94.97,55.1,7.3428574,8.985715,5.3,93.0,0.21428573,0.21428573,0.35714287,11.4,6.4857144,0.0014716089,0.0024665594,3.16302e-05,0.0001611039,6.374344e-05,True
2001-12-10,94.92,6.7000003,4.0571427,7.2714286,1.0428572,80.28571,0.29999998,0.29999998,0.45714286,10.557143,3.7428572,0.00029674172,0.0020352826,1.70299e-08,7.599592e-07,3.017485e-07,True
2001-12-17,94.75,0.5,-0.67142856,2.1142857,-4.1142855,75.32857,0.114285715,0.114285715,0.5142857,10.1285715,-0.37142858,5.0216913e-06,0.002756685,6.150064e-05,1.7136335e-07,0.00069414824,True
2001-12-24,94.71,7.4,-1.4857142,1.8857144,-4.9857144,81.471436,0.14285715,0.14285715,0.37142855,10.2,-0.45714286,1.9833446e-05,0.0031449944,0.006823114,0.00040606037,0.017170917,True
2001-12-31,94.75606697231508,27.1,0.7714286,3.4857144,-1.9142857,84.12858,0.29999998,0.29999998,0.5285714,10.857142,0.057142857,0.0020825863,0.005183585,0.020855917,0.019568063,0.033677146,False
2002-01-07,94.66,0.1,-7.1285715,-3.0142858,-11.814286,81.87144,0.0,0.0,0.114285715,10.442857,0.0,6.0349703e-06,0.004648283,0.030746147,0.000260666,0.00072671846,True
2002-01-14,94.76,0.3,-2.0857143,-0.25714287,-4.285714,89.78571,0.028571429,0.028571429,0.24285714,10.3,0.071428575,6.0878694e-05,0.005131677,0.030252144,0.0018706452,0.000170324,True
2002-01-21,94.77,2.8000002,1.3428571,3.2857144,-1.5714287,87.200005,0.25714287,0.25714287,0.40000004,10.257143,0.87142855,0.0016676858,0.008454636,0.022163788,0.028050318,0.0009747632,True
2002-01-28,94.81,11.2,8.885715,11.657144,5.5285716,79.65715,1.0714285,1.0714285,1.0571429,10.3714285,6.357143,0.0013119206,0.009469122,0.0004523879,0.0025202744,1.7881393e-07,True
2002-02-04,94.74,0.0,9.228572,14.414286,4.828572,71.51429,1.0428572,0.9571429,1.1428572,10.1,7.3714285,3.1352043e-05,0.010822035,-7.2791902999999985e-25,3.9115548e-08,0.0,True
2002-02-11,94.86,32.2,8.657143,11.314285,5.8142858,81.25714,0.95714283,0.9428572,1.0142857,10.2,7.5,0.001962036,0.013800465,4.9392384e-05,0.0005714055,0.0005491562,True
2002-02-18,95.02,36.1,5.6,10.328572,2.1142857,72.200005,1.0285714,0.99999994,1.1714286,10.8,5.714286,0.00331866,0.025819637,3.462746e-07,7.6927245e-07,1.4677644e-05,True
2002-02-25,95.21,58.8,4.6142855,7.1285715,0.7714286,80.40001,1.0714285,1.0714285,0.9285714,10.9,3.7142856,0.0021157116,0.024260454,0.000992037,0.006613115,0.0070915893,True
2002-03-04,95.14,4.7,6.157143,10.214286,2.6000001,72.41429,1.2714285,1.2571429,1.3857143,10.542857,6.142857,0.00036212057,0.024986446,6.5689994e-05,0.0006955974,0.00012877584,True
2002-03-11,94.97,6.1,7.157143,13.342857,0.3285714,71.98572,1.3285714,1.1857144,1.4285715,9.8714285,7.3285713,0.000107735395,0.02359096,9.042876e-06,5.227886e-05,7.450581e-09,True
2002-03-18,94.87,12.200001,10.457143,16.642857,5.2428575,71.314285,1.4714286,1.2857143,1.8285714,9.514286,10.428572,0.00010102987,0.019643903,-7.2791902999999985e-25,1.1175871e-08,0.0,True
2002-03-25,95.15,45.1,8.228572,11.014287,5.7571425,75.07143,1.3000001,1.3000001,1.4,10.7,8.714286,0.0019728243,0.019271798,4.9613773e-06,7.5809658e-06,2.815947e-05,True
2002-04-01,94.98,0.0,7.057143,14.142858,0.4714286,61.328575,1.8428572,1.5285715,2.0857143,9.785714,9.085714,2.3022294e-06,0.014968395,9.44024e-06,2.9055402e-05,1.071766e-05,True
2002-04-08,94.88,0.0,10.757143,16.728573,4.2428575,44.5,3.0857143,2.3,3.642857,8.742857,12.242857,4.4703484e-08,0.013005629,-7.2791902999999985e-25,1.8253922e-07,0.0,True
2002-04-15,94.79,11.7,9.071428,13.7,4.1285715,62.628574,1.9142858,1.4571428,2.3857143,8.028571,10.514286,7.1018934e-05,0.010999434,-7.2791902999999985e-25,0.0,0.0,True
2002-04-22,94.83,31.0,9.842857,14.585715,5.914286,81.442856,1.6428572,1.4857142,1.957143,8.885715,11.928572,0.00019817054,0.009375565,-7.2791902999999985e-25,0.0,0.0,True
2002-04-29,94.83,13.0,12.614286,17.571428,8.228571,71.85714,2.2857144,2.1000001,2.4142857,8.757143,13.928572,0.0002399534,0.008002482,-7.2791902999999985e-25,3.7252903e-09,0.0,True
2002-05-06,95.28,68.1,9.985715,13.157144,7.085715,84.18572,1.4857143,1.4142858,1.6,9.971429,12.214286,0.0031797588,0.01047305,-7.2791902999999985e-25,3.7252903e-09,0.0,True
2002-05-13,95.24,28.7,16.714285,22.842855,10.971429,74.442856,2.8,2.614286,3.3,10.257143,18.27143,0.00026026368,0.006353736,-7.2791902999999985e-25,7.450581e-09,0.0,True
2002-05-20,94.99,1.0,17.114286,23.0,11.714286,67.15714,3.2571428,2.642857,3.5571427,9.442857,20.471428,7.034838e-05,0.005812399,-7.2791902999999985e-25,7.450581e-09,0.0,True
2002-05-27,94.86,10.6,15.5,20.4,10.714286,72.71429,2.6142857,2.2285714,3.0571427,8.814285,18.8,0.00033131242,0.0052697062,-7.2791902999999985e-25,0.0,0.0,True
2002-06-03,94.82,1.0,16.757143,22.957144,9.314286,57.414284,3.614286,2.742857,4.4,8.3714285,20.042856,1.0281801e-05,0.004783705,-7.2791902999999985e-25,3.7252903e-09,0.0,True
2002-06-10,94.77,11.4,17.5,22.228573,13.028572,72.74286,2.6428568,2.2285714,3.0,7.9857144,20.742857,0.00020225346,0.004262343,-7.2791902999999985e-25,7.450581e-09,0.0,True
2002-06-17,94.71,2.6,20.342855,25.742859,14.542857,70.02857,3.5,2.5857143,3.9571426,7.8,22.5,2.4408102e-05,0.003826134,-7.2791902999999985e-25,1.1175871e-08,0.0,True
2002-06-24,94.67,11.8,23.214285,29.17143,17.357143,67.74286,4.3714285,3.0000002,4.928571,6.8285713,26.842857,0.005685784,0.003369093,-7.2791902999999985e-25,1.1175871e-08,0.0,True
2002-07-01,94.63,4.2,18.428572,24.585714,11.385715,55.957146,4.2285714,2.0142858,4.7999997,6.114286,23.285715,1.475215e-05,0.0029655173,-7.2791902999999985e-25,0.0,0.0,True
2002-07-08,94.58,4.7,18.785715,23.957144,13.814286,67.12857,3.2428572,1.6142856,3.7571428,5.7714286,20.814285,9.471178e-05,0.0026382357,-7.2791902999999985e-25,1.4901161e-08,0.0,True
2002-07-15,94.62,23.300001,19.514286,24.571428,15.2,75.51429,2.8428571,1.7714285,3.1714287,6.071429,22.2,0.0002670735,0.0023493767,-7.2791902999999985e-25,1.1175871e-08,0.0,True
2002-07-22,94.81,62.0,17.97143,22.642857,13.185715,71.01429,2.8714283,2.5,3.3,9.014286,20.757143,0.0016780496,0.0030566305,-7.2791902999999985e-25,7.450581e-09,0.0,True
2002-07-29,94.76,3.2,20.628572,25.957142,15.071428,67.65714,3.1428568,2.4285715,3.642857,8.2,22.62857,5.0082803e-05,0.0019953772,-7.2791902999999985e-25,1.1175871e-08,0.0,True
2002-08-05,94.82,59.1,20.228573,25.914286,15.985715,75.22858,3.0142856,2.714286,3.4285715,8.1285715,23.971428,0.00022956729,0.0018383265,-7.2791902999999985e-25,7.450581e-09,0.0,True
2002-08-12,94.83,20.7,18.414286,23.414288,14.728571,77.700005,2.0142858,1.9000002,2.8714287,8.657143,20.9,0.00024016201,0.0017051399,-7.2791902999999985e-25,1.6763806e-08,0.0,True
2002-08-19,94.76,0.0,21.757143,28.128572,15.328572,66.71429,3.1857142,2.4428573,3.9428573,8.285714,24.185715,1.2733042e-05,0.0015846416,-7.2791902999999985e-25,7.450581e-09,0.0,True
2002-08-26,94.72,2.0,20.214285,25.928572,15.157144,74.47143,2.4285715,2.0,3.1142857,8.114285,23.3,0.00015968084,0.0014618337,-7.2791902999999985e-25,1.3038516e-08,0.0,True
2002-09-02,94.71,27.400002,19.242859,23.857143,16.157145,80.614296,1.9857142,1.6857141,2.357143,8.528571,21.985714,0.0006695762,0.0013676956,-7.2791902999999985e-25,1.4901161e-08,0.0,True
2002-09-09,94.62,19.9,18.457142,24.828571,12.67143,71.34286,2.3,1.8142859,2.8999999,7.9857144,20.957144,3.5315752e-05,0.0012796968,-7.2791902999999985e-25,5.5879354e-09,0.0,True
2002-09-16,94.58,3.6,14.957144,20.728573,10.271429,71.27143,1.7857143,1.4714286,2.5,8.171429,17.742857,0.00012537837,0.0012005195,-7.2791902999999985e-25,0.0,0.0,True
2002-09-23,94.56,11.0,13.385715,18.9,8.614286,78.14286,1.2142857,1.0142857,1.7571429,7.9857144,16.185715,0.00012101978,0.0011315718,-7.2791902999999985e-25,3.7252903e-09,0.0,True
2002-09-30,94.61,15.400001,10.414286,15.657144,6.414286,76.27143,1.0285714,0.9142857,1.5857143,8.957143,12.028571,0.00012888014,0.0010786951,-7.2791902999999985e-25,1.8626451e-09,0.0,True
2002-10-07,94.67,32.9,11.742858,17.857143,6.9000006,82.24286,0.95714283,0.90000004,1.2714285,9.328571,13.3714285,0.00026498735,0.0010281354,-7.2791902999999985e-25,5.5879354e-09,0.0,True
2002-10-14,94.71,2.4,9.528571,13.242857,6.0,75.71429,0.82857144,0.7,1.2857143,9.728572,10.042857,3.2536685e-05,0.0009870827,-7.2791902999999985e-25,1.8626451e-09,0.0,True
2002-10-21,94.72,31.8,10.042857,13.2,6.457143,86.48572,0.6857143,0.6857143,0.85714287,10.342857,10.071428,0.0008132607,0.00095608085,-7.2791902999999985e-25,9.313226e-09,0.0,True
2002-10-28,94.76,15.0,11.571428,15.714286,8.6,77.37144,1.4714286,1.4571428,1.4571428,10.657143,10.557143,0.0021903887,0.0010442659,-7.2791902999999985e-25,1.3038516e-08,0.0,True
2002-11-04,94.95,37.1,11.042857,13.7,8.442857,87.75715,0.5,0.5,0.67142856,10.8714285,10.228572,0.0014846921,0.0021076426,-7.2791902999999985e-25,0.0,0.0,True
2002-11-11,94.96,30.800001,6.914286,9.557143,3.757143,84.77143,0.5285714,0.5285714,0.6571428,11.171429,6.9428573,0.0032188445,0.004898861,-7.2791902999999985e-25,5.5879354e-09,0.0,True
2002-11-18,94.96,18.7,8.242857,11.400001,5.5285716,87.88572,0.35714287,0.35714287,0.5285714,11.114285,7.614286,0.0007698387,0.0035401806,-7.2791902999999985e-25,3.7252903e-09,0.0,True
2002-11-25,94.93,6.4,7.371429,10.442858,4.042857,87.40001,0.22857143,0.22857143,0.41428572,10.471429,6.428571,0.00015234947,0.0027990863,-7.2791902999999985e-25,0.0,0.0,True
2002-12-02,94.91,11.7,7.9857144,10.657144,5.4857144,86.557144,0.31428573,0.31428573,0.40000004,10.471429,7.4,0.0001481548,0.003420554,-7.2791902999999985e-25,0.0,0.0,True
2002-12-09,94.94,1.3,2.7857144,4.728572,1.1714287,76.32857,0.18571427,0.18571427,0.67142856,10.342857,3.2857144,5.1930547e-05,0.0037654564,4.314241e-07,5.2154064e-08,1.128763e-06,True
2002-12-16,94.96,5.2000003,-0.30000004,2.6285713,-3.0,78.828575,0.08571429,0.08571429,0.34285715,10.257143,-0.87142855,0.00018714368,0.0039558187,1.601378e-05,7.567555e-05,8.6616725e-05,True
2002-12-23,94.99,33.8,4.371429,7.0428576,1.3285714,87.24286,0.21428572,0.21428572,0.44285718,10.671429,1.3571428,0.001238972,0.006535195,8.84022e-05,0.00018625334,0.00016527623,True
2002-12-30,95.06,24.4,8.914286,10.828572,6.7428575,88.38572,0.3285714,0.3285714,0.55714285,10.885715,5.9,0.0024207085,0.008078992,4.4277735e-07,2.7548522e-06,0.0,True
2003-01-06,95.05,51.899998,3.4428575,6.8142858,0.42857143,85.34286,0.2,0.2,0.5857143,11.2,5.3,0.0025876462,0.01955241,0.002652083,0.00016792491,0.008727632,True
2003-01-13,95.03,8.8,-5.871429,-2.5428574,-9.571428,76.48572,0.0,0.0,0.27142859,10.442857,-1.9571428,1.2889504e-05,0.019420825,0.008746402,1.0818243e-05,0.00798903,True
2003-01-20,95.05,2.0,2.4714286,5.0285716,-0.09999997,88.685715,0.35714287,0.34285715,0.3857143,10.314285,0.15714286,0.00044634938,0.017743655,0.0067520994,0.016141322,2.873689e-05,True
2003-01-27,95.08,18.0,4.142857,7.1571426,1.2428572,86.71429,0.42857146,0.41428575,0.5,10.3,1.9857143,0.0006535053,0.016847946,0.0007028807,0.003091151,0.0028234012,True
2003-02-03,95.16,23.6,1.4285715,3.7142856,-0.9857143,82.12858,0.47142857,0.47142857,0.62857145,10.442857,1.3,0.00079188496,0.0151245445,0.0038295586,0.0049650017,0.009555504,True
2003-02-10,95.01,2.2,1.3000001,4.0857143,-1.3142859,81.04286,0.3857143,0.3857143,0.59999996,10.342857,0.4,0.00013742596,0.01431042,0.0074966126,0.0047976244,0.006229311,True
2003-02-17,94.96,0.0,-1.4857142,2.5285716,-4.914286,63.61429,0.21428573,0.20000002,0.94285715,10.142858,-0.27142859,1.6182661e-05,0.013577081,0.004804435,0.00066593103,9.416416e-05,True
2003-02-24,94.79,0.0,0.4857143,7.928571,-5.5428576,65.35714,0.7285715,0.62857145,0.94285715,9.8714285,0.12857144,6.0401857e-05,0.012656905,0.002599949,0.002832966,3.501773e-07,True
2003-03-03,94.75,8.9,5.457143,11.542857,0.3428572,74.65715,0.7571429,0.65714294,0.9857143,9.7,4.5571427,0.00020945072,0.011568457,0.00023341179,0.0007868204,0.0,True
2003-03-10,94.69,7.8999996,8.357142,13.557143,3.3857143,70.77143,1.2428571,1.1571429,1.5285715,9.971429,7.542857,0.0001314506,0.01050178,1.0615304e-06,5.4836273e-06,0.0,True
2003-03-17,94.66,3.0,6.9000006,13.185715,1.9142857,59.485714,1.6999999,1.4857142,2.0714285,9.457143,7.428571,5.465001e-05,0.009502672,-7.2791902999999985e-25,5.5879354e-09,0.0,True
2003-03-24,94.65,0.0,6.2285714,14.7,-1.2,55.57143,1.9000002,1.457143,2.1714284,8.857142,8.071428,4.4703484e-08,0.008527838,-7.2791902999999985e-25,0.0,0.0,True
2003-03-31,94.63,4.3,12.928572,19.87143,6.585715,65.7,1.9285715,1.5285715,2.3285713,8.342857,12.957143,3.0390918e-05,0.007568866,-7.2791902999999985e-25,0.0,0.0,True
2003-04-07,94.63,10.599999,6.7571435,12.157143,1.9285715,57.785713,2.1857142,1.7714283,2.3857143,7.857143,9.314285,0.00011280179,0.006689459,2.8979211e-05,0.0001488626,0.0003327541,True
2003-04-14,94.62,0.6,7.085714,13.114286,-0.41428572,49.642857,2.2857144,1.5571429,2.6857142,7.2285714,9.457143,1.1920929e-05,0.005914852,0.00017243907,0.0007554181,0.0006030835,True
2003-04-21,94.61,0.1,14.014287,20.67143,7.142857,47.67143,3.7142854,1.8428572,4.142857,6.114286,14.814285,9.469688e-06,0.005142331,3.0653817e-07,4.339963e-06,0.0,True
2003-04-28,94.6,4.5,15.271429,21.928572,8.771429,61.357143,2.957143,1.2285715,3.2571428,5.8142858,16.457144,4.9754977e-05,0.004458323,-7.2791902999999985e-25,3.7252903e-09,0.0,True
2003-05-05,94.58,1.2,15.971429,22.628572,9.0,60.0,3.357143,1.5142858,3.6142857,5.6571426,16.528572,0.00010932237,0.0038928166,-7.2791902999999985e-25,7.450581e-09,0.0,True
2003-05-12,94.55,15.700001,17.385715,23.242859,11.928572,67.97143,3.1857142,1.4285715,3.7,5.5285716,20.0,9.0532005e-05,0.0033583716,-7.2791902999999985e-25,7.450581e-09,0.0,True
2003-05-19,94.53,30.6,12.571428,17.185715,8.400001,73.15715,2.3142855,1.6857144,2.457143,5.742857,15.571428,0.0012423098,0.002942808,-7.2791902999999985e-25,7.450581e-09,0.0,True
2003-05-26,94.51,27.9,15.314286,19.84286,11.442857,75.71429,2.5857143,2.157143,2.8285713,6.4714284,17.1,0.00020558387,0.002640836,-7.2791902999999985e-25,7.450581e-09,0.0,True
2003-06-02,94.47,1.7,20.985716,27.014286,14.900001,70.62858,3.6714284,2.542857,4.0571427,5.928571,23.0,7.311255e-05,0.0023614466,-7.2791902999999985e-25,1.1175871e-08,0.0,True
2003-06-09,94.43,1.8,22.985716,29.714285,16.857143,63.94286,4.3,2.357143,5.1571426,5.1714287,26.72857,7.110834e-05,0.0020870045,-7.2791902999999985e-25,7.450581e-09,0.0,True
2003-06-16,94.39,16.400002,22.657145,29.814287,16.7,64.4,4.5000005,2.142857,4.9857144,4.8142858,26.585714,5.2779913e-05,0.001820296,-7.2791902999999985e-25,1.1175871e-08,0.0,True
2003-06-23,94.36,1.2,21.628572,27.67143,14.757143,57.657143,4.6285715,1.6142857,4.9714284,4.4714284,24.37143,7.073581e-05,0.0015912205,-7.2791902999999985e-25,1.1175871e-08,0.0,True
2003-06-30,94.34,2.6000001,22.514286,29.428572,15.585715,55.75714,4.4142857,0.7285715,5.1857142,4.285714,25.942858,4.4584274e-05,0.001376003,-7.2791902999999985e-25,7.450581e-09,0.0,True
2003-07-07,94.31,17.6,18.157145,23.314287,14.328572,70.61429,3.0857146,2.1714284,3.6285713,4.8714285,20.671429,0.00013142079,0.001218304,-7.2791902999999985e-25,1.1175871e-08,0.0,True
2003-07-14,94.28,0.0,22.314285,28.457144,14.728571,48.55714,4.985714,1.2714287,5.6857142,4.2285714,25.285715,7.4505806e-08,0.0010832995,-7.2791902999999985e-25,7.450581e-09,0.0,True
2003-07-21,94.2,8.7,24.485716,31.885715,16.4,49.87143,4.914286,1.1,5.785714,4.1285715,26.0,5.134195e-05,0.00093399733,-7.2791902999999985e-25,1.1175871e-08,0.0,True
2003-07-28,94.21,11.5,21.77143,28.114286,16.785715,65.25715,3.542857,1.6857144,4.157143,4.214286,24.671429,8.696318e-05,0.0008206293,-7.2791902999999985e-25,7.450581e-09,0.0,True
2003-08-04,94.19,1.5,23.985716,31.714285,15.857142,55.61429,4.1857142,1.5571429,4.8428574,4.0,25.885714,1.7285347e-05,0.0007303804,-7.2791902999999985e-25,3.7252903e-09,0.0,True
2003-08-11,94.14,0.0,28.457144,36.914284,19.9,42.957146,5.014286,0.44285712,5.7714286,3.6,28.87143,4.9620867e-06,0.00062821805,-7.2791902999999985e-25,3.7252903e-09,0.0,True
2003-08-18,94.11,7.6,24.442858,32.157143,17.4,47.92857,4.4,0.71428573,5.4714284,3.4714286,26.514286,4.8577785e-05,0.0005406514,-7.2791902999999985e-25,9.313226e-09,0.0,True
2003-08-25,94.08,1.0,21.671429,28.5,14.300001,53.55714,3.6142857,0.29999998,4.428571,3.3428571,24.357143,1.758337e-06,0.0004779026,-7.325276e-25,3.7252903e-09,0.0,True
2003-09-01,94.1,20.9,17.385715,23.671429,11.885714,65.828575,2.5142858,1.1,3.0285714,3.6857142,20.37143,9.614229e-05,0.00042685866,-7.345365000000001e-25,7.450581e-09,0.0,True
2003-09-08,94.12,20.7,16.2,23.34286,10.2,65.58572,2.2428572,1.2428572,2.9285715,3.8,18.485714,8.735061e-05,0.0003934279,-7.345365000000001e-25,1.8626451e-09,0.0,True
2003-09-15,94.19,5.2,15.285714,20.985716,10.142858,69.700005,1.9714285,1.3714285,2.457143,4.257143,17.114286,6.0796738e-05,0.00036596507,-7.345365000000001e-25,9.313226e-09,0.0,True
2003-09-22,94.19,1.5,18.37143,28.7,9.614286,60.328575,2.2714286,1.1,3.042857,3.6857142,19.642857,1.5646219e-06,0.00033906847,-7.345365000000001e-25,1.8626451e-09,0.0,True
2003-09-29,94.23,3.9999998,13.757143,20.285715,8.342857,65.457146,1.5,0.78571427,2.2285714,3.5285714,15.457143,3.9443374e-05,0.00031437725,-7.345365000000001e-25,3.7252903e-09,0.0,True
2003-10-06,94.27,16.3,12.771429,17.657145,8.185715,77.35714,1.0714287,0.8285714,1.4428571,3.857143,13.314285,0.000105306506,0.00029746443,-7.345365000000001e-25,3.7252903e-09,0.0,True
2003-10-13,94.34,18.3,10.8714285,14.357142,7.8285713,78.0,0.9714285,0.88571435,1.2571429,5.757143,11.114285,0.0005673319,0.0002856627,-7.345365000000001e-25,5.5879354e-09,0.0,True
2003-10-20,94.35,6.3,6.642857,12.485715,1.6857144,67.15714,0.9571429,0.7428571,1.4,5.6714287,8.214286,4.2647123e-05,0.00027404726,-7.345365000000001e-25,0.0,0.0,True
2003-10-27,94.36,3.9,3.9714286,7.928571,0.5857143,78.74286,0.4857143,0.4571429,0.78571427,6.1,4.9857144,5.518645e-05,0.00026461482,4.342624e-06,1.6992912e-05,2.2105873e-05,True
2003-11-03,94.38,14.700001,7.785714,11.342857,4.2000003,83.114296,0.68571424,0.64285713,0.8000001,6.5285716,6.8714285,0.00021119416,0.00025660545,1.0274705e-06,4.688278e-06,0.0,True
2003-11-10,94.39,0.0,6.9857144,13.157144,1.8571428,75.957146,0.5714286,0.45714286,0.7285714,6.742857,6.3142858,2.0861626e-07,0.00024940073,-7.345365000000001e-25,0.0,0.0,True
2003-11-17,94.4,20.400002,5.785714,8.400001,2.9714286,87.200005,0.31428573,0.3,0.5,6.9142857,5.2,0.0001809448,0.00024300814,-7.345365000000001e-25,1.8626451e-09,0.0,True
2003-11-24,94.42,3.4,7.642857,10.971429,4.6142855,90.77143,0.27142859,0.25714287,0.40000004,7.7285714,7.0285716,0.0001084283,0.00023788959,-7.345365000000001e-25,3.7252903e-09,0.0,True
2003-12-01,94.38,19.7,6.957143,9.557143,4.3142858,88.114296,0.24285714,0.24285714,0.44285712,8.342857,6.3428574,0.0002695173,0.0002335459,-7.345365000000001e-25,0.0,0.0,True
2003-12-08,94.47,0.6,2.8428571,5.7714286,0.20000008,82.299995,0.18571429,0.15714286,0.3857143,8.7,3.057143,7.607043e-06,0.00023031235,-7.345365000000001e-25,0.0,0.0,True
2003-12-15,94.51,16.3,3.5285716,7.157143,0.100000024,79.11428,0.5714286,0.5714286,0.5285714,9.071428,1.8571428,0.0012318566,0.00022773445,3.5984176e-05,0.000124285,0.00042454526,True
2003-12-22,94.36,2.7,3.4285715,6.8,0.34285715,81.58572,0.44285712,0.44285712,0.5428571,9.9,2.142857,0.00011725724,0.00022616982,0.00021711986,0.00039856508,0.0005087517,True
2003-12-29,94.36,0.70000005,2.4,5.457143,-1.1571429,74.1,0.3,0.3,0.6999999,10.042857,0.82857144,4.3198466e-05,0.00022559613,0.00035389833,0.0004981365,0.00024701655,True
2004-01-05,94.38,2.6,-0.74285716,1.7285715,-3.7714288,79.98572,0.25,0.2,0.44285712,10.0,0.35,7.666647e-06,0.00022572279,0.001467404,0.00026620366,0.0060302094,True
2004-01-12,94.46,34.0,5.1571426,7.7285714,2.957143,88.442856,0.41428572,0.41428572,0.5,10.6285715,1.5428572,0.0018012002,0.0024744496,0.0017116297,0.0068429485,0.0007984638,True
2004-01-19,94.48,27.8,4.2714286,6.9857144,2.0571427,80.12858,0.75714284,0.75714284,0.81428576,11.071428,3.3428571,0.0006543249,0.0012924597,0.0003447249,0.0008196216,0.005987335,True
2004-01-26,94.53,6.1,0.15714286,3.4714286,-2.5142858,80.75714,0.24285717,0.24285717,0.34285715,10.557143,0.2,0.0009521395,0.0003151521,0.004144663,0.0037819613,0.0049579553,True
2004-02-02,94.58,3.9,4.642857,6.6714287,2.0571427,73.88572,0.8142857,0.78571427,1.1,10.271428,2.2142856,0.00063373893,0.00040294975,0.009544821,0.01649772,0.011735119,True
2004-02-09,94.53,6.1,8.714286,12.485715,5.2714286,69.61429,1.3428571,1.2571429,1.5142858,9.928572,6.714286,0.00013139844,0.00052565336,5.9860093e-05,0.00012307242,0.00049165636,True
2004-02-16,94.57,8.7,3.8428574,6.928571,1.0,84.47143,0.48571426,0.45714283,0.5714286,10.142858,3.6285715,0.00021411479,0.00066024065,0.0017593134,0.0047462005,0.004858922,True
2004-02-23,94.57,2.2,1.9714288,5.6,-1.1142857,72.3,0.7142857,0.64285713,0.9285714,10.0,1.9285715,7.084012e-05,0.00078534335,0.0005207743,0.00053005293,0.0013357475,True
2004-03-01,94.51,6.4,-0.2857143,4.142857,-4.285714,73.37142,0.61428577,0.58571434,0.87142855,9.885715,0.25714287,5.8986247e-05,0.0008880198,0.0044486807,0.0021794178,0.0065593943,True
2004-03-08,94.49,8.200001,1.9142858,6.2714286,-1.3142856,77.700005,0.82857144,0.7285714,0.87142855,9.828571,1.5285715,0.00022697449,0.0009714514,0.003887818,0.00819093,0.0053256117,True
2004-03-15,94.48,12.3,4.642857,8.614286,0.71428573,81.07143,0.9142857,0.88571435,1.0571429,9.9,3.9571428,0.00032281876,0.0010476783,0.0033807585,0.008934626,0.007416863,True
2004-03-22,94.52,5.3,11.542857,17.37143,6.3428574,68.35714,1.9714286,1.8142856,2.142857,9.457143,10.928572,0.0012840629,0.0011392832,5.284945e-06,4.5388937e-05,0.0,True
2004-03-29,94.48,0.1,4.428571,9.985715,-0.61428577,64.8,1.3714286,1.1714286,1.7285715,9.271428,6.6571426,6.1266124e-05,0.0012484416,2.054941e-05,4.8035756e-05,6.591529e-05,True
2004-04-05,94.47,5.1,11.785714,17.914286,5.785714,57.257145,2.4142854,1.9714286,2.7714286,8.7,11.771428,8.671731e-05,0.0013314709,2.1741503e-06,1.5746802e-05,0.0,True
2004-04-12,94.45,5.2,7.142857,12.257143,2.1857142,71.35714,1.7142856,1.5428572,2.0285714,8.728572,8.8,0.00024864078,0.0013673306,-7.2791902999999985e-25,0.0,0.0,True
2004-04-19,94.43,0.2,11.885715,18.042858,5.414286,56.557148,2.642857,2.0428572,3.042857,8.1285715,13.328571,3.65898e-05,0.0013701394,-7.2791902999999985e-25,0.0,0.0,True
2004-04-26,94.46,0.5,13.414286,19.485716,6.357143,61.885715,2.7999997,1.8571427,3.0714285,7.2285714,15.657143,1.4536083e-05,0.0013420209,-7.2791902999999985e-25,1.8626451e-09,0.0,True
2004-05-03,94.5,4.3999996,16.285715,22.557144,10.400001,63.285713,2.8999999,1.9285713,3.3714287,6.542857,18.085714,0.00024577975,0.0012972057,-7.2791902999999985e-25,0.0,0.0,True
2004-05-10,94.48,49.0,10.6285715,13.771429,8.142858,83.35714,1.6142857,1.4142858,1.6428572,7.957143,12.942857,0.0008954853,0.0028087646,-7.2791902999999985e-25,0.0,0.0,True
2004-05-17,94.44,0.6,13.842857,19.885714,7.5,67.44286,2.7571428,2.1857142,3.2857144,8.528571,16.585714,1.7508864e-05,0.0012451485,-7.2791902999999985e-25,3.7252903e-09,0.0,True
2004-05-24,94.43,0.1,14.342857,20.785715,7.3,59.5,3.4285712,2.4714284,3.8714287,7.5142856,18.957144,2.8386712e-05,0.0012046397,-7.2791902999999985e-25,3.7252903e-09,0.0,True
2004-05-31,94.39,11.099999,15.342857,22.214285,6.871429,52.714287,3.742857,2.2285714,4.3857145,6.6714287,19.185715,3.9353967e-05,0.001150459,-7.2791902999999985e-25,0.0,0.0,True
2004-06-07,94.34,17.1,15.885715,22.34286,9.942857,74.11428,2.585714,1.9142857,3.2714286,6.714286,18.742857,0.00012844801,0.0010914877,-7.2791902999999985e-25,3.7252903e-09,0.0,True
2004-06-14,94.31,20.5,19.885715,26.685715,13.542857,67.17143,3.8142858,2.6142857,4.3714285,6.3714285,22.77143,0.0005800724,0.0010268167,-7.2791902999999985e-25,1.1175871e-08,0.0,True
2004-06-21,94.28,6.9,16.414286,21.585714,10.842857,65.8,3.3285716,2.2142856,3.7714286,5.785714,19.928572,5.377829e-05,0.00096502155,-7.2791902999999985e-25,3.7252903e-09,0.0,True
2004-06-28,94.22,0.5,19.071428,24.414288,13.242858,53.657143,4.1857142,2.0,4.8714285,5.2285714,20.314285,4.4472516e-05,0.0009073764,-7.2791902999999985e-25,3.7252903e-09,0.0,True
2004-07-05,94.23,9.0,18.028572,23.47143,12.7,61.328575,3.6857142,1.6428572,4.0285716,4.957143,20.671429,0.00014710426,0.00083950907,-7.2791902999999985e-25,1.1175871e-08,0.0,True
2004-07-12,94.26,32.3,17.014286,21.571428,13.0,68.85715,2.942857,2.2,3.3,5.428571,19.285715,0.0002232194,0.00078412145,-7.2791902999999985e-25,1.1175871e-08,0.0,True
2004-07-19,94.25,5.5,20.271427,26.0,14.914286,67.22857,3.2428572,2.4857142,3.8,5.3142858,21.7,0.00012511015,0.00073832273,-7.284705e-25,1.3038516e-08,0.0,True
2004-07-26,94.24,31.099998,21.27143,27.1,16.157145,70.02857,3.5714285,2.8142858,3.9285715,5.214286,24.571428,0.00024143606,0.00068929046,-7.345365000000001e-25,7.450581e-09,0.0,True
2004-08-02,94.19,0.0,21.585714,28.37143,13.885715,53.228573,4.1571426,2.4285715,4.785714,4.714286,24.428572,2.5555491e-06,0.00064154714,-7.345365000000001e-25,1.1175871e-08,0.0,True
2004-08-09,94.19,4.2,24.428572,31.542858,17.285715,54.357143,4.2428575,1.3428571,4.9,4.2285714,26.185715,6.735325e-05,0.0005846247,-7.345365000000001e-25,3.7252903e-09,0.0,True
2004-08-16,94.19,42.3,20.47143,26.528574,16.4,73.35714,2.8714283,1.9857143,3.3285713,5.0857143,22.471428,0.00041300803,0.0005373508,-7.345365000000001e-25,1.6763806e-08,0.0,True
2004-08-23,94.21,15.1,19.128572,24.885715,14.542857,72.47143,2.7571428,2.4142857,3.3857143,5.5142856,21.1,0.00013960898,0.0005060956,-7.345365000000001e-25,9.313226e-09,0.0,True
2004-08-30,94.2,60.600002,17.300001,21.37143,14.071428,78.62858,2.0,1.8999999,2.3428571,6.5285716,18.571428,0.00066395104,0.00048059225,-7.345365000000001e-25,1.6763806e-08,0.0,True
2004-09-06,94.16,0.4,18.757143,26.085714,11.957144,67.17143,2.5857143,2.0,3.2714286,6.6857142,20.528572,2.2426248e-06,0.0004588142,-7.345365000000001e-25,9.313226e-09,0.0,True
2004-09-13,94.12,19.6,18.84286,24.928572,12.771429,61.971428,2.7,2.0142858,3.4857142,6.0142856,20.585714,5.246699e-05,0.00043265522,-7.345365000000001e-25,7.450581e-09,0.0,True
2004-09-20,94.1,1.4,14.542857,20.742857,8.642858,72.14286,1.6571429,1.1857144,2.2,5.928571,16.885714,1.8201768e-05,0.00041173398,-7.345365000000001e-25,5.5879354e-09,0.0,True
2004-09-27,94.15359699178256,35.100002,13.028572,16.085714,10.557143,77.28571,1.2571429,1.1142857,1.8999999,6.6,13.814285,0.0015008524,0.00039629638,-7.345365000000001e-25,1.1175871e-08,0.0,False
2004-10-04,94.1692831873159,3.0,14.157143,19.4,9.757143,80.27143,1.0142857,0.8714285,1.4571428,7.114286,15.085714,0.0001847893,0.00038602948,-7.345365000000001e-25,3.7252903e-09,0.0,True
2004-10-11,94.1970804383633,16.4,12.414286,16.757143,8.985715,76.200005,0.9285714,0.78571427,1.5428572,7.714286,13.257143,9.968877e-05,0.00037602335,-7.345365000000001e-25,3.7252903e-09,0.0,False
2004-10-18,94.15851209375556,10.2,8.985715,13.657144,5.3,81.88572,0.78571427,0.7,1.0142857,8.585714,9.914286,0.00023833662,0.00036764145,-7.345365000000001e-25,5.5879354e-09,0.0,True
2004-10-25,94.14,8.400001,12.728572,18.228573,7.1,80.700005,0.90000004,0.8285714,1.1714286,9.042857,11.6285715,0.00035529584,0.0003617555,-7.345365000000001e-25,5.5879354e-09,0.0,True
2004-11-01,94.23,22.0,10.928572,14.1,8.057143,88.02857,0.42857143,0.42857143,0.67142856,9.7,11.028571,0.00026347488,0.00035771728,-7.345365000000001e-25,1.8626451e-09,0.0,True
2004-11-08,94.23,7.5,8.771429,11.757143,5.571429,85.97143,0.37142858,0.35714287,0.5857143,9.828571,9.357142,0.00016672909,0.00035657734,-7.345365000000001e-25,0.0,0.0,True
2004-11-15,94.31,21.6,2.4,4.957143,0.10000004,87.47143,0.27142859,0.27142859,0.44285718,10.242857,3.142857,0.00029728562,0.00035806745,0.0048287823,0.009442668,0.011393994,True
2004-11-22,94.3182339327079,7.6,5.5,8.3714285,1.9714286,79.614296,0.62857145,0.62857145,0.8,10.328571,4.614286,0.00084520876,0.0010530278,0.00039400373,0.002409231,0.00024628453,True
2004-11-29,94.3169711731894,4.3999996,4.657143,8.185715,1.1571429,87.57143,0.27142859,0.25714287,0.40000004,10.228572,4.3285713,0.00012351573,0.00039801747,2.3614793e-06,2.261065e-05,0.0,True
2004-12-06,94.3688773416596,3.4,3.6857145,6.1285715,1.6142857,87.22858,0.15714286,0.15714286,0.31428573,10.214286,3.3714285,0.0001078248,0.00044567138,1.3209525e-05,1.8417835e-05,6.395951e-05,False
2004-12-13,94.38693423865736,0.0,-0.08571428,2.0428572,-2.4428573,86.37144,0.08571429,0.057142857,0.27142859,10.2,0.6142857,7.1525574e-07,0.0004952997,3.4093857e-05,2.3394823e-05,1.8805265e-05,True
2004-12-20,94.36,12.8,0.9857143,3.5285716,-1.5142858,85.94286,0.2857143,0.2857143,0.37142858,10.457143,0.014285714,0.0004574433,0.00054208934,0.0019933495,0.0010499153,0.0075317547,True
2004-12-27,94.4172514052526,10.5,2.5714285,5.0,-0.31428576,84.44286,0.27142859,0.27142859,0.5285714,10.4,1.2142857,0.00063131005,0.00061332434,0.003127944,0.009122128,0.00258388,True
2005-01-03,94.48,11.0,3.5285716,5.7000003,0.9857144,85.6,0.2,0.2,0.59999996,10.325,0.575,0.0003965199,0.00078924,0.0014308577,0.0034381617,0.0031812787,True
2005-01-10,94.49,6.3999996,7.1714287,10.8714285,3.4428573,79.314285,0.82857144,0.8142857,0.8142857,10.185715,5.0857143,0.00043697655,0.0013554767,7.373946e-06,5.2725896e-05,2.4959445e-07,True
2005-01-17,94.52,3.6,2.5142858,6.228572,-0.95714295,86.02857,0.35714284,0.34285712,0.41428572,10.085714,2.7571428,8.8870525e-05,0.0013819411,1.2431826e-06,6.2957406e-07,3.0137599e-06,True
2005-01-24,94.52,10.7,4.1285715,7.4428573,1.2285715,76.25715,0.7999999,0.7999999,0.94285715,10.514286,2.6714287,0.0009059012,0.002896838,0.0004573436,0.0009485297,0.0033458024,True
2005-01-31,94.51,5.7,-2.057143,0.44285712,-4.9,78.3,0.042857144,0.042857144,0.5714286,10.242857,-0.18571429,0.00016013905,0.0020144954,0.0046500424,0.0023006145,0.0057851374,True
2005-02-07,94.52,4.5,1.7714287,5.2714286,-1.2714287,78.0,0.5285714,0.5285714,0.55714285,10.142858,0.47142857,0.00022399426,0.0022966564,0.002221221,0.004867768,0.0013427064,True
2005-02-14,94.58,35.0,3.9142857,7.228572,1.1428572,84.32857,0.77142864,0.77142864,0.7571429,10.557143,2.5714285,0.002020441,0.0068839714,0.00112361,0.0025778003,0.0052614175,True
2005-02-21,94.72,14.1,-0.114285715,2.0714285,-2.3714287,79.14286,0.20000002,0.20000002,0.7285714,10.528571,0.31428573,5.8926642e-05,0.0048709065,0.008828935,0.002173949,0.011521187,True
2005-02-28,94.71,6.2,-3.1285717,0.9857143,-7.428571,76.41429,0.10000001,0.10000001,0.6571428,10.328571,0.14285715,8.030981e-05,0.005636573,0.014039852,0.0032258965,0.0075090528,True
2005-03-07,94.64,4.8,-3.057143,1.7428572,-8.785714,69.0,0.2857143,0.2857143,0.8142857,10.228572,0.1,8.443743e-05,0.0058379397,0.011546073,0.0033388902,0.0041139685,True
2005-03-14,94.75,8.0,3.414286,7.214286,-0.37142858,74.14286,1.042857,1.0142857,1.1857144,10.1,2.1571429,0.0006778985,0.0059185326,0.0053565046,0.01495878,0.006051168,True
2005-03-21,94.76,0.1,11.400001,17.628572,5.0,63.05714,2.1,1.7714285,2.3714287,9.528571,11.142858,7.1153045e-05,0.006169863,0.0003951334,0.0025576092,0.0,True
2005-03-28,94.73,9.9,11.657144,17.128572,5.557143,77.17143,1.3285714,1.2285713,1.6857144,9.242857,12.328571,0.00051254034,0.0062000155,-7.345365000000001e-25,7.636845e-08,0.0,True
2005-04-04,94.73,19.5,11.285714,18.0,4.5142856,62.614285,2.0285716,1.7571429,2.1714284,9.514286,12.6285715,0.00071679056,0.0072615594,-7.345365000000001e-25,0.0,0.0,True
2005-04-11,94.71,11.5,9.042857,13.414286,4.5285716,73.22858,1.7285715,1.6285714,1.8857144,9.285714,10.5,0.00036118925,0.0064017996,-7.345365000000001e-25,1.7881393e-07,2.0489097e-07,True
2005-04-18,94.78,19.8,13.2,19.47143,7.8,68.12858,2.0714285,1.7714285,2.4714284,8.9,13.842857,0.0019953847,0.006208174,-7.345365000000001e-25,2.7939677e-08,0.0,True
2005-04-25,94.81,39.0,9.885714,14.985715,4.914286,75.94286,1.8428571,1.7714287,1.8714286,10.171429,12.971429,0.0016838908,0.008781038,-7.345365000000001e-25,0.0,0.0,True
2005-05-02,94.83,3.8999999,16.6,23.385715,9.157144,66.52857,3.128571,2.7428572,3.4142857,9.814285,17.971428,8.790195e-05,0.0066482276,-7.345365000000001e-25,0.0,0.0,True
2005-05-09,94.78,19.0,11.542857,16.671429,7.6714287,72.22857,2.3428574,2.3,2.5142858,9.542857,14.328571,0.0015994012,0.0065235198,-7.345365000000001e-25,7.450581e-09,0.0,True
2005-05-16,94.79,17.8,11.771429,17.285715,5.4000006,64.47143,2.7,2.3714287,3.1142857,9.385715,14.585714,0.00027932972,0.006354995,-7.345365000000001e-25,3.7252903e-09,0.0,True
2005-05-23,94.73,10.299999,14.17143,19.457142,8.900001,71.37143,2.642857,2.3714287,3.0857143,9.228572,17.142857,0.00031187385,0.006089747,-7.345365000000001e-25,3.7252903e-09,0.0,True
2005-05-30,94.67,1.2,20.957144,27.728573,12.685715,61.985718,4.3714285,3.4571426,4.7000003,8.514286,23.87143,6.8582594e-05,0.005699292,-7.345365000000001e-25,7.450581e-09,0.0,True
2005-06-06,94.59,0.2,16.628572,22.328571,10.2,59.485718,3.6428568,2.7142856,4.3142858,7.385714,20.6,0.00014550984,0.0052230507,-7.345365000000001e-25,3.7252903e-09,0.0,True
2005-06-13,94.56,0.0,13.7,19.314287,6.328572,56.07143,3.2999997,1.8000001,3.7285712,6.385714,18.27143,1.5437603e-05,0.004746966,-7.345365000000001e-25,0.0,0.0,True
2005-06-20,94.46,2.3,20.557144,26.814287,12.885714,60.44286,4.2285714,1.1571429,4.342857,5.928571,23.4,4.3332577e-05,0.0042840093,-7.345365000000001e-25,7.450581e-09,0.0,True
2005-06-27,94.39,8.8,24.542858,31.357143,17.457144,57.97143,5.1285715,1.0285715,5.6,5.6571426,27.528572,6.6399574e-05,0.0037194565,-7.345365000000001e-25,7.450581e-09,0.0,True
2005-07-04,94.4,41.5,21.257143,27.357143,16.328571,69.42857,3.7000003,2.457143,4.1142855,6.257143,23.985714,0.0016396344,0.0032427832,-7.345365000000001e-25,1.4901161e-08,0.0,True
2005-07-11,94.34,15.0,17.557142,23.214285,11.857142,68.51429,3.3142858,2.6714287,3.6714287,6.642857,20.414286,0.00019924343,0.002903469,-7.345365000000001e-25,7.450581e-09,0.0,True
2005-07-18,94.3,0.1,23.47143,30.642857,15.571428,56.67143,4.7428575,3.114286,5.1142855,5.885714,26.042856,4.87566e-05,0.0025717244,-7.345365000000001e-25,7.450581e-09,0.0,True
2005-07-25,94.25,7.5,18.685715,23.47143,14.214286,66.92857,3.1857145,1.9857142,3.5714285,5.3714285,20.928572,0.00014959276,0.0022784173,-7.345365000000001e-25,7.450581e-09,0.0,True
2005-08-01,94.19,14.7,22.028574,28.542858,15.642858,64.98572,3.8428571,2.457143,4.428571,5.4142857,24.385714,1.9222498e-05,0.0020293146,-7.345365000000001e-25,7.450581e-09,0.0,True
2005-08-08,94.16,9.8,16.957144,22.314285,12.17143,68.34286,2.7,2.1142857,3.1571429,5.3,19.714285,0.00011059642,0.0018112436,-7.345365000000001e-25,7.450581e-09,0.0,True
2005-08-15,94.15,25.0,16.385714,22.642857,11.3714285,74.08572,2.5,1.8428571,2.8857143,5.214286,19.014286,0.00012822449,0.0016343072,-7.345365000000001e-25,7.450581e-09,0.0,True
2005-08-22,94.15,4.4,19.742857,25.185715,15.157144,72.37143,2.6285713,2.085714,3.3999999,5.8142858,21.1,0.00012011826,0.0014848039,-7.345365000000001e-25,1.1175871e-08,0.0,True
2005-08-29,94.13,5.9,17.514286,23.52857,11.857142,70.57143,2.457143,1.8142856,2.8428571,5.8,20.142857,6.74054e-05,0.0013592914,-7.345365000000001e-25,3.7252903e-09,0.0,True
2005-09-05,94.08,0.0,22.228573,29.485716,15.371429,62.44286,3.1714287,1.7857143,3.7714286,5.114286,23.614286,1.8700957e-05,0.0012305453,-7.345365000000001e-25,1.1175871e-08,0.0,True
2005-09-12,94.05,10.0,20.328571,25.957142,15.614286,74.40001,1.9857142,0.9714286,2.3142858,5.214286,22.385714,0.00030009449,0.0011127591,-7.345365000000001e-25,1.1175871e-08,0.0,True
2005-09-19,94.06,8.9,15.1285715,20.414288,10.528571,72.185715,1.6999999,1.3571428,2.2857144,6.428571,16.928572,0.0003606975,0.00103724,-7.345365000000001e-25,5.5879354e-09,0.0,True
2005-09-26,94.11,1.5,14.585715,22.5,7.871429,70.64286,1.6571428,1.2285715,2.042857,6.2714286,16.814285,8.001924e-06,0.00096568465,-7.345365000000001e-25,1.8626451e-09,0.0,True
2005-10-03,94.26,37.8,12.900001,16.571428,9.67143,81.0,0.92857134,0.78571427,1.3714286,6.571429,14.3714285,0.0016406626,0.00090622157,-7.345365000000001e-25,7.450581e-09,0.0,True
2005-10-10,94.25,0.2,14.314286,19.257143,10.400001,83.42857,0.9142857,0.7428571,1.3142856,7.457143,15.042857,2.028048e-05,0.0008638501,-7.345365000000001e-25,9.313226e-09,0.0,True
2005-10-17,94.21,0.1,10.971429,18.414288,4.9000006,77.01429,0.9285714,0.7285715,1.2285715,7.2,12.814285,8.195639e-08,0.0008242801,-7.345365000000001e-25,0.0,0.0,True
2005-10-24,94.18,7.0,11.6285715,15.500001,7.2285714,82.77143,0.78571427,0.7285714,1.0142857,7.257143,11.957143,0.00022422522,0.0007898286,-7.345365000000001e-25,7.450581e-09,0.0,True
2005-10-31,94.14,1.0,12.257143,17.97143,7.8142858,86.01429,0.74285716,0.59999996,0.8428572,7.3428574,12.814285,1.4059246e-05,0.00076146424,-7.345365000000001e-25,5.5879354e-09,0.0,True
2005-11-07,94.21,17.5,11.057143,15.028572,6.3857145,85.457146,0.6285715,0.61428577,0.61428577,7.6285715,10.842857,0.00029970706,0.00073699653,-7.345365000000001e-25,1.8626451e-09,0.0,True
2005-11-14,94.22,0.2,7.085715,12.085714,2.4,86.35714,0.34285715,0.31428573,0.35714287,7.8,7.5857143,3.2186508e-06,0.00071714073,-7.345365000000001e-25,0.0,0.0,True
2005-11-21,94.24,12.4,2.642857,5.5,-0.4,88.85714,0.31428573,0.3,0.3857143,7.9857144,3.6,0.00018955767,0.00070127845,3.9407187e-05,9.977445e-05,0.00028885156,True
2005-11-28,94.25,13.3,1.4857142,3.8,-0.7285714,81.07143,0.35714287,0.31428573,0.5714286,8.457143,0.94285715,8.222461e-05,0.0006885901,0.003920765,0.002284238,0.015282631,True
2005-12-05,94.26,6.6,3.1000001,5.928571,-0.4857143,84.67143,0.32857147,0.32857147,0.3285714,9.0,1.8,0.0006572008,0.0016434863,0.007883662,0.01255855,5.9120357e-05,True
2005-12-12,94.28,9.799999,2.2428572,4.8857145,-0.9714286,85.92857,0.21428573,0.21428573,0.2857143,9.5,1.8857143,0.00010886043,0.0006737113,0.00019986856,0.00044625252,0.00018563867,True
2005-12-19,94.31,12.4,3.0428574,4.928571,0.44285718,84.38572,0.42857143,0.42857143,0.5428571,9.814285,1.4428571,0.00028143823,0.0006771907,0.0010045199,0.00027949736,0.0063149,True
2005-12-26,94.33,13.900001,2.2285714,4.0,0.17142855,92.77143,0.20000002,0.18571429,0.2857143,10.071428,1.5714285,0.0003086552,0.0006942749,0.003804763,0.006246563,0.0025616828,True
2006-01-02,94.33,10.9,0.20000002,2.4285715,-2.4714284,88.17143,0.08,0.08,0.24285714,10.28,0.28,0.0003380999,0.0007349774,0.0060765687,0.009937875,0.010373108,True
2006-01-09,94.32,0.0,0.8428572,2.8142858,-2.4857142,83.614296,0.21428572,0.21428572,0.31428573,10.228572,0.2,3.8668513e-05,0.00081166625,0.0026079586,0.0014181733,0.00024862587,True
2006-01-16,94.33,5.4,-2.7142856,-0.27142859,-5.657143,87.77143,0.028571429,0.028571429,0.20000002,10.185715,-1.2857143,3.5062432e-05,0.0009060055,0.004014844,0.0010612495,0.0034755468,True
2006-01-23,94.32,6.3999996,1.6285715,4.1857142,-1.8714286,84.38572,0.27142859,0.27142859,0.42857143,10.285714,-0.2857143,0.0006096512,0.0010102764,0.0026329132,0.0079232715,0.0038146526,True
2006-01-30,94.31,6.7,-3.5285716,0.8714286,-8.457143,73.32857,0.114285715,0.114285715,0.3285714,10.242857,-2.4,7.7188015e-06,0.001192607,0.0038819085,0.000309404,0.0050282925,True
2006-02-06,94.29,1.3000001,-2.9857142,-0.4857143,-6.3,89.48572,0.057142857,0.057142857,0.25714287,10.2,-2.3285713,4.7922134e-05,0.0013713911,0.003796515,0.0018602218,0.0008277744,True
2006-02-13,94.31,4.0,1.8285714,4.2714286,-1.1,78.28571,0.59999996,0.5857143,0.64285713,10.085714,-0.014285714,0.00028435886,0.0015205592,0.0026741652,0.004259227,0.00359435,True
2006-02-20,94.4,20.0,5.7714286,8.900001,2.8428574,81.37144,0.8428572,0.8428572,0.82857144,10.514286,2.3142858,0.0013760403,0.0041687787,0.0009247235,0.004737867,0.0021586195,True
2006-02-27,94.39,0.90000004,1.8285714,4.7428575,-1.1428572,70.6,0.61428577,0.5857143,0.9857143,10.185715,1.1428572,7.5519085e-05,0.0023501292,0.0003823042,0.00040242635,0.00079595856,True
2006-03-06,94.37,17.5,-0.09999999,2.7428572,-2.8,82.88572,0.5,0.5,0.74285716,10.385715,0.08571429,0.00011561811,0.0028327405,0.011900924,0.004050333,0.023414377,True
2006-03-13,94.6,29.900002,2.2,6.0,-1.4285715,75.85714,0.6571428,0.6571428,1.0571429,10.728572,1.3142858,0.0038546026,0.010638952,0.0069503216,0.0197718,0.003438659,True
2006-03-20,94.61,0.0,2.6000001,8.214286,-2.2857144,64.185715,1.1714286,1.0571429,1.4857142,10.014286,2.5857143,4.2766333e-05,0.0063940883,0.001116906,0.0018299986,0.00026775897,True
2006-03-27,94.62,12.1,8.271429,11.914286,4.8428574,75.6,1.4285715,1.3714285,1.4142857,9.757143,8.214286,0.00044040382,0.0066611767,0.00018501849,0.0008457806,0.0007133633,True
2006-04-03,94.61,9.2,10.900001,14.971429,7.142857,74.92857,1.8428571,1.8285714,1.8428571,10.042857,10.442857,0.0011716187,0.006768644,-7.345365000000001e-25,9.313226e-09,0.0,True
2006-04-10,94.61,0.7,7.457143,12.342857,1.8714286,57.642857,2.0142856,1.8000001,2.2857144,9.828571,9.242857,8.521974e-05,0.0070058405,-7.345365000000001e-25,0.0,0.0,True
2006-04-17,94.58,17.7,9.485715,13.442858,5.328572,77.5,1.5428572,1.4714286,1.6571429,9.714286,10.014286,0.000336349,0.0069821104,-7.345365000000001e-25,5.1781535e-07,5.2154064e-07,True
2006-04-24,94.54,2.7,12.985715,20.2,5.3,61.100002,2.7857144,2.3142855,2.9428573,9.214286,15.557143,1.9848347e-05,0.0067654774,-7.345365000000001e-25,0.0,0.0,True
2006-05-01,94.51,6.6,12.028572,16.414286,7.642857,68.057144,2.0428572,1.8428571,2.4714284,8.742857,14.285714,0.00029879808,0.006426677,-7.345365000000001e-25,5.5879354e-09,0.0,True
2006-05-08,94.43,0.0,17.857143,24.457144,10.271429,47.985718,4.457143,3.142857,4.8142858,7.8,19.214285,4.515052e-06,0.0059866384,-7.345365000000001e-25,3.7252903e-09,0.0,True
2006-05-15,94.4,4.4,16.242857,22.942858,9.142858,62.92857,3.3714287,2.0285714,3.5857143,6.8142858,18.942858,0.00011257827,0.0054111555,-7.345365000000001e-25,3.7252903e-09,0.0,True
2006-05-22,94.39,32.1,15.957144,20.285715,12.271429,71.78571,2.9285715,2.6000001,2.942857,7.1571426,17.285715,0.00033266842,0.0049033836,-7.345365000000001e-25,1.4901161e-08,0.0,True
2006-05-29,94.42,29.5,14.271429,18.057142,9.428572,72.01429,2.757143,2.457143,2.7571428,7.9857144,15.642858,0.0024626628,0.006529063,-7.345365000000001e-25,1.4901161e-08,0.0,True
2006-06-05,94.36,8.6,11.471429,16.2,7.0428576,69.04286,2.3999999,2.1857142,2.2142856,9.414286,14.328571,0.0002033636,0.004185438,-7.345365000000001e-25,0.0,0.0,True
2006-06-12,94.34,0.0,17.757143,24.628572,9.342857,53.514286,4.5,3.2285714,4.8428574,8.5,21.12857,1.5303493e-05,0.003895983,-7.345365000000001e-25,0.0,0.0,True
2006-06-19,94.29,6.3,22.042858,29.328571,13.928572,60.028572,4.5285716,2.4714286,5.1,6.9142857,25.457144,6.0543418e-05,0.0035147443,-7.345365000000001e-25,1.1175871e-08,0.0,True
2006-06-26,94.22,25.5,21.085714,27.042858,14.957144,63.871433,4.1857142,2.0285714,4.6571426,6.2714286,24.585714,0.00021538138,0.0031570941,-7.345365000000001e-25,7.450581e-09,0.0,True
2006-07-03,94.17,2.9,21.942858,27.657145,15.67143,61.0,4.7000003,2.6714287,5.285714,6.2,25.1,0.00027920306,0.0028376207,-7.345365000000001e-25,1.1175871e-08,0.0,True
2006-07-10,94.11,40.3,23.085714,28.985716,17.285715,67.9,4.1714287,2.4142857,4.585714,6.0857143,26.042856,0.00017099082,0.0025286824,-7.345365000000001e-25,7.450581e-09,0.0,True
2006-07-17,94.07,6.3999996,24.0,30.042858,17.2,53.514286,5.428571,2.4142857,5.957143,5.6571426,26.985714,5.2064657e-05,0.0022491738,-7.345365000000001e-25,1.4901161e-08,0.0,True
2006-07-24,94.02,6.5,25.742859,34.0,17.671429,55.8,5.1714287,1.1142857,5.542857,5.2714286,28.071428,2.0965934e-05,0.0019526482,-7.345365000000001e-25,7.450581e-09,0.0,True
2006-07-31,94.08,5.3,25.014286,31.485716,19.385715,62.128574,4.3285713,1.4857142,4.6142855,5.0285716,27.971428,0.00012481213,0.0017001256,-7.345365000000001e-25,1.1175871e-08,0.0,True
2006-08-07,94.16,53.0,18.728573,23.9,14.357142,70.62858,2.957143,2.1714287,3.457143,5.3142858,21.414286,6.9364905e-05,0.0015208349,-7.345365000000001e-25,7.450581e-09,0.0,True
2006-08-14,94.23,60.800003,15.828572,20.4,12.8714285,76.9,2.2285712,1.8999999,2.5714285,6.0857143,18.857143,0.00022549927,0.0013719723,-7.345365000000001e-25,1.1175871e-08,0.0,True
2006-08-21,94.28,17.5,18.142857,23.685715,13.428572,76.314285,2.642857,2.4285715,2.9142857,7.042857,19.885714,0.00039598346,0.0012636557,-7.345365000000001e-25,9.313226e-09,0.0,True
2006-08-28,94.33,54.300003,16.2,20.77143,12.614286,81.3,1.9857142,1.8571428,2.142857,7.4714284,18.485714,0.0011015832,0.0011689588,-7.345365000000001e-25,1.1175871e-08,0.0,True
2006-09-04,94.31,7.0,17.614286,22.757143,12.971429,74.35714,2.3285716,2.0714285,2.8285713,8.728572,18.614286,0.00016470253,0.0011014119,-7.345365000000001e-25,1.4901161e-08,0.0,True
2006-09-11,94.25,0.0,18.157145,25.557144,11.5,70.75715,2.585714,1.9142857,3.0,7.9428573,21.185715,7.286668e-06,0.0010341853,-7.345365000000001e-25,9.313226e-09,0.0,True
2006-09-18,94.2,5.3,19.314287,24.385715,14.5,76.328575,1.8428572,1.3428571,2.2428572,7.242857,21.414286,0.0010218918,0.000969097,-7.345365000000001e-25,5.5879354e-09,0.0,True
2006-09-25,94.16,10.9,17.828571,24.628572,12.114286,76.457146,1.8142855,1.2142856,2.1857142,7.071429,19.7,3.787875e-05,0.00092243403,-7.345365000000001e-25,3.7252903e-09,0.0,True
2006-10-02,94.25,35.6,16.328571,20.885715,13.0,84.88572,1.1142857,0.9428572,1.4142857,7.757143,18.1,0.0004544556,0.0008820519,-7.345365000000001e-25,3.7252903e-09,0.0,True
2006-10-09,94.41,40.3,12.585715,17.214285,8.085714,84.557144,1.1428572,1.0857142,1.1857144,9.757143,14.042857,0.0034726337,0.0029695258,-7.345365000000001e-25,5.5879354e-09,0.0,True
2006-10-16,94.4,0.1,13.771429,19.328571,9.014286,82.01429,0.88571435,0.7714285,1.2285715,9.342857,14.757143,7.8871846e-05,0.00085505843,-7.345365000000001e-25,7.450581e-09,0.0,True
2006-10-23,94.41,24.099998,13.485715,18.157145,9.557143,82.5,0.9285714,0.8,1.0714285,9.1,13.657143,0.00049009174,0.00085382164,-7.345365000000001e-25,7.450581e-09,0.0,True
2006-10-30,94.44,0.8,14.114286,18.857143,9.285714,80.057144,0.9714285,0.95714283,1.0714285,9.914286,13.614285,0.0004504025,0.0031310916,-7.345365000000001e-25,9.313226e-09,0.0,True
2006-11-06,94.43,4.6,6.957143,10.557143,2.5142858,79.92857,0.6571428,0.6,0.7571429,9.614285,7.542857,5.5655837e-05,0.00091159344,-7.345365000000001e-25,3.7252903e-09,0.0,True
2006-11-13,94.41,11.5,6.914286,10.757143,2.2,83.88572,0.6999999,0.67142856,0.6714286,9.5,7.1571426,0.00034539402,0.00095163286,-7.345365000000001e-25,7.450581e-09,0.0,True
2006-11-20,94.42,7.2,10.785714,14.414286,6.8142858,82.90001,0.6,0.58571434,0.64285713,9.657143,9.485714,0.00023172796,0.0010027736,-7.345365000000001e-25,3.7252903e-09,0.0,True
2006-11-27,94.41,6.3,9.585714,12.885715,6.071429,84.08572,0.5,0.5,0.61428577,10.157143,8.042857,0.00035378337,0.001106292,-7.345365000000001e-25,3.7252903e-09,0.0,True
2006-12-04,94.4,9.3,7.328572,10.057143,3.642857,87.32857,0.4,0.4,0.45714286,10.142858,6.6285715,0.00023503602,0.0012690201,-7.345365000000001e-25,3.7252903e-09,0.0,True
2006-12-11,94.42,9.0,8.071429,10.885715,4.871429,81.6,0.62857145,0.61428577,0.7714286,10.242857,6.9428573,0.0003169179,0.0014334694,-7.345365000000001e-25,3.7252903e-09,0.0,True
2006-12-18,94.42,4.7000003,4.5000005,7.714286,0.8714286,86.24286,0.2857143,0.2857143,0.3285714,10.2,3.8285713,0.00023008883,0.0016660392,-7.345365000000001e-25,1.8626451e-09,0.0,True
2006-12-25,94.41,0.0,2.3142858,5.514286,-0.9142858,82.44286,0.22857144,0.21428572,0.29999998,10.1285715,1.7428571,6.765127e-06,0.0019303486,1.4810335e-05,8.022413e-06,0.00012260675,True
2007-01-01,94.39,12.200001,3.6857142,7.0,-0.6142859,81.057144,0.33333334,0.33333334,0.5428571,10.083333,1.2833333,0.0005811751,0.0021431893,0.0001284622,0.00032570586,0.00019932538,True
2007-01-08,94.41,7.0,7.471429,9.314286,5.114286,81.04286,0.77142864,0.77142864,0.78571427,10.285714,5.7,0.000579834,0.002395153,6.16312e-05,0.000370346,0.00036204606,True
2007-01-15,94.44,1.6999999,8.642858,11.585715,4.557143,77.98572,0.9857144,0.95714283,0.85714287,10.1285715,7.257143,0.00044836104,0.0030697808,1.7597561e-07,2.2724271e-07,2.0042062e-06,True
2007-01-22,94.48,6.4,8.928572,11.285714,5.6285715,78.87144,1.1999999,1.1999999,1.0714285,10.328571,7.0285716,0.0017810315,0.007263437,3.0653817e-07,1.8756837e-06,8.419156e-07,True
2007-01-29,94.52,1.6,0.14285715,2.6857142,-2.6571429,72.9,0.25714287,0.25714287,0.78571427,10.257143,0.51428574,0.00016407669,0.0067266524,0.0022292081,0.0044446476,0.0054223128,True
2007-02-05,94.56,2.3000002,5.228572,7.7714286,1.8571428,84.85714,0.44285712,0.44285712,0.51428574,10.071428,4.4857144,0.000101432204,0.007322848,0.00022892725,0.0008893311,0.0001411438,True
2007-02-12,94.66,34.1,5.2428575,8.042857,2.9714284,85.77143,0.67142856,0.67142856,0.6571428,10.557143,4.1571426,0.001899533,0.009882152,0.0015670458,0.006017411,0.0055873096,True
2007-02-19,94.64,23.0,5.714286,10.071428,0.5714286,77.35714,0.8714286,0.8571429,0.78571427,10.7,5.614286,0.0009989291,0.010503538,8.458183e-07,1.0335818e-05,0.0,True
2007-02-26,94.63,15.8,7.157143,11.485715,2.914286,82.07143,0.9714285,0.9285714,0.87142855,10.114285,6.9142857,0.00025959313,0.011918351,-7.345365000000001e-25,1.8626451e-08,0.0,True
2007-03-05,94.71,25.0,8.428572,12.042857,4.3857145,73.98572,1.6428572,1.6428572,1.4,10.614285,7.5571427,0.0012184232,0.01365605,-7.345365000000001e-25,5.5879354e-09,0.0,True
2007-03-12,94.77,7.7000003,7.457143,13.614286,1.3142856,72.27143,1.4,1.3571428,1.3857143,10.1285715,8.057143,0.00021223724,0.013058387,-7.345365000000001e-25,1.8626451e-09,0.0,True
2007-03-19,94.86,8.4,7.557143,13.371429,1.6,72.27143,1.4285716,1.2571429,1.4714286,9.728572,8.8714285,0.0001822859,0.012576677,1.8051693e-06,9.547919e-06,2.2761524e-05,True
2007-03-26,94.95,46.2,5.6285715,9.400001,2.1285713,76.24286,1.3999999,1.3571428,1.4714286,10.428572,5.7714286,0.0008390844,0.011850461,0.0032593012,0.014553752,0.014467679,True
2007-04-02,94.85,8.1,10.5,16.6,3.8,62.11429,2.1714287,1.8285713,2.3285713,9.685715,11.442857,0.0001649186,0.011272617,2.2348904e-05,0.00017541647,0.0,True
2007-04-09,94.81,0.5,9.557143,17.085714,2.2,59.55714,2.4857142,1.9142857,2.7,8.842857,12.2,1.5176833e-05,0.010556266,-7.345365000000001e-25,1.4901161e-08,0.0,True
2007-04-16,94.68,0.0,16.828571,24.314285,8.514286,52.357143,3.5,2.357143,3.9428573,7.7714286,17.185715,7.4505806e-08,0.009539016,-7.345365000000001e-25,1.8626451e-09,0.0,True
2007-04-23,94.63,0.0,12.928572,21.171429,4.071429,54.34286,3.3714287,1.3428571,3.5,6.857143,17.014286,2.875924e-06,0.008312181,-7.345365000000001e-25,0.0,0.0,True
2007-04-30,94.57,0.0,18.414288,26.028574,10.457144,49.471428,4.3857145,1.0142858,4.4428573,6.257143,20.757143,1.013279e-06,0.007065885,-7.345365000000001e-25,7.450581e-09,0.0,True
2007-05-07,94.56,8.3,15.842857,21.4,9.071428,47.714287,4.071429,0.67142856,4.2428575,5.9142857,18.514286,6.133318e-05,0.005894363,-7.345365000000001e-25,3.7252903e-09,0.0,True
2007-05-14,94.59,34.9,15.857142,20.185715,10.900001,66.542854,3.3,2.5285714,2.9428573,6.457143,16.614286,0.0003530085,0.005057633,-7.345365000000001e-25,7.450581e-09,0.0,True
2007-05-21,94.58,14.0,15.114286,21.185715,8.900001,74.51429,2.8285716,2.3,3.1285713,7.1857142,17.671429,0.0001578033,0.0044157505,-7.345365000000001e-25,7.450581e-09,0.0,True
2007-05-28,94.6,35.5,20.228573,26.385715,14.5,69.71429,3.8285713,2.942857,4.2571425,6.5142856,23.414286,0.00048162043,0.0038155466,-7.345365000000001e-25,3.7252903e-09,0.0,True
2007-06-04,94.64,18.9,15.771429,20.242857,10.7,72.97143,2.8285716,2.4285715,3.0571427,8.357142,18.671429,0.0004286617,0.0033922046,-7.345365000000001e-25,7.450581e-09,0.0,True
2007-06-11,94.62,16.5,21.928572,27.97143,15.871429,66.4,4.2142854,3.3428571,4.7000003,7.5285716,25.285715,8.942187e-05,0.0030414388,-7.345365000000001e-25,1.1175871e-08,0.0,True
2007-06-18,94.71,45.7,19.885715,26.028574,14.542857,72.34286,3.985714,3.614286,3.9857142,7.5285716,23.214285,0.00032185018,0.002731748,-7.345365000000001e-25,7.450581e-09,0.0,True
2007-06-25,94.77,41.0,19.5,24.642857,14.285714,74.314285,3.5714285,3.257143,3.5,8.642858,22.257143,0.007677138,0.0031921417,-7.345365000000001e-25,1.1175871e-08,0.0,True
2007-07-02,94.81,18.2,16.514286,21.071428,12.742858,71.97143,3.0285716,2.8,3.1285713,8.942857,18.342857,0.00034169853,0.0023252442,-7.345365000000001e-25,1.1175871e-08,0.0,True
2007-07-09,94.76,26.5,16.614286,21.314285,12.400001,71.21429,3.1857142,3.0142858,3.3714287,9.314285,18.685715,0.0011431128,0.0022124052,-7.345365000000001e-25,1.4901161e-08,0.0,True
2007-07-16,94.68,8.7,21.157145,28.114286,14.614286,62.97143,4.071429,3.2999997,4.7285714,8.842857,22.62857,6.3061714e-05,0.0021030754,-7.345365000000001e-25,1.1175871e-08,0.0,True
2007-07-23,94.66,18.8,20.614286,25.9,15.842857,70.21429,3.3714287,2.8285713,3.6285713,8.042857,23.714285,0.00051112473,0.0019736513,-7.345365000000001e-25,1.1175871e-08,0.0,True
2007-07-30,94.64,4.3999996,18.77143,23.4,13.457144,65.185715,3.5142858,2.857143,3.8714287,7.9428573,20.914286,0.00021028519,0.001864329,-7.345365000000001e-25,1.1175871e-08,0.0,True
2007-08-06,94.58,7.2000003,18.985716,26.128572,10.928572,60.028572,3.6142857,2.7,4.2,7.5285716,21.62857,4.7937036e-05,0.0017581284,-7.345365000000001e-25,7.450581e-09,0.0,True
2007-08-13,94.61,46.2,17.685715,21.128572,14.414286,83.27143,2.0142856,1.9142857,2.0571427,9.271428,20.4,0.00069481134,0.0017150119,-7.345365000000001e-25,7.450581e-09,0.0,True
2007-08-20,94.57,8.4,18.9,24.442858,13.642858,69.52857,2.9285715,2.557143,3.3999999,9.0,21.87143,0.0001681447,0.0015867725,-7.345365000000001e-25,7.450581e-09,0.0,True
2007-08-27,94.49,0.3,19.67143,26.057144,14.3714285,67.685715,2.6571429,2.114286,3.3999999,8.442857,21.985714,1.6704202e-05,0.0015090778,-7.345365000000001e-25,3.7252903e-09,0.0,True
2007-09-03,94.46,16.6,16.428572,20.785715,11.757143,66.6,2.0142858,1.5000001,2.6285713,7.785714,19.342857,0.00015557557,0.0014267787,-7.345365000000001e-25,1.1175871e-08,0.0,True
2007-09-10,94.46,3.0,13.5,17.685715,8.814286,77.3,1.3428571,1.1428571,1.7857143,7.9857144,15.314285,6.324053e-05,0.0013658255,-7.345365000000001e-25,7.450581e-09,0.0,True
2007-09-17,94.44,5.4,15.414286,21.685715,9.1,70.98572,1.8428572,1.4428571,2.4428573,7.8142858,17.114286,0.00013741851,0.0013065562,-7.345365000000001e-25,5.5879354e-09,0.0,True
2007-09-24,94.42,9.1,13.642858,21.171429,6.8,74.34286,1.7142857,1.3714285,2.0857143,8.028571,16.028572,0.00011061132,0.001241684,-7.345365000000001e-25,5.5879354e-09,0.0,True
2007-10-01,94.41,14.6,12.3714285,17.114286,7.371429,79.85714,1.1714286,1.0714287,1.4428571,8.828571,14.028571,0.00045095384,0.0011867061,-7.345365000000001e-25,7.450581e-09,0.0,True
2007-10-08,94.41,4.3,14.1285715,19.142857,9.971429,82.042854,1.0142857,0.88571435,1.3285714,9.471429,15.742857,0.00012543797,0.0011453032,-7.345365000000001e-25,3.7252903e-09,0.0,True
2007-10-15,94.41,0.0,10.385715,17.285715,4.457143,79.25715,0.9142857,0.7142858,1.1285714,9.157143,12.557143,7.733703e-06,0.0011066049,-7.345365000000001e-25,3.7252903e-09,0.0,True
2007-10-22,94.37,3.6,7.557143,12.6,2.8,79.75714,0.77142864,0.64285713,0.95714283,8.757143,9.428572,4.9561262e-05,0.0010717511,-7.345365000000001e-25,3.7252903e-09,0.0,True
2007-10-29,94.36,1.4,7.828572,11.042857,4.542857,75.685715,0.55714285,0.3857143,0.88571423,8.585714,7.7285714,1.643598e-05,0.001043424,-7.345365000000001e-25,1.0244548e-07,9.685755e-08,True
2007-11-05,94.35,2.0,7.2285714,10.885714,2.9857144,85.41429,0.44285712,0.37142858,0.5,8.585714,7.757143,5.325675e-05,0.0010176077,-7.345365000000001e-25,0.0,0.0,True
2007-11-12,94.36,17.4,7.3714285,10.314285,4.428571,77.12858,0.94285715,0.9285714,0.9714286,9.1285715,6.5142856,0.0013257116,0.0009946004,9.9284305e-05,0.00088250823,0.00090363994,True
2007-11-19,94.39,12.799999,2.0571427,4.8,-0.78571427,82.32857,0.35714287,0.34285715,0.42857143,10.042857,2.0714285,0.0001654476,0.000979051,0.0022449095,0.0027928166,0.004596485,True
2007-11-26,94.41,18.2,4.414286,7.1285715,1.1714286,86.25715,0.32857147,0.31428573,0.4,10.185715,3.4571428,0.00045740604,0.0009721592,0.0006777502,0.0022713114,0.0010874271,True
2007-12-03,94.47,23.0,4.6857142,7.4000006,1.2285715,84.61428,0.64285713,0.64285713,0.4857143,10.271428,3.7,0.001601398,0.003210105,0.00026660872,0.0006321594,4.5195222e-05,True
2007-12-10,94.51,19.8,7.8428574,9.900001,5.4714284,80.22858,0.8571428,0.8571428,0.78571427,10.7,6.3285713,0.003933795,0.0035810992,1.6110283e-05,0.00021194294,0.00025785342,True
2007-12-17,94.56,0.2,2.1571429,4.0857143,-0.028571503,72.75715,0.2857143,0.2857143,0.61428577,10.428572,2.0285714,8.496642e-05,0.0018968061,1.3391177e-05,5.269237e-05,9.059906e-06,True
2007-12-24,94.59,0.0,-3.642857,-0.9142857,-5.928571,89.6,0.042857144,0.028571429,0.12857144,10.2,-1.7,2.4586916e-07,0.0025292262,1.630329e-05,3.2000244e-06,2.4676323e-05,True
2007-12-31,94.58,4.2999997,0.3857143,2.6714287,-1.5857143,92.48572,0.12857144,0.12857144,0.22857143,10.171429,-0.8428571,0.00014036894,0.0028467923,0.00027334123,0.0003883429,0.00046495348,True
2008-01-07,94.6,16.3,2.3285716,4.971429,-1.3571428,78.42857,0.41428572,0.41428572,0.4857143,10.271428,-0.3,0.0006930381,0.003048025,0.000116683186,0.0001788307,8.223206e-05,True
2008-01-14,94.61,0.5,4.6285715,8.457143,-0.3285714,82.185715,0.42857143,0.42857143,0.5285714,10.328571,1.3571428,6.899983e-05,0.003278546,1.6519001e-06,9.553507e-06,2.4214387e-07,True
2008-01-21,94.59,9.900001,9.242857,11.328572,6.5428576,75.11428,1.0571429,1.0571429,1.0571429,10.114285,6.257143,0.00035654753,0.0035650358,-7.345365000000001e-25,1.7136335e-07,0.0,True
2008-01-28,94.58,4.0,4.6714287,8.328572,0.5571429,72.88572,0.8000001,0.7857143,0.7285714,10.014286,3.7714286,0.00019492954,0.0038820505,-7.345365000000001e-25,0.0,0.0,True
2008-02-04,94.61,13.6,2.9285715,6.6714287,-0.8142858,80.614296,0.62857145,0.61428577,0.54285717,10.1285715,2.2428572,0.00071018934,0.004546106,0.000872805,0.0020395797,0.0029832795,True
2008-02-11,94.61,10.299999,4.8428574,11.0,-0.18571433,72.957146,0.9857143,0.9571429,0.7285714,10.2,3.9857142,0.00026139617,0.005000524,0.00012790589,0.00096994825,0.0,True
2008-02-18,94.56,0.0,1.1428572,7.214286,-4.2000003,68.37143,0.6857143,0.6,0.7285714,9.8714285,1.9428571,1.2367964e-06,0.00558763,1.8102783e-05,2.0386651e-05,3.5453588e-05,True
2008-02-25,94.58,4.4,7.0285716,12.228572,1.2285715,76.61428,0.95714283,0.84285724,0.94285715,9.571428,5.6571426,0.00010305643,0.0057090595,4.654839e-06,2.0045787e-05,0.0,True
2008-03-03,94.66,38.1,9.157143,12.400001,4.5285716,75.34286,1.5714285,1.5428573,1.3428572,9.971429,7.857143,0.0036930144,0.011643171,-7.345365000000001e-25,7.450581e-09,0.0,True
2008-03-10,94.71,1.9000001,5.0285716,9.400001,0.0571428,73.51429,1.2285713,1.1428571,1.2428571,10.185715,5.257143,0.0001553446,0.009777375,0.00010738486,0.00026675314,0.00028173998,True
2008-03-17,94.78,28.4,9.1285715,11.957144,6.414286,73.44286,1.6857144,1.6714286,1.5857143,10.357142,8.2,0.005639307,0.015311904,4.48454e-07,6.3553452e-06,4.220754e-06,True
2008-03-24,94.76,14.5,2.614286,6.4000006,-1.1714286,75.97143,1.1857144,1.1857144,1.1428572,10.4,3.8714285,0.000689432,0.018633723,0.0042290175,0.007725982,0.016920634,True
2008-03-31,94.74,2.9,7.5000005,12.785714,1.4857142,65.71429,1.8285713,1.7142857,2.0,10.0,7.042857,0.00050342083,0.018719181,0.0035869677,0.011520231,0.0029612929,True
2008-04-07,94.67,14.3,7.357143,11.542857,3.1571429,73.828575,1.4285716,1.3428572,1.6,9.585714,8.442857,0.0005699694,0.017702378,0.000100436664,0.00034713745,0.0010817349,True
2008-04-14,94.71,34.9,7.6285715,11.8,3.8142858,78.42857,1.3857143,1.3857143,1.5571429,10.3714285,8.6,0.0011114627,0.018730752,0.00015900817,0.0007407628,1.7471611e-06,True
2008-04-21,94.79,15.799999,9.228571,13.585715,5.542857,72.02857,1.9285715,1.8428571,2.1,10.171429,10.271428,0.00042448938,0.016036987,1.1637097e-06,1.1501834e-05,1.1250377e-05,True
2008-04-28,94.76,7.3,12.914286,18.814285,6.9000006,65.9,2.6285713,2.3142858,2.7571428,9.714286,14.642858,0.00016213208,0.014988296,-7.345365000000001e-25,3.7252903e-09,0.0,True
2008-05-05,94.7,2.5,13.214286,19.87143,6.428571,60.028572,3.4857144,2.8285713,3.4142857,8.657143,15.8,8.249283e-05,0.013335928,-7.345365000000001e-25,0.0,0.0,True
2008-05-12,94.65,0.0,18.042858,24.642857,9.485715,46.75714,5.114286,2.8714283,5.042857,7.257143,19.885714,1.2665987e-06,0.011263676,-7.345365000000001e-25,7.450581e-09,0.0,True
2008-05-19,94.63,8.5,17.614286,23.357143,11.914286,59.11429,3.4428573,1.7285713,3.9142857,6.5,19.685715,6.0871243e-05,0.009178832,-7.345365000000001e-25,7.450581e-09,0.0,True
2008-05-26,94.61,2.1,17.228573,22.17143,12.471429,57.8,3.0857143,1.3,3.6142857,6.2,18.514286,3.4302473e-05,0.007584445,-7.345365000000001e-25,7.450581e-09,0.0,True
2008-06-02,94.58,28.900002,22.100002,28.685715,16.157145,66.67143,3.9999998,2.0,4.457143,6.3,23.72857,0.005699873,0.006251201,-7.345365000000001e-25,1.4901161e-08,0.0,True
2008-06-09,94.49,20.0,19.042858,25.128572,14.1285715,73.22858,3.2142856,2.5285716,3.5142858,6.957143,21.671429,0.00058314204,0.0052854866,-7.345365000000001e-25,7.450581e-09,0.0,True
2008-06-16,94.47,11.7,15.67143,21.27143,10.285714,65.21429,3.2571428,2.5142858,3.6857142,6.457143,19.685715,0.00014073402,0.0045532286,-7.345365000000001e-25,3.7252903e-09,0.0,True
2008-06-23,94.44,0.6,20.314287,26.67143,12.842857,60.18571,4.471429,2.8428571,4.6285715,5.8142858,22.742857,3.5643578e-05,0.0039733723,-7.345365000000001e-25,7.450581e-09,0.0,True
2008-06-30,94.4,7.4,21.2,27.785715,14.800001,61.47143,4.442857,2.5571427,4.5285716,5.614286,24.12857,0.000103890896,0.0034354925,-7.345365000000001e-25,7.450581e-09,0.0,True
2008-07-07,94.37,11.8,20.814287,27.214285,14.385715,60.700005,4.457143,1.9142857,4.457143,5.3142858,24.214285,8.432567e-05,0.00296776,-7.345365000000001e-25,1.1175871e-08,0.0,True
2008-07-14,94.34,5.8999996,19.114286,24.728573,13.942858,60.37143,3.6714284,1.6857144,4.0285716,5.114286,20.87143,0.00017674267,0.002599597,-7.345365000000001e-25,1.1175871e-08,0.0,True
2008-07-21,94.31,12.0,17.914286,23.600002,12.885715,65.57143,3.3142855,1.7571429,3.542857,4.8714285,20.22857,8.627772e-05,0.0022912323,-7.345365000000001e-25,7.450581e-09,0.0,True
2008-07-28,94.28,35.1,20.9,28.071428,14.214286,63.31429,4.0857143,1.5,4.1714287,4.542857,22.8,3.0249357e-05,0.0020310357,-7.345365000000001e-25,9.313226e-09,0.0,True
2008-08-04,94.26,12.5,23.014286,28.642857,17.714285,64.77143,3.8857143,2.1714284,4.285714,4.757143,24.957144,5.7972968e-05,0.0017759204,-7.345365000000001e-25,1.4901161e-08,0.0,True
2008-08-11,94.26,29.3,20.37143,26.242857,15.014287,66.700005,3.5857146,2.4285715,3.7142856,4.957143,22.685715,0.00018592179,0.0015696958,-7.345365000000001e-25,7.450581e-09,0.0,True
2008-08-18,94.25,20.699999,18.128572,23.142857,13.185715,70.14286,2.942857,2.1857142,3.2714288,5.4857144,20.485714,0.002564311,0.0014245063,-7.345365000000001e-25,7.450581e-09,0.0,True
2008-08-25,94.28,23.3,17.37143,22.114286,13.342857,73.34286,2.3285713,1.9142857,2.6000001,5.614286,19.342857,0.000102072954,0.0013074353,-7.345365000000001e-25,9.313226e-09,0.0,True
2008-09-01,94.23,6.2,19.314285,25.285715,13.6,70.74286,2.4857142,1.7142857,2.8285713,5.257143,21.1,4.8190355e-05,0.0012097433,-7.345365000000001e-25,7.450581e-09,0.0,True
2008-09-08,94.22,14.1,16.985714,21.257143,12.814286,77.52857,1.8714286,1.5714285,2.142857,6.0142856,18.585714,0.00023776293,0.0011211187,-7.345365000000001e-25,7.450581e-09,0.0,True
2008-09-15,94.19,11.8,15.042857,19.828571,10.028572,76.64286,1.5857142,1.2857143,1.8714286,6.3,17.057142,0.00017139316,0.0010501593,-7.345365000000001e-25,3.7252903e-09,0.0,True
2008-09-22,94.18,1.9,10.685715,15.814286,5.428571,67.0,1.2571429,0.9857143,1.9142858,6.3142858,12.542857,7.95722e-06,0.0009886399,-7.345365000000001e-25,3.7252903e-09,0.0,True
2008-09-29,94.16,0.70000005,11.485715,16.928572,6.157143,75.542854,1.1142857,0.8428572,1.6428572,6.142857,12.6285715,2.220273e-05,0.00093411654,-7.345365000000001e-25,3.7252903e-09,0.0,True
2008-10-06,94.16,13.8,11.1285715,14.814286,7.7000003,75.957146,1.1857144,1.1428572,1.5142858,6.4,10.914286,0.00028795004,0.00088773295,-7.345365000000001e-25,1.1175871e-08,0.0,True
2008-10-13,94.16,0.70000005,13.485715,18.428572,9.514287,83.41429,0.7,0.58571434,1.1,6.8,13.557143,9.693205e-06,0.0008496642,-7.345365000000001e-25,0.0,0.0,True
2008-10-20,94.15,10.599999,10.157144,15.67143,4.428571,81.58572,0.7571429,0.6571428,0.90000004,7.1285715,10.985714,9.329617e-05,0.00081564486,-7.345365000000001e-25,5.5879354e-09,0.0,True
2008-10-27,94.15,19.2,9.157143,13.314286,4.7428575,82.042854,0.6571428,0.59999996,0.78571427,7.857143,9.257143,0.00033950806,0.0007863119,-7.345365000000001e-25,3.7252903e-09,0.0,True
2008-11-03,94.15,9.599999,7.585714,10.271429,4.8142858,86.17143,0.35714287,0.34285712,0.5285714,9.1,7.285714,0.0003697127,0.00076474994,0.0009264038,0.0032231268,0.003274314,True
2008-11-10,94.14,1.2,10.571428,14.1285715,6.7571435,79.17143,0.59999996,0.5285714,0.85714287,9.3,8.985714,7.672608e-05,0.00075066835,1.5752656e-05,0.00014092028,0.0,True
2008-11-17,94.16,6.2,6.957143,10.414286,2.7571428,81.77143,0.44285718,0.40000004,0.6,9.1285715,6.7285714,7.097423e-05,0.0007400885,-7.345365000000001e-25,0.0,0.0,True
2008-11-24,94.15,11.2,4.8142858,7.3,1.7428571,78.1,0.5714286,0.55714285,0.7714286,9.328571,4.071429,0.00023756921,0.00073224306,0.0008718797,0.0012247153,0.0052189715,True
2008-12-01,94.13,4.4,1.3428572,5.0,-2.0857143,83.614296,0.20000002,0.20000002,0.2857143,9.928572,0.78571427,4.7281384e-05,0.000727199,0.0030516556,0.0020123236,0.00024081394,True
2008-12-08,94.16,24.9,3.757143,5.5,1.3000001,86.52857,0.37142855,0.37142855,0.4857143,10.142858,2.1571429,0.0007916242,0.002352655,0.0012907585,0.0049571525,0.0027119778,True
2008-12-15,94.21,0.8,1.1142857,3.457143,-1.4142858,87.4,0.114285715,0.114285715,0.27142859,10.3,0.37142858,4.2885542e-05,0.0007625818,0.0016322533,0.0011455007,0.0024655797,True
2008-12-22,94.26,16.8,4.2714286,6.4857144,1.5142858,88.971436,0.31428573,0.31428573,0.42857143,10.171429,2.1714287,0.00056274235,0.0008114353,0.0015280815,0.004709957,0.0030333996,True
2008-12-29,94.26,0.2,0.6571428,3.542857,-2.1285715,75.38572,0.14285715,0.14285715,0.47142857,10.1,1.1428572,8.575618e-06,0.0009095594,1.1404355e-05,2.140738e-05,1.5124679e-06,True
2009-01-05,94.25,3.2,-3.0571427,0.07142858,-6.657143,83.27143,0.0,0.0,0.24285714,10.15,-2.05,3.0085444e-05,0.0010329038,0.00048240027,1.4323741e-06,0.0037282147,True
2009-01-12,94.23,0.0,-8.900001,-3.4142857,-13.557143,78.40001,0.0,0.0,0.15714286,10.285714,-4.4857144,3.1888485e-06,0.0011374056,0.003486304,0.0001330711,3.9361417e-05,True
2009-01-19,94.25,7.5,0.12857144,3.5,-3.9857144,85.15715,0.25714284,0.25714284,0.35714287,10.242857,-1.7571429,0.00037176907,0.0012208894,0.002713209,0.003657639,0.0007818714,True
2009-01-26,94.26,7.0,2.1142857,6.2428575,-1.9857142,80.614296,0.55714285,0.55714285,0.42857143,10.457143,0.24285714,0.0019935742,0.003857024,0.00029085932,0.0008121375,0.0005782321,True
2009-02-02,94.28,0.1,0.61428577,3.357143,-2.1857142,70.15714,0.35714287,0.34285715,0.7,10.171429,-0.25714287,6.6012144e-06,0.0015874282,0.00033937182,0.00016550161,0.0004589595,True
2009-02-09,94.28,15.5,1.6,5.214286,-1.9142858,85.685715,0.35714287,0.32857147,0.47142857,10.1285715,-0.08571429,0.00028179586,0.0018165484,0.00035108838,0.00058875605,0.003887035,True
2009-02-16,94.31,29.6,1.1571429,4.2285714,-1.8000002,79.057144,0.65714294,0.65714294,0.7,10.5,0.14285715,0.0007278919,0.0021518692,0.0059551457,0.00619545,0.011692077,True
2009-02-23,94.42,15.3,1.2714287,4.2428575,-2.2428572,82.114296,0.45714286,0.45714286,0.5714286,10.514286,0.41428572,0.00095778704,0.005289376,0.0044494015,0.011937421,0.004281085,True
2009-03-02,94.52,3.0,5.928571,9.614286,1.7142857,78.200005,0.78571427,0.7714286,0.85714287,10.1,4.4428573,0.00014936924,0.0037605464,0.00026560397,0.0010219272,0.0,True
2009-03-09,94.57,24.4,5.2000003,8.6285715,1.6571429,77.8,1.0428572,1.0285715,1.0285714,10.528571,5.114286,0.0013993382,0.0059496462,0.0002686296,0.0013485327,0.0015719831,True
2009-03-16,94.68,11.1,7.2000003,10.528572,3.3428574,77.07143,1.0571429,1.0285714,1.1285714,10.414286,6.742857,0.00046735257,0.0076140836,3.9055234e-05,0.00025516562,4.544109e-05,True
2009-03-23,94.66,3.8,4.971429,10.742857,-1.2857143,61.757145,1.6,1.3571428,1.6428572,9.728572,6.8142858,0.0001052171,0.009032555,3.803344e-07,1.5739352e-06,1.527369e-06,True
2009-03-30,94.6,12.4,6.1857142,9.885714,2.057143,74.37142,1.3285714,1.3142856,1.4285715,9.971429,6.3,0.0007383004,0.009022385,0.00023751032,0.0018941201,0.0018616654,True
2009-04-06,94.56,0.0,13.2,19.84286,5.914286,60.485718,2.5285716,2.0714285,2.857143,9.457143,13.042857,1.8835068e-05,0.008952044,3.122148e-07,2.7213246e-06,0.0,True
2009-04-13,94.52,0.0,15.642858,23.557144,7.7714286,56.885715,2.9714286,2.2285714,3.2857144,8.442857,16.814285,6.452203e-06,0.008492827,-7.345365000000001e-25,0.0,0.0,True
2009-04-20,94.55,35.0,13.514287,19.028574,7.371429,68.8,2.5857143,2.0857143,2.6571429,8.171429,15.271428,0.0022152737,0.009485409,-7.345365000000001e-25,7.450581e-09,0.0,True
2009-04-27,94.51,2.0,13.442858,19.657145,6.2000003,60.18572,3.1285713,2.3285713,3.2,7.7285714,16.114286,4.23342e-05,0.0072464272,-7.345365000000001e-25,0.0,0.0,True
2009-05-04,94.5,10.0,12.057143,17.671429,6.1857147,73.21429,2.3428571,1.8000001,2.542857,7.357143,15.157143,0.00013379008,0.0067026466,-7.345365000000001e-25,0.0,0.0,True
2009-05-11,94.47,14.0,14.971429,20.9,8.857142,70.35714,2.8428571,2.3428571,2.9142857,6.6571426,16.77143,0.0012138933,0.00612548,-7.345365000000001e-25,1.1175871e-08,0.0,True
2009-05-18,94.46,26.5,15.085715,20.014286,10.3,75.34286,2.4857142,2.1857142,2.6571429,7.4,17.057142,0.0024460405,0.007195279,-7.345365000000001e-25,1.1175871e-08,0.0,True
2009-05-25,94.44,4.7,19.628572,26.97143,11.114286,60.200005,4.1285715,3.1571426,4.4428573,6.957143,22.242857,0.00011654198,0.0052968115,-7.345365000000001e-25,7.450581e-09,0.0,True
2009-06-01,94.38,1.5,16.514286,21.414288,10.357142,60.92857,3.714286,2.3,3.7571428,6.1285715,20.114286,3.465265e-05,0.0048806816,-7.345365000000001e-25,7.450581e-09,0.0,True
2009-06-08,94.37,23.5,14.785714,20.014286,9.585714,60.557148,3.3714283,1.8285713,4.0142856,5.714286,18.957144,0.00020426512,0.0044413954,-7.345365000000001e-25,0.0,0.0,True
2009-06-15,94.36,45.9,17.357143,23.514286,10.585715,66.47143,3.7714286,3.0428574,3.8999999,6.071429,19.914286,0.0023197308,0.0040385723,-7.345365000000001e-25,1.1175871e-08,0.0,True
2009-06-22,94.32,11.5,16.942858,22.27143,10.942858,64.328575,3.457143,2.7714286,3.7571428,6.257143,20.4,0.00014632195,0.003654644,-7.345365000000001e-25,3.7252903e-09,0.0,True
2009-06-29,94.3,15.299999,20.457144,25.885715,14.742858,67.328575,3.9857144,2.757143,4.142857,5.5285716,22.957144,0.0007291734,0.003316164,-7.345365000000001e-25,1.1175871e-08,0.0,True
2009-07-06,94.29,29.0,22.414288,29.142857,16.757143,69.94286,4.2,2.7285714,4.142857,5.3,26.314285,0.00015997142,0.0030033365,-7.345365000000001e-25,1.1175871e-08,0.0,True
2009-07-13,94.29,27.1,17.342857,22.242857,12.885715,70.88572,3.0571427,2.5142856,3.1142857,5.4714284,19.757143,0.00026394427,0.0027303249,-7.345365000000001e-25,7.450581e-09,0.0,True
2009-07-20,94.26,21.0,19.52857,24.742859,15.214286,71.057144,3.3285713,2.9142857,3.542857,6.6571426,21.571428,0.00065147877,0.0025014654,-7.345365000000001e-25,1.1175871e-08,0.0,True
2009-07-27,94.22,13.1,20.414288,26.542858,14.085715,66.0,3.957143,3.3428574,4.2285714,6.6,22.714285,0.001648739,0.0023071617,-7.345365000000001e-25,7.450581e-09,0.0,True
2009-08-03,94.19,2.1999998,19.685715,25.742859,12.914286,60.528572,3.6571429,2.585714,4.0571427,5.885714,23.242857,3.4570694e-05,0.0021324232,-7.345365000000001e-25,3.7252903e-09,0.0,True
2009-08-10,94.16,8.6,21.6,27.7,15.085715,61.985718,3.5714285,2.0142858,3.9857144,5.2714286,24.257143,0.00027406216,0.0019677281,-7.345365000000001e-25,7.450581e-09,0.0,True
2009-08-17,94.11,4.5,21.27143,27.857143,14.6,67.15714,3.2,2.2571428,3.7571428,5.6571426,23.385714,0.00015927851,0.0018306449,-7.345365000000001e-25,7.450581e-09,0.0,True
2009-08-24,94.06,2.0,21.4,29.0,13.257143,61.357143,3.4857142,1.9428569,4.0142856,4.8285713,24.057142,0.0019826144,0.0016945228,-7.345365000000001e-25,7.450581e-09,0.0,True
2009-08-31,94.01,0.1,19.571428,25.942858,12.914286,60.914288,2.9714284,1.1857144,3.5857143,4.4428573,22.0,3.8407743e-05,0.0015745908,-7.345365000000001e-25,7.450581e-09,0.0,True
2009-09-07,94.0,23.2,16.842857,23.142857,11.771429,69.0,2.4714284,1.557143,2.8999999,4.7,18.742857,0.0016672462,0.0014624298,-7.345365000000001e-25,9.313226e-09,0.0,True
2009-09-14,93.98,4.6,15.942858,22.085714,10.2,69.84286,2.0142858,1.3,2.6000001,4.571429,18.442858,5.4627657e-05,0.0013699904,-7.345365000000001e-25,3.7252903e-09,0.0,True
2009-09-21,93.97,3.9,17.357143,21.9,13.228571,78.35714,1.3428572,0.8571429,1.8857143,4.4428573,17.87143,5.184114e-05,0.0012954846,-7.345365000000001e-25,9.313226e-09,0.0,True
2009-09-28,93.94,0.0,15.614286,23.128572,9.314286,73.28571,1.5857143,0.8142857,2.0714285,4.114286,17.914286,1.9669533e-06,0.0012244657,-7.345365000000001e-25,1.8626451e-09,0.0,True
2009-10-05,93.91,5.3,14.185715,18.67143,9.071428,69.28571,1.1714286,0.42857143,1.8000001,3.9,15.342857,8.785725e-05,0.0011571124,-7.345365000000001e-25,3.7252903e-09,0.0,True
2009-10-12,93.91,51.8,15.1,19.057144,10.8714285,77.75715,1.1857144,0.9428572,1.5285714,4.9714284,15.0,0.00072962046,0.0011020377,-7.345365000000001e-25,1.3038516e-08,0.0,True
2009-10-19,93.93,15.599999,5.5285716,10.042857,1.0,77.700005,0.75714284,0.6857143,0.85714287,6.257143,7.2285714,0.00016832352,0.0010570511,-7.345365000000001e-25,6.891787e-08,7.0780516e-08,True
2009-10-26,93.98,2.5,8.957143,13.442858,3.9857144,80.40001,0.59999996,0.5,0.8428572,6.4428573,8.571428,4.341826e-05,0.001020059,-7.345365000000001e-25,3.7252903e-09,0.0,True
2009-11-02,94.0,12.400001,8.085714,12.371429,3.142857,87.87144,0.4,0.34285715,0.51428574,6.5,8.542857,0.000232324,0.0009891242,-7.345365000000001e-25,3.7252903e-09,0.0,True
2009-11-09,94.01,21.5,7.557143,10.185715,5.071429,84.34286,0.61428577,0.6,0.67142856,8.014286,7.3714285,0.0007901639,0.0009643063,-7.345365000000001e-25,3.7252903e-09,0.0,True
2009-11-16,94.02,13.6,8.285714,11.157143,4.585715,88.78571,0.3571429,0.3571429,0.5,9.385715,7.1285715,0.00022259355,0.0009509176,-7.345365000000001e-25,5.5879354e-09,0.0,True
2009-11-23,94.03,6.0,9.557143,13.471429,5.9000006,82.82857,0.62857145,0.6,0.62857145,9.885715,8.114285,0.00025838614,0.0009442568,-7.345365000000001e-25,7.450581e-09,0.0,True
2009-11-30,94.04,5.9,9.528572,12.157144,6.5,73.71429,0.8571428,0.8571428,1.0714285,9.914286,7.9142857,0.00029081106,0.00094983727,-7.345365000000001e-25,1.8626451e-09,0.0,True
2009-12-07,94.05,14.099999,6.1285715,8.928572,2.7285714,85.71429,0.35714287,0.35714287,0.45714286,10.157143,5.3142858,0.00027341396,0.0009791255,-7.345365000000001e-25,0.0,0.0,True
2009-12-14,94.09,13.7,3.9285715,6.357143,1.0571429,81.17143,0.4571429,0.4571429,0.51428574,10.614285,3.9714286,0.00048293918,0.0015025064,0.00030920052,0.00014883839,0.0010501556,True
2009-12-21,94.16,9.6,-4.428571,-1.1,-8.542857,77.12858,0.0,0.0,0.31428573,10.3,-1.2714286,1.5348196e-06,0.0012555942,0.0019524551,1.6432256e-05,0.00699823,True
2009-12-28,94.29,24.6,2.5142858,5.957143,-0.7571429,88.971436,0.37142855,0.37142855,0.2857143,10.842857,0.057142857,0.0014142096,0.0022587962,0.0058939913,0.015240191,0.009116579,True
2010-01-04,94.38,25.300001,2.0,4.542857,-0.5000001,87.15715,0.2,0.2,0.37142858,11.133333,1.2,0.0012267232,0.0022309646,0.0017835016,0.0027154293,0.004683759,True
2010-01-11,94.47,5.8999996,-3.4428573,-1.6285715,-5.2428575,83.8,0.0,0.0,0.3,10.357142,-0.4857143,5.066395e-07,0.0030570105,0.0075646527,1.2220815e-05,0.010898296,True
2010-01-18,94.55,12.700001,0.17142858,2.1571429,-1.8571428,87.98572,0.12857144,0.12857144,0.3,10.457143,0.0,0.0029564053,0.00529059,0.0135599775,0.011901692,0.0033764243,True
2010-01-25,94.61,7.8999996,0.4857143,1.9428571,-1.2285715,87.41429,0.08571429,0.08571429,0.31428573,10.385715,0.0,6.458163e-05,0.004278384,0.006080531,0.0020345189,0.0074841045,True
2010-02-01,94.64,12.5,-2.0428574,0.4857143,-6.3142858,85.02857,0.12857144,0.12857144,0.37142855,10.428572,-0.042857144,6.703287e-05,0.004875727,0.017749526,0.0015847124,0.01824975,True
2010-02-08,94.76,13.8,2.1714284,4.571429,-0.24285713,87.814285,0.3285714,0.3285714,0.44285718,10.471429,0.41428572,0.0012274012,0.005656354,0.016598508,0.02142366,0.004588619,True
2010-02-15,94.71,5.8,-2.8428574,-0.64285713,-5.1,81.35714,0.0,0.0,0.5,10.314285,-0.2,6.4373016e-06,0.0076454356,0.012456474,0.0002467297,0.007204309,True
2010-02-22,94.71,6.5,2.1857142,6.085715,-1.2714285,81.6,0.55714285,0.54285717,0.6571428,10.3,0.3,0.00067500025,0.008359134,0.008378665,0.014952859,0.0027682744,True
2010-03-01,94.7,12.5,8.585714,12.814286,4.642857,71.3,1.6,1.5714285,1.5571429,10.285714,6.7,0.0014636219,0.011830509,0.00021160784,0.0024666898,0.0,True
2010-03-08,94.7,4.0,0.64285713,5.0,-3.7714288,62.44286,0.90000004,0.8428572,1.3142856,10.028571,2.4571428,9.819865e-06,0.0122658685,0.0029702187,0.0001945477,0.008113809,True
2010-03-15,94.69,0.7,2.6571429,6.2999997,-1.1857145,60.757145,0.9428572,0.91428566,1.6,9.842857,1.8,0.00016969442,0.0120872855,0.0039675008,0.004547775,0.00022211671,True
2010-03-22,94.69,10.200001,10.057143,15.400001,3.9285715,69.957146,1.7142859,1.5285715,1.8142856,9.571428,9.842857,0.00036855042,0.011421137,7.734412e-05,0.0005720649,0.0,True
2010-03-29,94.68,20.5,10.3714285,16.228573,5.4000006,75.98572,1.7714283,1.5714285,1.6285714,9.471429,11.214286,0.00027330965,0.010619074,-7.345365000000001e-25,7.450581e-09,0.0,True
2010-04-05,94.68,11.0,8.3714285,13.585714,3.3142858,70.328575,1.9857142,1.8714285,1.8857143,9.342857,9.542857,0.0018121451,0.009890735,-7.345365000000001e-25,0.0,0.0,True
2010-04-12,94.66,2.7,9.857142,15.357142,3.642857,64.64286,2.2142859,1.7857144,2.3714287,8.714286,11.6,0.00012375414,0.009168707,-7.345365000000001e-25,1.8626451e-09,0.0,True
2010-04-19,94.62,4.1,10.6285715,16.885715,4.0142856,63.642857,2.5428574,2.0142858,2.7285714,8.185715,12.485714,0.00015357137,0.008451983,-7.345365000000001e-25,0.0,0.0,True
2010-04-26,94.55,4.0,11.885715,19.771427,2.9142857,50.7,3.5142856,2.4285715,3.6000001,7.1714287,15.2,1.3709068e-05,0.007607512,-7.345365000000001e-25,3.7252903e-09,0.0,True
2010-05-03,94.53,9.200001,14.271429,20.328571,8.0,69.24286,2.8714287,1.6000001,2.9285715,6.4714284,16.985714,0.00013592839,0.0067215115,-7.345365000000001e-25,3.7252903e-09,0.0,True
2010-05-10,94.55,27.399998,9.6285715,13.914286,5.7000003,78.27143,1.7571429,1.457143,1.9428571,7.0142856,12.057143,0.00041162968,0.005999349,-7.345365000000001e-25,3.7252903e-09,0.0,True
2010-05-17,94.57,15.099999,10.771429,14.942858,7.514286,75.557144,1.8142856,1.6000001,2.1714284,7.6857142,12.457143,0.0018437132,0.0054213926,-7.345365000000001e-25,0.0,0.0,True
2010-05-24,94.76,33.9,14.085715,19.671429,7.957143,73.17143,2.9714284,2.4285715,3.2285714,7.7,16.342857,0.00043531507,0.0049743205,-7.345365000000001e-25,0.0,0.0,True
2010-05-31,94.96,63.3,15.371429,20.314287,10.471429,79.64286,2.714286,2.4857142,2.642857,7.857143,18.142857,0.0040250123,0.0055141672,-7.345365000000001e-25,0.0,0.0,True
2010-06-07,94.96,11.400001,18.257143,25.057144,11.528572,64.77143,3.857143,3.257143,4.3857145,7.928571,20.742857,8.717179e-05,0.004400052,-7.345365000000001e-25,7.450581e-09,0.0,True
2010-06-14,94.86,44.4,19.742857,25.84286,14.285714,72.47143,3.7428575,3.342857,4.1,7.9142857,23.2,0.0036216527,0.0041384175,-7.345365000000001e-25,7.450581e-09,0.0,True
2010-06-21,94.74,9.0,15.67143,20.27143,11.014287,66.057144,3.2714288,2.5714285,3.9142857,7.5571427,19.185715,0.00021161139,0.0039022416,-7.345365000000001e-25,7.450581e-09,0.0,True
2010-06-28,94.68,0.0,19.914288,27.27143,11.557143,59.31429,4.8714285,2.9857142,5.085714,6.6285715,24.157143,6.3180923e-06,0.003636308,-7.345365000000001e-25,7.450581e-09,0.0,True
2010-07-05,94.57,0.1,23.97143,31.2,16.228573,61.214287,5.0142856,1.5857143,5.085714,5.6285715,28.014286,1.771748e-05,0.0032866895,-7.345365000000001e-25,7.450581e-09,0.0,True
2010-07-12,94.4,0.7,24.214285,31.857143,15.885715,56.42857,5.414286,1.0285714,5.5142856,5.2,28.171429,9.328127e-06,0.0029018894,-7.345365000000001e-25,1.1175871e-08,0.0,True
2010-07-19,94.34,10.5,22.242857,29.0,15.057143,59.414284,4.914286,1.8428574,4.9714284,5.2,26.12857,5.2675605e-05,0.0025210306,-7.345365000000001e-25,7.450581e-09,0.0,True
2010-07-26,94.3,32.9,19.714285,25.642857,13.8714285,71.92857,3.3999999,1.6285715,3.4142857,5.257143,23.3,0.0002772957,0.0022102594,-7.345365000000001e-25,1.1175871e-08,0.0,True
2010-08-02,94.35,44.5,18.557144,23.857143,13.528571,76.25715,2.8,2.385714,2.9428573,6.242857,21.4,0.0015506446,0.0020097494,-7.345365000000001e-25,1.1175871e-08,0.0,True
2010-08-09,94.41,16.0,17.928572,23.228573,12.571428,73.557144,2.7714288,2.4285715,3.1142857,6.742857,21.0,0.00024448335,0.0018293634,-7.345365000000001e-25,3.7252903e-09,0.0,True
2010-08-16,94.54,52.6,18.5,23.27143,14.057143,78.42857,2.4857142,2.1142857,2.7285714,7.3142858,21.242857,0.00080378354,0.001676172,-7.345365000000001e-25,1.4901161e-08,0.0,True
2010-08-23,94.73,23.0,19.357143,25.214285,14.314286,77.057144,2.714286,2.3857143,2.9428573,8.3,21.185715,0.0006131679,0.0015662834,-7.345365000000001e-25,1.1175871e-08,0.0,True
2010-08-30,94.86,51.5,16.814287,21.77143,12.357142,77.14286,2.4428573,2.357143,2.5285716,9.171429,18.828571,0.00070123374,0.0014715046,-7.345365000000001e-25,1.1175871e-08,0.0,True
2010-09-06,94.81,0.4,14.957144,20.814285,8.914286,70.4,2.2285712,1.9285715,2.8857143,9.771428,17.714285,1.2755394e-05,0.001404494,-7.345365000000001e-25,0.0,0.0,True
2010-09-13,94.74,37.9,15.6,20.142857,11.6285715,81.1,1.5857142,1.5142858,1.9571428,9.685715,17.557142,0.0033240318,0.0027263835,-7.345365000000001e-25,5.5879354e-09,0.0,True
2010-09-20,94.72,14.2,13.1285715,18.47143,8.2,75.91429,1.6142857,1.4999999,1.9714286,9.6285715,15.3,0.00013485551,0.0013289675,-7.345365000000001e-25,7.450581e-09,0.0,True
2010-09-27,94.74,7.7,13.057143,18.985716,7.014286,81.38572,1.2571429,1.0857143,1.5714285,9.357142,15.414286,0.00019952655,0.0013043359,-7.345365000000001e-25,1.8626451e-09,0.0,True
2010-10-04,94.76,10.3,13.057143,17.042858,9.2,87.07143,0.95714283,0.91428566,1.1285714,9.942857,13.942857,0.00037236512,0.0012943372,-7.345365000000001e-25,1.8626451e-09,0.0,True
2010-10-11,94.67,0.1,13.714286,19.5,8.257143,74.685715,1.1714287,1.0142858,1.6142857,9.757143,14.542857,2.3156404e-05,0.0012942255,-7.345365000000001e-25,5.5879354e-09,0.0,True
2010-10-18,94.66,10.0,7.3857145,11.857142,3.2,84.08572,0.61428577,0.5285715,0.85714287,9.528571,9.442857,0.00018854439,0.0012908652,-7.345365000000001e-25,1.8626451e-09,0.0,True
2010-10-25,94.65,4.7,5.1,9.671428,0.12857142,84.65715,0.61428577,0.61428577,0.64285713,9.928572,6.357143,0.00024610758,0.0012945086,-7.345365000000001e-25,1.3411045e-07,1.2665987e-07,True
2010-11-01,94.69,0.0,7.857143,13.914286,2.1285715,79.77143,0.64285713,0.59999996,0.71428573,9.857142,7.8285713,2.5480986e-06,0.0013091266,-7.345365000000001e-25,0.0,0.0,True
2010-11-08,94.74,20.300001,10.942857,13.457144,8.514286,81.85714,0.7285715,0.61428577,0.94285715,9.814285,10.114285,0.0008199215,0.002221696,-7.345365000000001e-25,1.1175871e-08,0.0,True
2010-11-15,94.83,30.1,10.6285715,13.971429,7.057143,78.72858,1.0142857,1.0142857,1.0857142,10.585714,9.3,0.0035914332,0.005540438,-7.345365000000001e-25,9.313226e-09,0.0,True
2010-11-22,94.81,4.2000003,5.7571425,7.5,3.4857144,85.74286,0.2857143,0.2857143,0.4714286,10.6285715,5.8285713,0.00013963878,0.002250746,-7.345365000000001e-25,0.0,0.0,True
2010-11-29,94.76,16.3,1.4857142,3.3714287,-0.08571429,87.9,0.18571429,0.18571429,0.35714287,10.471429,1.9714285,0.00013111532,0.002991952,0.0047902493,0.00086062774,0.013882689,True
2010-12-06,94.75,12.6,-2.6142857,-0.7285714,-5.0142856,85.11428,0.042857144,0.042857144,0.3285714,10.457143,0.27142859,5.785376e-05,0.003464207,0.013658024,0.000820484,0.009483464,True
2010-12-13,95.02,40.5,1.4857143,3.1000001,-0.35714287,86.72858,0.25714284,0.25714284,0.35714287,11.1285715,0.6571429,0.0026879907,0.010711715,0.023724312,0.021734182,0.019124828,True
2010-12-20,95.06,26.9,-2.0,1.0142857,-5.7285714,84.85714,0.057142857,0.057142857,0.27142859,10.6285715,-0.2,0.0002406612,0.0077864826,0.02598763,0.0047476236,0.025669217,True
2010-12-27,95.11,28.300001,-1.7857143,0.4142857,-5.371429,93.67143,0.042857144,0.042857144,0.2,11.314285,0.12857144,0.0014887005,0.012441203,0.03996954,0.0098941885,0.019208573,True
2011-01-03,94.98,1.2,-1.1142857,0.7,-3.3857143,90.84286,0.0,0.0,0.20000002,10.525,0.275,2.5480986e-06,0.0124788135,0.048891313,1.6540289e-05,0.0015250072,True
2011-01-10,95.14,23.8,3.357143,6.8857145,-0.21428572,90.32857,0.3142857,0.3142857,0.37142858,10.742857,2.642857,0.0047694296,0.029948309,0.023543438,0.051635582,8.836016e-05,True
2011-01-17,95.28,26.300001,7.371429,10.3,4.1285715,85.88572,0.6,0.6,0.5,10.714286,5.785714,0.0037842765,0.047655173,0.00014358475,0.00070780516,7.450581e-09,True
2011-01-24,95.21,7.1,1.8428572,4.0,-0.7285714,82.1,0.27142859,0.27142859,0.45714286,10.242857,1.8285714,7.016957e-05,0.037414968,0.0010157427,0.00029936433,0.002322182,True
2011-01-31,95.06,3.3,-0.7,1.6714286,-3.1571429,81.0,0.22857143,0.22857143,0.4857143,10.228572,-0.014285714,6.058812e-05,0.025740527,0.006312552,0.0009890366,0.0059493035,True
2011-02-07,94.97,5.7,3.2000003,5.7000003,0.27142853,81.88572,0.6,0.5714286,0.71428573,10.185715,1.6428572,0.00023959577,0.018921576,0.003835769,0.008341264,0.0015879646,True
2011-02-14,94.71,7.8999996,5.714286,9.514285,1.9714288,87.457146,0.61428565,0.5857143,0.5285714,10.085714,4.9857144,0.00046761334,0.014928289,3.1471252e-05,0.00013818964,3.248453e-05,True
2011-02-21,94.87,1.1,3.0714285,5.1,0.9857143,80.91429,0.3857143,0.37142858,0.67142856,10.114285,3.0714285,7.250905e-05,0.012578562,0.00043875264,0.0007440932,0.0014755912,True
2011-02-28,94.82,5.8,2.3428571,6.2714286,-2.5714285,77.90001,0.55714285,0.54285717,0.78571427,10.114285,1.9285715,0.00012429059,0.010923751,0.0005572126,0.0011001024,0.00055363774,True
2011-03-07,94.81,0.0,3.8857143,10.071428,-1.457143,57.057148,1.6857144,1.4428571,1.8285714,9.671429,4.385714,1.2665987e-06,0.009559356,1.7404556e-05,6.4618886e-05,2.8721988e-06,True
2011-03-14,94.79,0.5,8.657144,13.857142,2.2,65.4,1.4571428,1.1714284,1.6714287,9.028571,7.8142858,3.3587217e-05,0.008386187,6.6416607e-07,4.4107437e-06,0.0,True
2011-03-21,94.76,7.2,7.928571,12.685715,2.6714287,69.48572,1.5285712,1.2571429,1.6571429,8.742857,8.585714,9.458512e-05,0.0073858723,-7.345365000000001e-25,1.8626451e-09,0.0,True
2011-03-28,94.75,0.0,9.528571,17.385715,1.7428571,61.7,2.042857,1.5714285,2.2142856,8.257143,11.014286,1.6838312e-06,0.0064982027,-7.345365000000001e-25,0.0,0.0,True
2011-04-04,94.71,12.5,12.157144,18.7,5.414286,75.01429,2.1,1.7428571,2.0285714,7.7714286,13.414286,0.00019215047,0.005724296,-7.345365000000001e-25,1.1175871e-08,0.0,True
2011-04-11,94.71,1.2,14.17143,21.485716,6.7428575,61.3,3.1714287,2.2571428,3.142857,7.1285715,15.857142,2.6866794e-05,0.0050440654,-7.345365000000001e-25,1.8626451e-09,0.0,True
2011-04-18,94.69,2.7,10.242857,16.285715,3.3142858,55.885715,2.614286,1.5571429,2.7571428,6.3285713,13.1285715,3.772229e-05,0.004435621,-7.345365000000001e-25,0.0,0.0,True
2011-04-25,94.66,0.5,16.785715,25.071428,7.642857,51.07143,4.0285716,0.8571428,4.1285715,5.8428574,18.428572,7.8082085e-06,0.0038741902,-7.345365000000001e-25,1.8626451e-09,0.0,True
2011-05-02,94.63,4.0,14.67143,20.542858,9.1,60.285713,3.3714287,1.1428571,3.6714287,5.6857142,17.071428,0.00010432303,0.0033690035,-7.345365000000001e-25,-1.8626451e-09,0.0,True
2011-05-09,94.58,0.0,14.657144,22.457142,5.371429,46.642857,4.428571,0.61428565,4.4,5.4714284,17.742857,4.6789646e-06,0.00293573,-7.345365000000001e-25,0.0,0.0,True
2011-05-16,94.57,1.9,15.842857,22.228573,8.914286,58.342857,3.4285715,0.7428571,3.6571429,5.3142858,19.214285,7.1004033e-06,0.0025132895,-7.345365000000001e-25,7.450581e-09,0.0,True
2011-05-23,94.55,10.099999,18.028572,25.942858,9.857142,61.8,4.157143,0.88571423,4.4857144,5.1714287,21.157143,2.5317073e-05,0.002176173,-7.345365000000001e-25,7.450581e-09,0.0,True
2011-05-30,94.53,1.3000001,17.5,25.242859,9.185715,51.514286,4.842857,0.6428571,4.942857,4.9714284,21.014286,2.1770597e-05,0.0018572435,-7.345365000000001e-25,3.7252903e-09,0.0,True
2011-06-06,94.49,14.1,19.4,24.800001,14.185715,63.414288,4.028571,2.2142856,4.4714284,5.2,20.985714,0.00029337406,0.0016136914,-7.345365000000001e-25,1.1175871e-08,0.0,True
2011-06-13,94.47,12.7,17.528572,22.457144,12.757143,64.72857,3.1142857,2.242857,3.7285714,5.642857,20.714285,0.00017167628,0.0014366731,-7.345365000000001e-25,3.7252903e-09,0.0,True
2011-06-20,94.46,24.9,17.47143,22.328571,12.842857,75.0,3.2428572,2.6714284,3.1571429,5.357143,20.328571,0.00028838217,0.0012956932,-7.345365000000001e-25,1.1175871e-08,0.0,True
2011-06-27,94.41,13.0,18.985716,24.857143,13.6285715,70.5,3.7000003,2.871429,3.7571428,5.3714285,20.87143,0.0021924525,0.0011840016,-7.345365000000001e-25,1.1175871e-08,0.0,True
2011-07-04,94.36,5.7,18.885714,24.742857,12.557143,60.414284,3.842857,2.6,4.6142855,4.614286,21.971428,4.759431e-05,0.0010678619,-7.345365000000001e-25,1.1175871e-08,0.0,True
2011-07-11,94.39,12.0,20.228573,27.757143,13.914286,67.28571,4.228572,2.2857144,4.442857,4.357143,23.757143,0.00023499876,0.0009646714,-7.345365000000001e-25,7.450581e-09,0.0,True
2011-07-18,94.46,56.5,18.128572,23.4,12.6285715,69.74286,3.514286,2.6571429,3.6000001,5.357143,20.62857,0.0004235655,0.0008802265,-7.345365000000001e-25,1.4901161e-08,0.0,True
2011-07-25,94.45,17.0,16.142857,21.114286,12.042857,75.74286,2.5571427,2.2428572,2.857143,5.857143,19.028572,0.000279665,0.0008183941,-7.345365000000001e-25,7.450581e-09,0.0,True
2011-08-01,94.46,23.6,17.171429,22.585714,12.228571,77.02857,2.5285716,2.042857,2.7857144,6.0,20.585714,0.00080708414,0.0007679686,-7.345365000000001e-25,3.7252903e-09,0.0,True
2011-08-08,94.47,35.2,20.357143,26.085714,15.271429,74.51429,3.2285714,2.7857144,3.4857142,5.742857,22.514286,0.0033807904,0.0007246509,-7.345365000000001e-25,1.3038516e-08,0.0,True
2011-08-15,94.53,12.2,18.357143,24.014286,13.228572,72.97143,2.8571427,2.4714284,3.0857143,6.071429,20.171429,0.0004985109,0.0006886646,-7.345365000000001e-25,7.450581e-09,0.0,True
2011-08-22,94.55,4.4,21.457144,28.571428,14.071428,71.61429,3.2714286,2.5571427,3.6571429,5.614286,24.242857,7.002056e-05,0.000655666,-7.345365000000001e-25,5.5879354e-09,0.0,True
2011-08-29,94.57,42.6,19.742859,26.128572,14.5,75.828575,2.9285715,2.4285715,3.1142857,5.857143,22.757143,0.00024863333,0.00062111765,-7.345365000000001e-25,1.4901161e-08,0.0,True
2011-09-05,94.57,13.8,18.257143,24.785715,12.685715,73.057144,2.3999999,1.8714285,2.9142857,5.9714284,21.185715,5.5901706e-05,0.00059217215,-7.345365000000001e-25,3.7252903e-09,0.0,True
2011-09-12,94.56,15.3,18.614286,23.242859,14.057143,75.02857,2.2571428,1.942857,2.642857,6.214286,19.585714,9.608269e-05,0.0005656332,-7.345365000000001e-25,1.1175871e-08,0.0,True
2011-09-19,94.52,2.3,15.428572,20.4,10.085714,76.37142,1.7142859,1.3857143,2.0857143,6.1285715,18.042856,7.0139766e-05,0.0005419925,-7.345365000000001e-25,5.5879354e-09,0.0,True
2011-09-26,94.51133320953603,0.0,14.685715,22.857143,7.8857145,77.67143,1.6857144,1.2,2.0428572,5.9714284,17.514286,5.5134296e-07,0.0005207062,-7.345365000000001e-25,5.5879354e-09,0.0,False
2011-10-03,94.44,0.0,17.300001,25.928572,9.971429,76.74286,1.7142857,1.0714285,2.1714284,5.428571,19.2,1.4901161e-07,0.0004969686,-7.345365000000001e-25,5.5879354e-09,0.0,True
2011-10-10,94.42,15.7,13.557143,18.171429,8.657144,77.87144,1.3285713,1.0571429,1.6,5.4,14.714286,0.0002393499,0.00047565997,-7.345365000000001e-25,1.3038516e-08,0.0,True
2011-10-17,94.41,3.4,10.528572,15.342857,5.8428574,77.24286,0.9428572,0.7714286,1.1999999,6.071429,11.785714,4.2527914e-05,0.00046150386,-7.345365000000001e-25,5.5879354e-09,0.0,True
2011-10-24,94.41,20.3,6.228572,11.457144,1.2285715,86.12858,0.6714286,0.59999996,0.7428571,6.7285714,7.7714286,0.00022980571,0.00044823438,-7.345365000000001e-25,3.7252903e-09,0.0,True
2011-10-31,94.38,0.3,9.828572,15.5,4.5142856,86.52857,0.54285717,0.41428572,0.6571428,6.6571426,9.7,6.67572e-06,0.00043714046,-7.345365000000001e-25,1.8626451e-09,0.0,True
2011-11-07,94.39,0.0,9.8714285,15.028572,5.5,86.1,0.44285712,0.32857147,0.55714285,6.5857143,9.828571,2.1487474e-05,0.00042717904,-7.345365000000001e-25,1.8626451e-09,0.0,True
2011-11-14,94.37,0.5,5.557143,8.171429,1.9285715,89.22858,0.21428573,0.17142858,0.45714286,6.5,6.3142858,1.8030405e-06,0.000418365,-7.345365000000001e-25,2.9802322e-08,1.6018748e-07,True
2011-11-21,94.36,0.2,3.5571427,6.8142858,0.10000006,92.22858,0.20000002,0.12857144,0.25714287,6.5,4.1571426,2.0489097e-06,0.00041050464,1.1580331e-06,2.1215528e-06,2.2165477e-06,True
2011-11-28,94.37,1.1,2.2857144,5.7999997,-0.74285716,94.94286,0.20000002,0.14285715,0.20000002,6.457143,3.4714286,9.0152025e-06,0.00040327758,6.596247e-06,1.918897e-05,1.8883497e-05,True
2011-12-05,94.64,54.7,6.3857145,9.885715,1.9428571,88.85714,0.55714285,0.5285714,0.4714286,6.8714285,5.4714284,0.0037101805,0.00040564686,7.947286e-08,6.649643e-07,1.7136335e-07,True
2011-12-12,94.66,15.8,5.085714,8.557143,1.2428571,82.27143,0.64285713,0.64285713,0.59999996,9.428572,4.142857,0.001074031,0.00039232522,1.7790568e-05,0.00020122714,0.00019729882,True
2011-12-19,94.66,18.9,5.0285716,7.714286,2.1000001,81.37142,0.7714286,0.7714286,0.8142857,10.357142,3.857143,0.0023214966,0.0014248416,0.0013850076,0.0008276142,0.0050224774,True
2011-12-26,94.9,16.0,4.9,6.414286,3.0142858,90.22858,0.3,0.3,0.44285712,10.571428,3.642857,0.00071410835,0.0025402233,0.0028478305,0.009035405,0.0046878792,True
2012-01-02,94.76,14.1,6.957143,8.942858,4.5285716,86.84286,0.4,0.4,0.59999996,10.32,4.38,0.0008302629,0.0019700602,0.00025509653,0.0016595591,0.001536049,True
2012-01-09,94.78,23.0,6.1285715,8.928572,3.4857142,79.9,0.94285715,0.94285715,0.9142857,10.914286,4.9714284,0.0016454607,0.0031938106,0.00012152536,0.0006737113,0.0007172972,True
2012-01-16,94.81,0.90000004,3.0857143,6.1142855,-0.09999997,86.48572,0.51428574,0.51428574,0.3285714,10.285714,3.4571428,9.705871e-05,0.0018086284,1.4770599e-05,6.068684e-05,4.336238e-06,True
2012-01-23,94.88,24.3,3.5714285,7.085715,-0.15714285,84.34286,0.7571429,0.7571429,0.5428571,10.671429,2.7428572,0.0034303889,0.005669646,0.00012268338,0.0012410264,0.0012289844,True
2012-01-30,94.71,1.6000001,1.1857144,3.614286,-1.4142858,84.37144,0.27142856,0.27142856,0.40000004,10.357142,1.3714286,4.967302e-05,0.004724443,0.00039546262,0.00029962696,0.0010059066,True
2012-02-06,94.71,0.0,-7.157143,-2.5285716,-11.271429,59.514286,0.0,0.0,0.6857143,10.271428,-3.4142857,1.4156103e-07,0.005518846,0.0009348733,0.0,0.00039473176,True
2012-02-13,94.68,0.70000005,-7.5,-3.5714285,-11.7,69.14286,0.0,0.0,0.5714286,10.214286,-5.5571427,6.556511e-07,0.0056923404,0.0014919611,0.0,0.0033256076,True
2012-02-20,94.64,9.4,3.0142858,5.828572,0.0142857,84.799995,0.7857143,0.77142864,0.59999996,10.242857,0.54285717,0.0004975945,0.0056685954,0.0028166089,0.006790446,0.0034196004,True
2012-02-27,94.63,1.2,4.8142858,9.471429,0.15714297,79.40001,0.8714286,0.82857144,0.8428572,10.0,3.3285713,0.00012188405,0.005676858,0.00016662621,0.00052335486,0.0,True
2012-03-05,94.61,5.0,7.8857145,10.8714285,5.0285716,85.15715,0.71428573,0.64285713,0.9285714,9.714286,7.042857,7.942319e-05,0.0057317168,7.947286e-07,5.496666e-06,0.0,True
2012-03-12,94.61,6.2999997,6.2999997,11.571428,0.22857149,70.87144,1.3571427,1.1714287,1.2571429,9.414286,6.6714287,0.00011758506,0.005669296,4.1711897e-05,0.00020559132,0.00020644069,True
2012-03-19,94.6,5.7,8.400001,14.928572,1.3142856,72.4,1.7,1.3285714,1.6142857,8.942857,9.242857,5.477667e-05,0.005520083,3.633045e-07,3.0938536e-06,0.0,True
2012-03-26,94.57,0.0,11.114286,19.27143,2.5142858,57.342857,2.6857142,2.0285714,2.642857,8.3,11.585714,1.7285347e-06,0.0052917525,-7.345365000000001e-25,0.0,0.0,True
2012-04-02,94.57,0.3,9.885714,16.27143,2.5285716,59.24286,2.3714283,1.6714286,2.3428571,7.3142858,12.142858,9.030104e-06,0.0049903616,-7.345365000000001e-25,0.0,0.0,True
2012-04-09,94.57,13.200001,7.828572,12.6285715,2.5142858,70.0,1.7142857,1.3714286,1.8000001,6.8,10.071428,0.00011315942,0.004678294,4.91937e-05,0.00052184425,0.00072972104,True
2012-04-16,94.56,5.7000003,9.114285,14.442858,3.3428574,68.48572,2.2285714,1.7142859,2.2714286,6.5571427,10.585714,0.00015585497,0.0043671206,1.4140493e-05,0.00022413209,0.0,True
2012-04-23,94.54,7.4,9.228572,14.571428,3.9857144,68.24286,2.5142858,1.8999999,2.4714284,6.1285715,10.942857,0.0003234446,0.004045777,-7.345365000000001e-25,3.7252903e-09,0.0,True
2012-04-30,94.53,4.8,15.385714,21.628572,8.542857,65.1,3.457143,1.942857,3.2285714,5.957143,15.514286,0.00023466349,0.0037499145,-7.345365000000001e-25,3.7252903e-09,0.0,True
2012-05-07,94.53,18.8,14.585715,20.071428,8.585714,73.65714,2.9428573,1.6857141,2.857143,5.885714,17.3,0.0034620166,0.004167907,-7.345365000000001e-25,3.7252903e-09,0.0,True
2012-05-14,94.53,10.4,15.800001,22.12857,8.928572,65.52857,3.9,2.8285713,3.8,5.885714,18.428572,8.812547e-05,0.0032309294,-7.345365000000001e-25,7.450581e-09,0.0,True
2012-05-21,94.56,17.5,14.842858,20.914288,8.771429,67.98572,3.4714286,2.4142857,3.6142857,5.5142856,17.6,0.00028400123,0.0030062422,-7.345365000000001e-25,3.7252903e-09,0.0,True
2012-05-28,94.46,1.3,19.97143,26.557144,12.928572,58.785713,5.014286,1.5428572,4.8428574,5.0142856,22.671429,2.1271408e-05,0.0027637556,-7.345365000000001e-25,7.450581e-09,0.0,True
2012-06-04,94.41,15.199999,17.457144,22.87143,11.728572,71.71429,3.3714287,1.4428571,3.3428571,4.9857144,20.442858,0.0001558736,0.0025099665,-7.345365000000001e-25,1.1175871e-08,0.0,True
2012-06-11,94.4,22.8,16.1,21.17143,11.1,69.97143,3.3000004,2.6142857,3.457143,5.3285713,18.928572,0.0001488179,0.0023172572,-7.345365000000001e-25,7.450581e-09,0.0,True
2012-06-18,94.39,22.0,17.228573,23.071428,11.928572,76.24286,3.4714282,2.7142856,3.357143,5.5,20.185715,0.00027655065,0.002140388,-7.345365000000001e-25,7.450581e-09,0.0,True
2012-06-25,94.36,15.9,18.314287,23.685715,12.8714285,73.37144,3.6857142,2.9857142,3.4857142,5.1285715,21.442858,0.00023309886,0.001968719,-7.345365000000001e-25,7.450581e-09,0.0,True
2012-07-02,94.34,24.9,20.757143,26.685715,14.785714,74.057144,3.8142855,2.8714287,3.9142857,4.8142858,23.3,0.001194723,0.001796864,-7.345365000000001e-25,7.450581e-09,0.0,True
2012-07-09,94.33,13.2,20.914288,26.328571,15.742858,70.38572,4.028571,3.1142857,4.3285713,4.8,24.042856,0.0017056018,0.0016546696,-7.345365000000001e-25,7.450581e-09,0.0,True
2012-07-16,94.36,28.9,17.4,22.185715,13.657144,73.64286,3.457143,3.0142856,3.3999999,5.0571427,19.72857,0.0023050904,0.002393216,-7.345365000000001e-25,1.1175871e-08,0.0,True
2012-07-23,94.35,5.4,17.914286,22.828571,11.928572,66.28571,3.6000001,2.7285714,3.7714286,4.928571,20.2,8.237362e-05,0.001445666,-7.345365000000001e-25,1.4901161e-08,0.0,True
2012-07-30,94.33,26.1,22.34286,28.985716,14.814285,64.942856,4.357143,2.9428573,4.542857,4.457143,24.614286,0.00014692545,0.0013433546,-7.345365000000001e-25,7.450581e-09,0.0,True
2012-08-06,94.29,10.4,20.814287,26.742859,14.5,68.01429,3.8285713,2.6714284,3.9428573,4.214286,24.057142,0.00026077032,0.0012428984,-7.345365000000001e-25,1.1175871e-08,0.0,True
2012-08-13,94.28,0.3,18.828571,25.028574,11.928572,63.557148,3.7285712,1.9285713,3.9428573,3.8285713,22.385714,1.1846423e-05,0.0011522248,-7.345365000000001e-25,7.450581e-09,0.0,True
2012-08-20,94.22,6.7,24.014286,31.757143,16.1,60.828575,4.3142858,1.6142856,4.6714287,3.6714287,25.542856,0.0002167821,0.0010602698,-7.345365000000001e-25,3.7252903e-09,0.0,True
2012-08-27,94.18,12.0,20.87143,26.614286,14.685715,67.9,3.2714286,1.6714286,3.6,3.9142857,23.37143,0.0001231134,0.00097346306,-7.345365000000001e-25,7.450581e-09,0.0,True
2012-09-03,94.14,11.1,18.028572,23.77143,12.5,71.61429,2.3857143,1.4142857,2.7714286,3.9142857,20.142857,2.451241e-05,0.0009042397,-7.345365000000001e-25,5.5879354e-09,0.0,True
2012-09-10,94.11,0.1,18.47143,26.657145,10.5,64.057144,2.885714,0.8142857,3.3999999,3.557143,20.914286,1.244247e-06,0.0008380413,-7.345365000000001e-25,7.450581e-09,0.0,True
2012-09-17,94.11,16.2,14.67143,21.028574,8.557143,79.52857,1.8142859,1.2285713,2.0571427,4.0142856,17.457144,0.00013917685,0.00077904016,-7.345365000000001e-25,3.7252903e-09,0.0,True
2012-09-24,94.14,10.900001,13.528571,20.014286,6.928571,73.40001,1.8000001,1.3285714,2.1,4.0285716,16.071428,0.00012686849,0.0007305145,-7.345365000000001e-25,5.5879354e-09,0.0,True
2012-10-01,94.14,19.599998,12.300001,17.985714,7.9,84.44286,1.2857143,1.0571429,1.4428571,4.4428573,14.171429,0.00022660196,0.0006937459,-7.345365000000001e-25,1.8626451e-09,0.0,True
2012-10-08,94.16,17.9,13.242858,18.37143,6.7285714,79.47143,1.3000001,1.1571428,1.6285714,4.6857142,13.757143,0.00027671456,0.0006609112,-7.345365000000001e-25,7.450581e-09,0.0,True
2012-10-15,94.16,13.9,9.585714,14.085715,4.8,85.67143,0.84285706,0.7857142,0.9571429,5.6285715,10.828571,0.00025373697,0.0006344095,-7.345365000000001e-25,3.7252903e-09,0.0,True
2012-10-22,94.14,0.0,11.2,17.928572,5.4857144,88.57143,0.8571428,0.64285713,0.85714287,5.9428573,12.285714,4.336238e-06,0.00061301887,-7.345365000000001e-25,3.7252903e-09,0.0,True
2012-10-29,94.16,16.4,5.6857142,8.785714,1.8428572,88.78571,0.4571429,0.40000004,0.5285714,6.1714287,7.3428574,0.000102579594,0.0005941689,0.0012294508,0.0012965407,0.004527483,True
2012-11-05,94.21,34.3,7.585714,11.228572,4.7000003,87.057144,0.7714285,0.75714284,0.6571428,7.4857144,7.571429,0.0024819076,0.0008948073,0.00051837874,0.0030492619,0.0,True
2012-11-12,94.37,13.400001,7.3,10.1285715,3.5428574,89.18572,0.44285712,0.44285712,0.4857143,9.042857,7.6,0.00078961253,0.000629209,-7.345365000000001e-25,2.7753413e-07,0.0,True
2012-11-19,94.4,0.1,4.957143,7.8428574,2.0000002,89.48572,0.22857144,0.22857144,0.35714287,9.271428,4.9142857,3.5613775e-06,0.00058585405,-7.345365000000001e-25,0.0,0.0,True
2012-11-26,94.39,7.3,6.2000003,10.1285715,1.6714287,90.14286,0.3285714,0.3,0.42857143,9.214286,5.9142857,0.00012479722,0.000602372,-7.345365000000001e-25,3.7252903e-09,0.0,True
2012-12-03,94.41,15.4,3.142857,5.5285716,0.62857145,88.52857,0.32857147,0.32857147,0.37142855,9.928572,3.4142857,0.00021868944,0.0006203279,0.0016728016,0.0014382284,0.009343676,True
2012-12-10,94.46,14.3,0.34285715,2.7285714,-2.8142855,87.114296,0.25714287,0.25714287,0.37142855,10.214286,0.8428571,0.00041570514,0.00065442175,0.0069930893,0.006957704,0.01026091,True
2012-12-17,94.52919586443716,23.400002,2.2285714,5.142857,-1.0,89.61428,0.31428573,0.31428573,0.3285714,10.428572,1.8142858,0.0014439225,0.0035740212,0.0074686776,0.013735736,0.002704572,False
2012-12-24,94.74496807969012,26.8,6.2000003,8.357142,2.914286,90.799995,0.42857143,0.42857143,0.4857143,10.985714,4.8,0.002935961,0.005264543,0.0005503155,0.002820162,0.0025788918,True
2012-12-31,94.88,13.9,8.142858,10.414286,6.0285716,79.957146,0.8428572,0.8428572,0.9285714,10.757143,6.8,0.0015300214,0.002931796,1.5894572e-07,2.4680048e-06,0.0,True
2013-01-07,94.77,2.3,6.3857145,8.557143,3.7571428,88.72858,0.44285718,0.44285718,0.5285714,10.171429,5.8285713,0.00031216443,0.0037941113,-7.345365000000001e-25,1.8626451e-09,0.0,True
2013-01-14,94.71,1.0,1.2571429,2.9857144,-1.1,84.40001,0.17142858,0.17142858,0.4,10.2,2.3,2.5689602e-05,0.004535362,0.0002899624,5.1625073e-05,0.0007763654,True
2013-01-21,94.72,16.7,-1.557143,0.07142858,-3.4,87.314285,0.0,0.0,0.37142858,10.3714285,-0.057142857,9.557605e-05,0.0049043745,0.0052091507,3.9041042e-06,0.012998719,True
2013-01-28,94.69,1.8000001,-0.5285714,1.2857143,-2.3142858,89.77143,0.14285715,0.14285715,0.34285715,10.357142,0.071428575,0.00030444562,0.0050038025,0.014443614,0.009178266,0.003643155,True
2013-02-04,94.88,19.2,6.7000003,9.17143,3.957143,81.84286,0.9714286,0.9714286,0.9285714,10.714286,4.957143,0.0027245656,0.009075455,0.0009245986,0.009877946,0.0027291775,True
2013-02-11,94.86,13.3,0.31428576,2.9857144,-2.7,83.471436,0.35714287,0.35714287,0.54285717,10.528571,1.2,0.00016380101,0.009692468,0.0045189518,0.0017800014,0.0070951395,True
2013-02-18,94.78,4.9,0.7285714,3.2857144,-2.5285716,81.185715,0.34285712,0.34285712,0.5857143,10.228572,0.17142858,0.00014039874,0.011094965,0.0058378153,0.00546981,0.004169088,True
2013-02-25,94.76,12.0,-1.1857144,0.85714287,-3.2714286,83.32857,0.17142858,0.17142858,0.62857145,10.228572,0.057142857,7.070601e-05,0.010967255,0.0064730756,0.0018242653,0.011369884,True
2013-03-04,94.76,0.0,2.3714287,6.157143,-1.6571429,78.84286,0.7571429,0.7285714,0.8428572,10.185715,1.1428572,0.00026197731,0.010615654,0.0045926003,0.010985311,0.0001737997,True
2013-03-11,94.76,2.7999997,7.1142855,13.3,1.4428571,77.38572,1.2142857,1.1,1.2142857,9.7,7.742857,0.00010868907,0.01009047,0.00026395207,0.0011454038,0.0006270185,True
2013-03-18,94.75,13.8,0.6857143,4.4857144,-3.9285717,75.75714,0.6857143,0.6571428,1.1,10.057143,1.6428572,0.0003349632,0.009500019,0.0060187466,0.0073581897,0.010263126,True
2013-03-25,94.74,6.9,3.2142856,6.7571435,-0.0142857,68.6,1.2285715,1.2,1.4714286,10.157143,3.7285714,0.0007683039,0.010220356,0.0007458131,0.0023978744,0.00091226026,True
2013-04-01,94.74,0.0,1.957143,6.214286,-2.1142857,62.600002,1.2857143,1.1142857,1.6571429,9.657143,3.4714286,3.797561e-05,0.008622557,0.0005803506,0.0010763202,0.0009988267,True
2013-04-08,94.71,3.7,4.3857145,8.7,0.0,62.014286,1.6857144,1.3428571,1.9285715,9.1285715,5.7,3.0621886e-05,0.008099951,0.00010314442,0.00037082098,3.989786e-05,True
2013-04-15,94.83,33.600002,12.042857,17.571428,7.3857145,75.51429,2.6285713,2.4714284,2.3285713,9.528571,11.957143,0.0020616949,0.0091113895,5.9604645e-07,5.958602e-06,0.0,True
2013-04-22,94.75,0.0,14.228572,18.5,10.142858,58.37143,2.8428571,2.2285714,3.0142858,8.842857,15.428572,1.3276935e-05,0.007160671,-7.345365000000001e-25,3.7252903e-09,0.0,True
2013-04-29,94.77,24.1,11.957143,17.714285,6.3428574,74.74286,2.5714285,2.0714285,2.3857143,8.514286,14.3,0.0004619509,0.00669761,-7.345365000000001e-25,3.7252903e-09,0.0,True
2013-05-06,94.85,20.800001,13.671428,18.614286,8.771429,79.057144,2.5142856,2.1571429,2.5285716,8.814285,15.257143,0.00038197637,0.0062726364,-7.345365000000001e-25,3.7252903e-09,0.0,True
2013-05-13,94.8,18.8,14.085715,18.7,10.042857,76.8,2.7,2.4857144,2.6285713,8.342857,16.471428,0.00030054152,0.0058766827,-7.345365000000001e-25,3.7252903e-09,0.0,True
2013-05-20,94.91,37.8,13.385715,18.071428,9.071428,79.75714,2.3428574,2.0714285,2.2857144,8.285714,15.671429,0.002534464,0.0070383996,-7.345365000000001e-25,3.7252903e-09,0.0,True
2013-05-27,95.36,53.899998,9.571428,13.757143,5.371429,82.114296,2.0857143,2.0,1.8714286,9.357142,12.3714285,0.0017199814,0.007459983,-7.345365000000001e-25,0.0,0.0,True
2013-06-03,95.53,60.800003,13.228571,17.485714,8.585714,74.37144,2.857143,2.757143,2.857143,10.614285,15.685715,0.0027407333,0.009812057,-7.345365000000001e-25,7.450581e-09,0.0,True
2013-06-10,95.28,14.299999,17.685715,23.5,11.371429,70.25715,4.1,3.3428571,3.9857142,9.242857,21.314285,0.0004685223,0.008288011,-7.345365000000001e-25,3.7252903e-09,0.0,True
2013-06-17,95.06,10.3,18.814287,25.514286,11.757143,70.85714,4.357143,3.6428568,4.214286,8.557143,22.285715,0.0005438924,0.007919028,-7.345365000000001e-25,7.450581e-09,0.0,True
2013-06-24,95.01,30.5,21.300001,26.4,15.7,68.54286,4.7428575,3.6857142,4.542857,7.3714285,24.685715,0.0027894005,0.0072092265,-7.345365000000001e-25,1.1175871e-08,0.0,True
2013-07-01,95.00212633499284,24.8,14.857142,20.057144,9.242857,75.1,3.0857143,2.4714284,3.0142858,7.0142856,18.657143,0.001845926,0.006608188,-7.345365000000001e-25,3.7252903e-09,0.0,False
2013-07-08,94.9,9.599999,20.67143,25.7,14.828572,70.21429,4.5,3.2285714,4.4,6.614286,23.571428,0.00015218556,0.006072223,-7.345365000000001e-25,1.1175871e-08,0.0,True
2013-07-15,94.8158321260491,0.0,20.285715,26.414288,13.771429,60.92857,4.957143,1.5,5.1285715,5.6857142,24.942858,1.8179417e-06,0.0054374635,-7.345365000000001e-25,1.1175871e-08,0.0,True
2013-07-22,94.68,0.0,23.9,30.457144,16.57143,54.17143,5.914286,0.7285714,5.957143,5.3285713,26.971428,8.940697e-07,0.0047473162,-7.345365000000001e-25,7.450581e-09,0.0,True
2013-07-29,94.66,10.2,23.814287,30.157145,17.671429,71.48572,4.142857,1.1428571,4.157143,5.357143,26.828571,0.0002913326,0.0040751696,-7.345365000000001e-25,7.450581e-09,0.0,True
2013-08-05,94.6,0.3,23.84286,31.0,16.128572,59.271427,4.914286,2.2571428,5.1857142,5.457143,26.214285,2.1338463e-05,0.0035649166,-7.345365000000001e-25,1.1175871e-08,0.0,True
2013-08-12,94.6,20.400002,19.857143,25.857143,14.657144,71.700005,3.2714286,2.2428572,3.4285715,5.4857144,23.385714,0.00013281405,0.0031103715,-7.345365000000001e-25,1.1175871e-08,0.0,True
2013-08-19,94.56,17.1,18.428572,25.557144,11.271429,66.84286,3.4857144,1.8714287,3.5142858,5.071429,22.114286,5.684793e-05,0.0027364343,-7.345365000000001e-25,0.0,0.0,True
2013-08-26,94.39,16.6,17.528572,23.385715,12.371429,76.35714,2.685714,1.557143,2.7,5.3,20.928572,0.00031886995,0.002414979,-7.345365000000001e-25,5.5879354e-09,0.0,True
2013-09-02,94.48,1.7,17.47143,23.357143,11.728572,70.91429,2.5285714,1.8142856,2.8999999,5.8142858,20.457144,2.1271408e-05,0.0021844879,-7.345365000000001e-25,0.0,0.0,True
2013-09-09,94.5,19.9,19.642857,26.085714,13.771429,73.51429,2.7714286,1.8857144,3.0714285,5.3285713,21.842857,0.00028011203,0.001966305,-7.345365000000001e-25,9.313226e-09,0.0,True
2013-09-16,94.57,37.9,14.1285715,17.4,11.257143,85.37142,1.442857,1.3857142,1.4571428,6.7285714,15.771428,0.00048066676,0.0018071011,-7.345365000000001e-25,1.3038516e-08,0.0,True
2013-09-23,94.68,22.2,13.071428,17.885714,8.185714,84.5,1.3857142,1.2428571,1.5142858,7.714286,14.971429,0.0013070554,0.0035935342,-7.345365000000001e-25,5.5879354e-09,0.0,True
2013-09-30,94.61,0.0,13.985715,19.314285,8.985715,76.6,1.4571428,1.1714286,1.8428571,7.4,16.471428,1.14142895e-05,0.001638867,-7.345365000000001e-25,5.5879354e-09,0.0,True
2013-10-07,94.61,41.8,11.900001,16.2,7.7714286,79.78571,1.1285714,0.94285715,1.3428571,7.9428573,13.742857,0.0012489334,0.0017536804,-7.345365000000001e-25,1.8626451e-09,0.0,True
2013-10-14,94.73715518863482,29.699999,9.528571,13.014287,5.514286,88.84286,0.6857143,0.6714286,0.85714287,9.828571,11.285714,0.00044068694,0.0015358031,-7.345365000000001e-25,7.450581e-09,0.0,False
2013-10-21,94.81,8.3,13.057143,16.614286,9.285714,86.814285,0.9142857,0.9,1.0142857,10.3,13.157143,0.00027360022,0.0015190691,-7.345365000000001e-25,7.450581e-09,0.0,True
2013-10-28,94.81,13.000001,14.971429,19.300001,11.271429,83.82857,1.2571429,1.2571429,1.2714285,10.214286,14.7,0.0005608052,0.0015136674,-7.345365000000001e-25,1.3038516e-08,0.0,True
2013-11-04,94.86,13.799999,9.071428,13.6,4.4428573,83.88572,0.95714283,0.9428572,0.87142855,10.271428,9.857142,0.0012165755,0.0032270774,-7.345365000000001e-25,7.450581e-09,0.0,True
2013-11-11,94.86,21.1,9.314286,12.385714,5.7999997,84.85714,0.78571427,0.78571427,0.78571427,10.771428,9.542857,0.001660049,0.002822332,-7.345365000000001e-25,1.3038516e-08,0.0,True
2013-11-18,94.88184082396072,0.90000004,4.8285713,7.5142856,1.6857144,87.02857,0.3,0.3,0.4857143,10.342857,5.3142858,2.6762486e-05,0.0030659735,-7.345365000000001e-25,0.0,0.0,False
2013-11-25,94.82,19.199999,4.357143,6.4857144,1.5142858,85.54286,0.35714287,0.35714287,0.5,10.6,4.4714284,0.00041911006,0.0037211925,2.2382963e-05,2.1532178e-06,0.00043376908,True
2013-12-02,94.77,2.7,1.7714287,4.714286,-1.7142857,91.17143,0.24285714,0.24285714,0.25714284,10.257143,2.0714285,0.00012785196,0.004203424,0.0004428852,0.0007691346,0.00043720007,True
2013-12-09,94.75,1.1,3.7428572,6.1714287,0.9142857,82.814285,0.42857143,0.42857143,0.61428577,10.185715,2.8428571,0.00014899671,0.004521422,0.0006065255,0.002373943,0.0024787951,True
2013-12-16,94.92,5.6,2.3714287,5.571429,-0.62857145,92.0,0.12857142,0.12857142,0.27142859,10.171429,2.3714285,5.9589744e-05,0.004702896,0.00033939452,0.0005959738,0.00068146735,True
2013-12-23,94.91,4.2000003,4.728572,7.014286,0.6571428,86.971436,0.4,0.4,0.5142857,10.2,3.357143,0.00022028387,0.004780136,0.00013170924,0.00042786077,0.0,True
2013-12-30,94.88,27.9,6.542857,0.0,3.1714287,83.24286,0.5285714,0.5285714,0.7571429,10.8,5.385714,0.0010233968,0.005770512,-7.345365000000001e-25,4.4330955e-07,0.0,True
2014-01-06,94.79,6.9,5.857143,8.2,1.6571429,84.92857,0.3,0.3,0.5857143,10.6,2.7,0.0003273338,0.005923748,-7.345365000000001e-25,1.8626451e-09,0.0,True
2014-01-13,94.76,8.1,5.6,9.8,1.4857142,88.42857,0.59999996,0.59999996,0.42857143,10.285714,5.1285715,0.0002597645,0.0067066923,3.973643e-07,6.35162e-07,1.5422702e-06,True
2014-01-20,94.77913838556832,5.4,4.071429,6.9857144,0.62857145,91.52857,0.37142858,0.37142858,0.35714287,10.285714,3.9571428,0.00019602478,0.007231839,2.611251e-07,9.5181167e-07,0.0,False
2014-01-27,94.81,17.1,3.8857143,5.3428574,2.2285714,87.957146,0.4857143,0.4857143,0.5142857,10.342857,3.2714286,0.0005103573,0.00762441,0.00085056963,0.0025467258,0.0071180873,True
2014-02-03,94.79,3.0,2.2714286,6.2428575,-1.9428571,83.814285,0.5285715,0.5285715,0.4857143,10.285714,2.2428572,0.000206545,0.00824105,0.0029858067,0.0042386875,0.000534337,True
2014-02-10,94.74,7.2,4.957143,8.771429,0.34285715,79.57143,0.91428566,0.87142855,0.9714286,10.185715,3.9857142,0.0003170371,0.008680873,0.00025254203,0.0009372812,1.1920929e-07,True
2014-02-17,94.76,14.200001,5.957143,9.6,2.1000001,80.17143,1.0571429,1.042857,0.9714286,10.414286,5.3285713,0.0015025139,0.009321816,6.18753e-07,3.4347177e-06,0.0,True
2014-02-24,94.74,4.2,6.3142858,11.985715,0.85714287,80.12858,1.0857142,1.0428572,0.9714286,10.085714,6.214286,8.8214874e-05,0.009867325,-7.345365000000001e-25,0.0,0.0,True
2014-03-03,94.75945683635854,10.5,6.228572,10.842857,1.9142857,81.08572,1.0142858,0.9428571,0.94285715,9.9,6.8714285,0.00016049296,0.009743825,-7.345365000000001e-25,1.8626451e-09,0.0,False
2014-03-10,94.69,0.0,6.871429,15.2,-0.54285717,71.88572,1.5714285,1.2571429,1.3714286,9.457143,7.6571426,2.2500753e-06,0.009371735,-7.345365000000001e-25,-1.8626451e-09,0.0,True
2014-03-17,94.67,0.1,9.814285,17.37143,2.757143,65.57143,1.9285713,1.5,1.8571428,8.7,9.8714285,8.47131e-06,0.008768067,-7.345365000000001e-25,0.0,0.0,True
2014-03-24,94.66,10.1,9.557143,15.17143,3.5142858,72.54286,1.9857142,1.6285715,1.8857143,8.1285715,10.442857,0.00022801757,0.008072317,-7.345365000000001e-25,1.8626451e-09,0.0,True
2014-03-31,94.65,0.1,9.471429,17.1,1.6571429,63.528572,2.3,1.6857144,2.2285714,7.6,10.985714,2.1353364e-05,0.007345684,-7.345365000000001e-25,0.0,0.0,True
2014-04-07,94.66,2.8,14.485715,21.814285,7.1857147,69.4,2.457143,1.6,2.3857143,6.757143,15.942857,3.6418438e-05,0.006566182,-7.345365000000001e-25,3.7252903e-09,0.0,True
2014-04-14,94.64,0.0,12.514287,18.185715,6.1,60.885715,2.857143,1.3142856,2.9428573,6.1714287,14.942857,2.3141503e-05,0.0058515146,-7.345365000000001e-25,1.8626451e-09,0.0,True
2014-04-21,94.64,0.7,10.3714285,16.77143,3.1857142,61.94286,2.7142856,0.7571429,2.7714286,5.8714285,12.857142,5.0365925e-05,0.005195841,-7.345365000000001e-25,1.8626451e-09,0.0,True
2014-04-28,94.69,22.1,15.042857,20.97143,9.071428,70.814285,2.885714,0.9714286,2.7857144,5.928571,17.314285,0.00017148256,0.0045810193,-7.345365000000001e-25,1.8626451e-09,0.0,True
2014-05-05,94.60891341734002,21.699999,12.071428,17.742857,6.857143,78.314285,2.3428571,1.8428571,2.3,6.757143,15.385715,0.00017629564,0.0040964484,-7.345365000000001e-25,0.0,0.0,True
2014-05-12,94.6019066447699,30.8,13.528572,18.357143,8.500001,73.90001,3.128571,2.8428574,2.7142856,6.6857142,15.271428,0.00060167164,0.0036621839,-7.345365000000001e-25,7.450581e-09,0.0,False
2014-05-19,94.59307181890496,1.4000001,13.642858,19.628572,7.5285716,65.12858,3.4285715,2.5857143,3.6142857,6.3142858,16.714285,2.7932227e-05,0.0033018142,-7.345365000000001e-25,0.0,0.0,False
2014-05-26,94.58075420250498,13.7,17.857143,24.557144,10.428572,67.54286,4.071429,2.857143,3.857143,5.457143,21.514286,0.0010675937,0.0029372126,-7.345365000000001e-25,3.7252903e-09,0.0,False
2014-06-02,94.52373594646268,4.3999996,15.0,20.300001,9.542857,70.057144,2.885714,2.1285713,2.9857142,5.8142858,18.571428,0.00012554973,0.0026549622,-7.345365000000001e-25,3.7252903e-09,0.0,False
2014-06-09,94.45025437067432,9.4,19.757143,28.057142,10.685715,64.91428,4.785714,2.5285716,4.6857142,5.1,23.2,6.578863e-05,0.0023931488,-7.345365000000001e-25,7.450581e-09,0.0,True
2014-06-16,94.41256748235504,0.5,20.257143,26.128572,14.371429,60.385715,5.042857,1.0714285,4.9857144,4.6714287,24.62857,2.1785498e-05,0.0021146834,-7.345365000000001e-25,1.1175871e-08,0.0,False
2014-06-23,94.35065408152484,0.5,17.657145,23.614286,10.314285,58.42857,4.671428,0.61428565,4.642857,4.3428574,22.442858,7.584691e-06,0.0018730685,-7.345365000000001e-25,3.7252903e-09,0.0,False
2014-06-30,94.35972561820996,17.5,17.485714,23.157145,10.942858,64.87143,3.9714286,1.3285714,3.9142857,4.3714285,21.77143,0.00083719194,0.0016453788,-7.345365000000001e-25,7.450581e-09,0.0,True
2014-07-07,94.35813109660302,19.0,20.485716,27.157145,13.314286,62.414288,4.8142853,2.2857144,4.571429,4.3285713,23.614286,0.00010128319,0.0014652237,-7.345365000000001e-25,7.450581e-09,0.0,False
2014-07-14,94.52792433458052,53.5,17.628572,21.914288,14.157143,84.67143,2.7428572,2.6285713,2.6000001,7.114286,20.085714,0.0019636825,0.0013356879,-7.345365000000001e-25,1.1175871e-08,0.0,True
2014-07-21,94.55606587985308,32.7,22.657145,29.214285,15.728572,67.67143,4.6428576,3.6714284,4.342857,6.8285713,26.057142,8.582324e-05,0.0012354776,-7.345365000000001e-25,7.450581e-09,0.0,False
2014-07-28,94.5508271215056,15.9,22.100002,28.457144,16.514286,70.057144,4.371429,3.5571427,4.428571,7.142857,25.3,0.00048327446,0.0011372492,-7.345365000000001e-25,1.4901161e-08,0.0,True
2014-08-04,94.61,16.6,20.542858,26.028574,15.871429,78.88572,3.2142854,2.8142858,3.242857,7.7714286,24.2,0.0026347637,0.0010573715,-7.345365000000001e-25,7.450581e-09,0.0,True
2014-08-11,94.61,26.8,20.114286,26.057144,14.428572,73.54286,3.542857,2.8142858,3.5714285,7.257143,24.0,0.00019197166,0.0009933189,-7.345365000000001e-25,1.1175871e-08,0.0,True
2014-08-18,94.6193629495322,31.7,16.414286,20.528574,12.942857,78.6,2.5857143,2.3285713,2.5714285,7.6571426,19.185715,0.0011218637,0.000936836,-7.345365000000001e-25,1.4901161e-08,0.0,True
2014-08-25,94.57,17.4,14.485715,20.37143,8.6,74.02857,2.3999999,1.942857,2.4714284,7.5857143,18.22857,6.28531e-05,0.00089253485,-7.345365000000001e-25,1.8626451e-09,0.0,True
2014-09-01,94.6441193213804,36.699997,17.071428,22.528574,12.071428,81.65715,2.1285715,1.9857142,2.3,8.928572,19.571428,0.002261795,0.00085514784,-7.345365000000001e-25,7.450581e-09,0.0,True
2014-09-08,94.58,0.1,18.2,23.228573,13.6285715,80.457146,2.0,1.6142857,2.357143,8.971429,20.6,2.6136637e-05,0.00082778186,-7.345365000000001e-25,7.450581e-09,0.0,True
2014-09-15,94.61,5.5,15.757143,20.128572,11.7,83.22858,1.6,1.3428571,1.7714285,8.671429,18.657143,0.00025290996,0.0008034855,-7.345365000000001e-25,1.4901161e-08,0.0,True
2014-09-22,94.64,26.8,17.328571,23.628572,12.014285,83.685715,1.7142859,1.5000001,1.9714286,8.6285715,19.585714,0.00029356778,0.00078335404,-7.345365000000001e-25,5.5879354e-09,0.0,True
2014-09-29,94.57,0.2,14.314286,20.285715,8.6285715,81.51429,1.4714286,1.2714287,1.7285715,9.071428,16.37143,1.6763806e-05,0.00076572597,-7.345365000000001e-25,5.5879354e-09,0.0,True
2014-10-06,94.55,2.1,15.0,20.957144,9.728571,84.01429,1.1571429,0.91428566,1.4714286,8.228572,17.37143,2.3499131e-05,0.00074875355,-7.345365000000001e-25,1.8626451e-09,0.0,True
2014-10-13,94.58,27.5,15.1285715,19.157145,10.857142,91.62858,0.9714286,0.9571429,0.94285715,8.685715,16.085714,0.0010962486,0.00073639303,-7.345365000000001e-25,9.313226e-09,0.0,True
2014-10-20,94.6,14.599999,15.157144,20.2,10.314286,88.557144,1.0714287,1.0142857,1.0857142,9.271428,15.728572,0.0006900579,0.0007293299,-7.345365000000001e-25,5.5879354e-09,0.0,True
2014-10-27,94.6,6.8,10.057143,14.414286,5.6285715,85.71429,0.7571429,0.74285716,0.87142855,9.514286,11.385715,0.0016781986,0.00073081255,-7.345365000000001e-25,3.7252903e-09,0.0,True
2014-11-03,94.61,3.7,10.285714,13.614286,7.214286,91.77143,0.5142857,0.47142857,0.59999996,9.385715,10.971429,0.00014144927,0.0007419884,-7.345365000000001e-25,3.7252903e-09,0.0,True
2014-11-10,94.56,7.5,8.214286,11.6285715,4.1714287,91.200005,0.41428572,0.40000004,0.4857143,9.7,8.885715,0.00024732947,0.00076051056,-7.345365000000001e-25,1.8626451e-09,0.0,True
2014-11-17,94.76,35.399998,9.042857,11.728571,6.5,93.25714,0.3285714,0.3285714,0.41428572,10.028571,9.071428,0.0008520335,0.0021025985,-7.345365000000001e-25,0.0,0.0,True
2014-11-24,94.72,7.9,6.071429,9.1,2.9285715,94.38572,0.24285717,0.24285717,0.2857143,10.428572,7.0142856,0.00015118718,0.0008976236,-7.345365000000001e-25,0.0,0.0,True
2014-12-01,94.71,0.1,4.7428575,6.3,2.457143,85.38572,0.25714287,0.25714287,0.5142857,10.042857,4.4714284,1.4945865e-05,0.0010341853,-7.345365000000001e-25,0.0,0.0,True
2014-12-08,94.64,7.0,3.042857,4.585715,1.2857143,91.14286,0.21428572,0.21428572,0.34285715,10.0,3.0142858,9.6708536e-05,0.0011452213,0.0005502303,0.0010067094,0.0015954562,True
2014-12-15,94.67,18.0,5.7000003,8.057143,3.2428572,88.557144,0.50000006,0.50000006,0.5428571,10.285714,4.642857,0.00058816373,0.00233192,0.00027020773,0.0011913534,0.00056094676,True
2014-12-22,94.82,19.1,7.085715,9.185715,3.8285713,87.75715,0.5285714,0.5285714,0.62857145,10.585714,6.2714286,0.0010760054,0.0034347996,3.0653817e-07,2.1196902e-06,0.0,True
2014-12-29,94.77,14.7,2.3428574,4.785714,-1.5857143,86.57143,0.34285712,0.3285714,0.47142857,10.357142,3.3285713,0.00014172494,0.0022598729,0.0051470143,0.00069590285,0.017847095,True
2015-01-05,94.99,31.300001,1.1714286,3.3857143,-1.0428572,94.71429,0.15,0.15,0.22857143,10.45,0.55,0.0020563006,0.0042964295,0.013982631,0.015087981,0.007752087,True
2015-01-12,95.05,18.099998,5.6,8.457143,2.1285713,83.64286,0.87142855,0.87142855,0.85714287,10.6,4.5,0.0042025596,0.012119666,0.0035499732,0.010734653,0.0001495555,True
2015-01-19,95.03,16.8,4.4857144,7.9428573,0.6857143,84.88572,0.7142858,0.7142858,0.71428573,10.557143,4.257143,0.0007199645,0.011803381,1.0234969e-05,2.3059547e-06,0.00035527349,True
2015-01-26,94.98,12.2,0.7285715,2.642857,-2.1285715,91.28571,0.27142859,0.27142859,0.35714287,10.385715,0.98571426,0.00015418977,0.013051465,0.0023608038,0.002458172,0.01194999,True
2015-02-02,94.96,13.7,2.457143,4.6,0.24285714,88.4,0.5714286,0.5714286,0.5,10.542857,1.7428571,0.0006614551,0.013115428,0.011604496,0.010614958,0.019572716,True
2015-02-09,94.87,1.0,-0.09999999,3.257143,-3.2714288,75.042854,0.4857143,0.4714286,0.7571429,10.228572,0.25714287,0.00018163025,0.013643287,0.016267732,0.006308617,0.0014736801,True
2015-02-16,94.78,0.0,1.5142858,4.8428574,-1.7857144,88.314285,0.35714287,0.31428573,0.44285712,9.985714,1.5428572,0.00026141107,0.013398424,0.0050398223,0.009802369,1.8402934e-06,True
2015-02-23,94.78,8.7,2.9285715,6.357143,-0.9142857,83.814285,0.67142856,0.62857145,0.7285714,9.885715,2.4,0.00020287186,0.012899563,0.0011732692,0.003662236,0.0061967894,True
2015-03-02,94.78,17.2,5.3142858,9.471429,1.3571428,79.057144,1.1428571,1.1285714,1.0285714,10.157143,4.928571,0.0005621016,0.01221925,0.0015376522,0.0047848243,0.00054712594,True
2015-03-09,94.76,1.6,5.071429,11.771429,-1.2,73.25715,1.4285715,1.3142856,1.2714285,9.942857,6.542857,7.537007e-05,0.011662088,1.8942923e-05,8.099526e-05,1.0058284e-07,True
2015-03-16,94.76,0.8,5.357143,10.285714,-0.114285745,73.34286,1.3857143,1.1285715,1.3285714,9.428572,7.0,4.4927e-05,0.011051431,2.3841858e-07,2.3394823e-06,1.6279519e-06,True
2015-03-23,94.71,0.0,7.5428576,14.328572,1.1857144,72.21429,1.6142857,1.2428571,1.6285714,8.771428,9.385715,5.2154064e-06,0.010208219,-7.345365000000001e-25,3.3900142e-07,0.0,True
2015-03-30,94.65,4.2999997,8.7,13.7,3.5428574,71.25715,1.9428571,1.6714286,1.8714285,8.357142,9.5,0.0003497228,0.0092378855,-7.345365000000001e-25,3.7252903e-09,0.0,True
2015-04-06,94.61,13.6,6.3857145,11.342857,1.0285715,66.34286,2.1714284,2.0571427,2.0285714,9.085714,7.857143,0.00037962943,0.008348748,-7.345365000000001e-25,0.0,0.0,True
2015-04-13,94.61,0.0,10.971429,18.37143,3.2285714,63.214287,2.8714287,2.2571428,2.642857,8.442857,13.414286,3.7528574e-05,0.0075914115,-7.345365000000001e-25,0.0,0.0,True
2015-04-20,94.59,0.0,12.857142,20.5,4.0142856,52.57143,3.6857145,2.5285714,3.5285716,7.3285713,15.414286,5.3346157e-06,0.0068098307,-7.345365000000001e-25,0.0,0.0,True
2015-04-27,94.58,6.3,12.8714285,20.071428,5.2714286,66.27143,3.1285717,1.6999999,2.9428573,6.5285716,15.928572,0.00016075373,0.0060085133,-7.345365000000001e-25,3.7252903e-09,0.0,True
2015-05-04,94.6,23.0,12.371429,17.27143,6.7428575,74.21429,2.6,1.9142855,2.4857142,6.885714,14.771428,0.0003592372,0.005354896,-7.345365000000001e-25,0.0,0.0,True
2015-05-11,94.57,0.0,16.37143,22.685715,9.2,61.085716,4.0142856,2.1571429,3.8999999,6.457143,18.957144,3.7036836e-05,0.004777387,-7.345365000000001e-25,3.7252903e-09,0.0,True
2015-05-18,94.51,3.8000002,16.357143,22.857143,8.985715,60.84286,4.071429,1.5571429,4.0,5.928571,20.014286,7.729232e-05,0.004207328,-7.345365000000001e-25,3.7252903e-09,0.0,True
2015-05-25,94.46,6.8,14.514285,19.928572,8.385715,62.028572,3.1999996,1.057143,3.3285713,5.7,18.114286,7.598102e-05,0.0037053674,-7.345365000000001e-25,0.0,0.0,True
2015-06-01,94.42,10.5,14.057143,19.314287,6.871429,68.27143,3.1714287,1.2428571,3.0142858,5.5285716,17.442858,9.429455e-05,0.003285192,-7.345365000000001e-25,3.7252903e-09,0.0,True
2015-06-08,94.37,2.8999999,20.671429,27.585714,13.214286,57.357143,5.2000003,1.3857143,5.3428574,5.2,22.8,1.7911196e-05,0.0028844774,-7.345365000000001e-25,3.7252903e-09,0.0,True
2015-06-15,94.33,1.1,19.542858,25.5,13.300001,60.828575,4.1285715,1.2714285,4.542857,5.2714286,22.057142,4.6260655e-05,0.0025253743,-7.345365000000001e-25,7.450581e-09,0.0,True
2015-06-22,94.34,31.0,15.342857,19.914288,11.1,69.4,2.985714,1.6142856,3.0857143,5.428571,18.942858,0.00020679832,0.0022144392,-7.345365000000001e-25,7.450581e-09,0.0,True
2015-06-29,94.36,24.0,18.157145,24.528574,11.3714285,69.5,4.2285714,3.0285716,3.8857143,5.4857144,21.757143,8.7976456e-05,0.0019888505,-7.345365000000001e-25,1.1175871e-08,0.0,True
2015-07-06,94.27,0.3,26.814287,34.642857,18.27143,53.414284,6.8571434,1.742857,6.5285716,4.5142856,29.028572,7.8082085e-06,0.0017289147,-7.345365000000001e-25,1.1175871e-08,0.0,True
2015-07-13,94.24,8.5,20.457144,27.042858,13.0,54.57143,5.1714287,1.1285714,4.957143,4.214286,24.2,7.9602e-05,0.0014832765,-7.345365000000001e-25,7.450581e-09,0.0,True
2015-07-20,94.21,8.2,24.071428,30.657145,17.957144,63.442863,4.8857145,1.0,4.4142857,3.9571428,26.1,7.157028e-05,0.0013003871,-7.345365000000001e-25,1.1175871e-08,0.0,True
2015-07-27,94.16,12.9,22.014286,28.071428,15.6,60.74286,4.785714,1.8285713,4.6857142,3.8857143,24.828571,5.1513314e-05,0.0011399686,-7.345365000000001e-25,7.450581e-09,0.0,True
2015-08-03,94.13,1.5,19.02857,26.300001,11.471429,56.84286,4.3857145,0.88571423,4.428571,3.642857,21.814285,1.706183e-05,0.0010116547,-7.345365000000001e-25,5.5879354e-09,0.0,True
2015-08-10,94.11,15.1,24.385715,32.785713,17.242857,63.628574,4.914286,1.0285714,4.8142858,3.6571429,26.314285,2.9593706e-05,0.0008826032,-7.345365000000001e-25,1.1175871e-08,0.0,True
2015-08-17,94.09,13.799999,22.028574,26.914288,17.828571,71.74286,3.514286,1.2714285,3.5571427,4.1285715,24.671429,0.00016143918,0.00077460706,-7.345365000000001e-25,1.6763806e-08,0.0,True
2015-08-24,94.05,7.0,18.157145,24.828571,11.814286,71.314285,3.0,1.8142859,2.9857144,4.5285716,21.185715,0.00011005998,0.00070890784,-7.345365000000001e-25,3.7252903e-09,0.0,True
2015-08-31,94.03,11.6,22.0,28.828571,15.6285715,67.72857,3.7285712,1.9857141,4.0142856,4.3285713,23.22857,4.23342e-05,0.00064623356,-7.345365000000001e-25,7.450581e-09,0.0,True
2015-09-07,94.01,2.6,15.557143,20.77143,9.8714285,69.08572,2.0142856,1.1428572,2.4285715,4.1285715,18.642857,0.00011833012,0.0005936697,-7.345365000000001e-25,5.5879354e-09,0.0,True
2015-09-14,94.01,10.200001,15.900001,22.614286,9.928572,71.557144,2.2285714,1.0142858,2.457143,3.9285715,18.042856,0.00015467405,0.000554502,-7.345365000000001e-25,7.450581e-09,0.0,True
2015-09-21,94.0,25.4,14.257143,18.814287,10.185715,83.8,1.4857143,1.2,1.5857143,4.957143,15.885715,0.0020024925,0.00052355975,-7.345365000000001e-25,5.5879354e-09,0.0,True
2015-09-28,93.99,9.8,13.485715,18.242857,9.071428,76.185715,1.4571428,1.1571428,1.8857143,5.257143,14.885715,0.00036723912,0.0004993975,-7.345365000000001e-25,3.7252903e-09,0.0,True
2015-10-05,93.97,5.6,12.357142,18.528574,6.328572,71.11429,1.5571429,1.1285714,1.9714286,4.857143,13.614285,0.00010283291,0.00047598034,-7.345365000000001e-25,1.8626451e-09,0.0,True
2015-10-12,93.96,1.8,12.085714,16.585714,7.8,81.38572,1.0000001,0.8000001,1.2428571,5.142857,13.614285,0.00011768192,0.00045808405,-7.345365000000001e-25,5.5879354e-09,0.0,True
2015-10-19,93.95,6.4999995,6.157143,9.1,3.2285714,87.27143,0.4857143,0.42857146,0.6857143,5.3714285,8.2,0.00015929341,0.0004434213,5.3553355e-05,0.00024708733,0.00025479123,True
2015-10-26,93.95,1.8000001,10.157144,14.157144,5.7000003,87.88572,0.55714285,0.44285718,0.7,5.357143,10.485714,3.375113e-05,0.00043213367,1.8051693e-06,1.2194738e-05,0.0,True
2015-11-02,93.94,0.2,7.6428576,10.771429,3.3428574,91.75715,0.34285715,0.25714284,0.51428574,5.285714,8.942857,1.8179417e-05,0.0004215166,-7.345365000000001e-25,3.7252903e-09,0.0,True
2015-11-09,93.93,1.4,11.342857,16.000002,7.228572,89.14286,0.64285713,0.4857143,0.67142856,5.1571426,10.842857,2.5942922e-05,0.00041143596,-7.345365000000001e-25,7.450581e-09,0.0,True
2015-11-16,93.96,6.9,10.757143,13.985715,6.1714287,78.88572,0.82857144,0.64285713,0.95714283,4.9857144,10.328571,6.534904e-05,0.0004022941,-7.345365000000001e-25,3.7252903e-09,0.0,True
2015-11-23,94.13,46.7,8.428572,10.985715,5.585715,83.457146,0.85714287,0.7714286,0.9285714,6.7285714,8.285714,0.0075066984,0.0031587258,0.00043182712,0.00038282573,0.0017962679,True
2015-11-30,94.14,17.9,4.1857142,7.057143,1.057143,89.3,0.59999996,0.59999996,0.55714285,8.2,3.9857142,0.0005236119,0.00039458275,0.0021731115,0.00787922,0.0063124634,True
2015-12-07,94.18,2.1,7.6714287,11.2,3.5,86.84286,0.4285714,0.4,0.45714286,8.8714285,6.928571,0.00031735003,0.0024521127,9.536743e-07,2.2852793e-05,0.0,True
2015-12-14,94.19,6.6,5.4000006,8.1285715,1.6999999,90.24286,0.31428573,0.31428573,0.37142855,8.9,4.928571,0.00020062923,0.0004515797,-7.345365000000001e-25,0.0,0.0,True
2015-12-21,94.21,17.5,9.028572,11.942858,5.557143,92.01429,0.40000004,0.40000004,0.4,9.1285715,7.7714286,0.0006299019,0.000499323,-7.345365000000001e-25,5.5879354e-09,0.0,True
2015-12-28,94.21,0.3,8.485715,12.114286,4.2,85.71429,0.5142857,0.5142857,0.5714286,9.1285715,7.457143,7.113814e-05,0.00056652725,-7.345365000000001e-25,0.0,0.0,True
2016-01-04,94.24,16.5,4.2428575,7.0428576,0.9714286,92.457146,0.23333333,0.2,0.27142859,9.1,3.5,0.00046525896,0.00063540787,5.954788e-06,4.5938417e-05,7.318705e-05,True
2016-01-11,94.31,26.2,4.714286,7.371429,1.7142857,92.48572,0.44285712,0.44285712,0.34285715,10.185715,4.214286,0.0008060783,0.002012603,3.984996e-05,0.00029304624,0.00058648735,True
2016-01-18,94.38,6.9999995,1.9714286,4.657143,-0.84285706,83.85714,0.5428571,0.5428571,0.51428574,10.3714285,2.3428571,0.000278607,0.0010417849,0.0034599418,0.00085345656,0.008293845,True
2016-01-25,94.42,5.2,0.18571417,3.9142857,-3.6000001,87.77143,0.20000002,0.20000002,0.32857147,10.042857,0.1,0.0002874881,0.0013936907,0.0059691896,0.006432142,0.00030645356,True
2016-02-01,94.43,6.3,8.828572,12.6,5.214286,77.87144,1.0285714,1.0142857,1.0857142,10.071428,6.5,0.0009813607,0.001771614,0.00019544647,0.001741156,0.00013818964,True
2016-02-08,94.5,16.5,6.8,10.3,3.1571429,82.91429,0.9857143,0.9714286,0.88571423,10.328571,6.071429,0.00053593516,0.002328217,0.00010726565,0.0006697085,0.0006516278,True
2016-02-15,94.54,18.6,4.957143,7.371429,2.2571428,83.814285,0.87142855,0.87142855,0.7714286,10.671429,4.742857,0.0015907735,0.005019553,0.00039042745,0.0014261827,0.001477424,True
2016-02-22,94.58,17.1,5.071429,8.1,1.7142857,79.84286,0.9285714,0.90000004,0.9714286,10.285714,4.6,0.00095077604,0.006978102,0.00031034718,0.0022484213,0.002088379,True
2016-02-29,94.67,7.2,2.642857,7.1285715,-1.0428572,74.77143,1.0,0.9714285,1.0142857,10.442857,3.8285713,0.0012363642,0.007997356,0.0028450545,0.005138546,0.0071677417,True
2016-03-07,94.65,13.9,3.9714286,7.0428576,0.18571427,83.94286,0.9285714,0.9285714,0.8142857,10.3,4.3428574,0.00065080076,0.009491488,0.0007675375,0.0034058373,0.0019997433,True
2016-03-14,94.61,0.1,4.142857,9.771429,-1.0857142,72.52857,1.3571428,1.2142857,1.4142857,10.028571,5.1571426,2.2679567e-05,0.010407835,9.888127e-05,0.0003446769,1.6503036e-05,True
2016-03-21,94.58,2.4,5.557143,10.014287,1.3000001,70.0,1.3571428,1.1285714,1.4142857,9.4,6.457143,4.3988228e-05,0.0102940425,1.2147995e-06,5.375594e-06,1.013279e-06,True
2016-03-28,94.59,13.9,8.114286,12.6,3.1285717,74.24286,1.557143,1.3857143,1.5571429,9.1285715,8.6,0.0002809763,0.009817168,-7.345365000000001e-25,4.8428774e-08,0.0,True
2016-04-04,94.63,18.7,10.357142,14.957144,5.857143,80.92857,1.8000001,1.7428571,1.5714285,9.642858,10.928572,0.0008325726,0.009412333,-7.345365000000001e-25,-1.8626451e-09,0.0,True
2016-04-11,94.62,6.0,10.685715,16.371428,4.6,70.22857,2.3571432,2.0857143,2.2285714,9.528571,12.5,0.00028124452,0.008856595,-7.345365000000001e-25,0.0,0.0,True
2016-04-18,94.75,38.8,10.757143,15.7,6.6714287,79.457146,2.142857,2.0714285,1.9571428,9.485714,12.885715,0.0010590255,0.008475445,-7.345365000000001e-25,0.0,0.0,True
2016-04-25,94.73,14.5,8.828572,14.585715,2.6857142,67.38572,2.4857142,2.1857142,2.3428571,9.185715,11.985714,0.00023175776,0.008083016,8.514949e-07,9.248033e-06,1.3321638e-05,True
2016-05-02,94.67,7.1,8.685715,15.228572,2.6285717,68.1,2.7714286,2.4857142,2.6857142,9.1285715,10.914286,0.00027364492,0.007680692,3.832295e-05,0.00022873655,0.00023489073,True
2016-05-09,94.63,4.3,15.385715,22.328571,6.6857147,56.600002,4.585714,3.4428573,4.2999997,8.071428,17.257143,4.1767955e-05,0.0071361735,-7.345365000000001e-25,2.6077032e-08,0.0,True
2016-05-16,94.59,10.4,13.714286,18.300001,8.942858,73.37144,2.7142856,1.8571427,2.5,7.3,16.757143,0.0002271086,0.0064862,-7.345365000000001e-25,3.7252903e-09,0.0,True
2016-05-23,94.53,7.0,15.1,20.957142,9.0,70.314285,3.3428571,2.1857145,3.2142856,6.9142857,17.514286,0.00023955107,0.0058635697,-7.345365000000001e-25,3.7252903e-09,0.0,True
2016-05-30,94.86,84.9,16.014286,20.928572,11.528572,82.35714,2.8428571,2.3,2.757143,7.3428574,19.285715,0.007806018,0.013497092,-7.345365000000001e-25,7.450581e-09,0.0,True
2016-06-06,94.87,19.2,17.957144,23.071428,12.814286,83.314285,2.9285715,2.7999997,2.9428573,9.1285715,20.914286,0.003360495,0.006566763,-7.345365000000001e-25,0.0,0.0,True
2016-06-13,95.02,33.9,18.2,23.642857,13.371429,76.12858,3.4857142,3.1285713,3.5285716,9.0,22.185715,0.0003222525,0.005394697,-7.345365000000001e-25,7.450581e-09,0.0,True
2016-06-20,94.82,17.6,15.571428,20.4,11.085715,83.28571,2.8714287,2.8142858,2.7428572,9.528571,18.77143,0.0015101284,0.005551301,-7.345365000000001e-25,3.7252903e-09,0.0,True
2016-06-27,94.76,7.2,20.985716,27.057144,14.557143,75.64286,4.2714286,3.642857,4.2428575,8.842857,23.87143,0.0032639652,0.0059686154,-7.345365000000001e-25,1.1175871e-08,0.0,True
2016-07-04,94.65,10.9,18.785715,23.257143,14.2,75.41429,3.5571427,2.8999999,3.1285713,8.114285,22.257143,0.00015890598,0.005763598,-7.345365000000001e-25,7.450581e-09,0.0,True
2016-07-11,94.58,0.3,21.142857,27.34286,14.257143,63.27143,4.9,3.0000002,4.6,6.857143,24.828571,5.8710575e-06,0.0054660887,-7.345365000000001e-25,1.1175871e-08,0.0,True
2016-07-18,94.54,12.0,18.957144,24.77143,12.828572,67.77143,3.742857,2.0142856,3.8,6.242857,22.485714,6.647408e-05,0.0050214604,-7.345365000000001e-25,1.1175871e-08,0.0,True
2016-07-25,94.57,29.7,23.142857,29.500002,17.342857,73.85714,4.2571425,2.3428571,4.042857,6.285714,26.471428,0.0003207922,0.004532285,-7.345365000000001e-25,7.450581e-09,0.0,True
2016-08-01,94.49,1.6,21.185715,26.785715,15.2,69.75715,3.828571,2.3428571,3.8285713,6.142857,24.87143,8.46535e-05,0.004091546,-7.345365000000001e-25,9.313226e-09,0.0,True
2016-08-08,94.44,18.0,19.442858,24.628572,14.7,76.51429,3.1142857,2.2285714,3.1285713,6.257143,22.171429,0.0003748685,0.0037093088,-7.345365000000001e-25,7.450581e-09,0.0,True
2016-08-15,94.39,13.200001,18.2,24.600002,12.285714,70.84286,3.2571428,2.042857,3.3999999,5.714286,21.785715,8.954108e-05,0.0033519864,-7.345365000000001e-25,3.7252903e-09,0.0,True
2016-08-22,94.34,12.1,18.657145,24.657145,13.0,73.542854,2.9857142,1.4142857,3.1714287,5.242857,22.342857,6.6161156e-05,0.003006786,-7.345365000000001e-25,1.3038516e-08,0.0,True
2016-08-29,94.27,0.0,23.571428,32.27143,15.085714,63.57143,4.1285715,1.1142857,4.5,4.9,24.942858,4.544854e-06,0.0026944876,-7.345365000000001e-25,7.450581e-09,0.0,True
2016-09-05,94.42,7.8,19.928572,26.5,13.328572,66.92857,3.0285716,0.6571428,3.1285713,4.7285714,22.885714,6.1541796e-05,0.002386883,-7.345365000000001e-25,1.1175871e-08,0.0,True
2016-09-12,94.21,0.2,20.742859,29.2,13.185715,68.3,3.0571427,0.7,3.3,4.6285715,22.8,4.0233135e-07,0.0021382123,-7.345365000000001e-25,3.7252903e-09,0.0,True
2016-09-19,94.2,14.700001,19.228573,24.699999,13.885715,72.72858,2.2142859,0.65714294,2.3857143,4.785714,21.27143,0.00016000867,0.0019050464,-7.345365000000001e-25,7.450581e-09,0.0,True
2016-09-26,94.18,1.0,14.900001,21.9,8.657143,75.64286,1.7142859,1.0142857,1.9142857,5.071429,17.671429,1.0833144e-05,0.0017432645,-7.345365000000001e-25,1.8626451e-09,0.0,True
2016-10-03,94.16,13.9,15.271429,20.4,10.342857,81.21429,1.5142858,0.95714283,1.6714286,4.9714284,17.057142,0.00015801191,0.0016010404,-7.345365000000001e-25,5.5879354e-09,0.0,True
2016-10-10,94.16,2.3,9.242857,13.400001,5.2571425,84.700005,0.7428571,0.5285715,0.9857143,4.957143,11.442857,3.1024218e-05,0.0014945045,-7.345365000000001e-25,0.0,0.0,True
2016-10-17,94.15,0.1,9.357142,14.685715,4.0142856,84.41429,0.7285714,0.5,0.94285715,4.8285713,10.814285,4.066527e-05,0.0014016107,-7.345365000000001e-25,1.8626451e-09,0.0,True
2016-10-24,94.29,59.9,9.1285715,12.0,6.1571426,91.67143,0.64285713,0.6,0.61428577,5.928571,10.3,0.000489302,0.0013215467,-7.345365000000001e-25,1.8626451e-09,0.0,True
2016-10-31,94.36,0.0,9.3,14.571428,4.0,88.67143,0.55714285,0.4857143,0.5714286,7.142857,10.414286,0.0002578497,0.0012764111,-7.345365000000001e-25,0.0,0.0,True
2016-11-07,94.39,11.6,5.228572,9.028571,0.65714294,90.1,0.42857146,0.40000007,0.44285718,7.3142858,7.142857,0.00084242225,0.0012091994,-7.345365000000001e-25,6.7055225e-08,2.4959445e-07,True
2016-11-14,94.47,29.3,3.2142856,6.3857145,0.35714287,86.61428,0.42857146,0.41428575,0.41428572,8.571428,3.8285713,0.00048767775,0.0027338564,0.0001550402,0.0005119294,0.00062515214,True
2016-11-21,94.58,16.6,8.1285715,11.1,4.6857147,84.82857,0.71428573,0.7,0.8,9.457143,6.9,0.00035165995,0.0011569336,2.117384e-05,0.00013137981,0.0,True
2016-11-28,94.56,0.0,7.0428576,9.728571,3.8857143,83.97143,0.31428573,0.31428573,0.5714286,9.442857,6.428571,7.972121e-05,0.0011499003,4.7116052e-07,5.029142e-08,5.7294965e-06,True
2016-12-05,94.52,0.8,-0.17142858,3.8428571,-4.657143,83.08572,0.24285714,0.21428573,0.2857143,9.314285,0.9142857,1.218915e-05,0.0011489987,4.6321325e-06,2.5965273e-06,3.7252903e-08,True
2016-12-12,94.51,0.70000005,2.457143,5.057143,-0.9142857,89.542854,0.18571427,0.15714286,0.41428572,9.271428,1.1285714,2.554059e-05,0.0011516958,8.37644e-05,0.0001565367,0.00016157329,True
2016-12-19,94.47,0.4,3.4,5.371429,0.90000004,90.94286,0.17142858,0.15714286,0.3285714,9.2,2.8428571,3.6597252e-05,0.0011541471,4.4902167e-06,1.2317672e-05,0.0,True
2016-12-26,94.45,5.8999996,3.857143,5.857143,1.0714285,89.799995,0.2857143,0.2857143,0.42857143,9.314285,2.9142857,0.0001269579,0.0011566281,5.165736e-07,1.44355e-06,2.682209e-07,True
2017-01-02,94.43,2.6999998,-0.40000007,2.2857144,-2.9857142,93.5,0.18,0.16,0.17142858,9.3,1.58,2.5480986e-06,0.0011612177,0.00027414164,4.241988e-05,0.0032184348,True
2017-01-09,94.4,4.5,-1.5142858,0.8714286,-4.6,85.957146,0.21428573,0.21428573,0.31428573,9.4,-0.6142857,4.4323504e-05,0.0011692196,0.0067267306,0.0012046695,0.007474676,True
2017-01-16,94.39,10.6,1.557143,4.1285715,-1.1000001,83.5,0.51428574,0.51428574,0.5714286,9.828571,0.21428572,0.00039813668,0.0011818036,0.008672703,0.0100825075,0.010847826,True
2017-01-23,94.37,0.0,-4.342857,0.7714286,-8.7,73.557144,0.114285715,0.114285715,0.40000004,9.8,-1.7857143,1.07213855e-05,0.0012246668,0.008790896,0.00047920644,7.582456e-05,True
2017-01-30,94.37,4.4,-1.4714286,2.7428572,-6.142857,80.35714,0.21428572,0.21428572,0.44285718,9.742857,-1.5857143,0.00034444034,0.0012784824,0.00701218,0.005470019,0.000109475106,True
2017-02-06,94.4,5.2,4.7714286,8.342857,0.2857143,86.48572,0.5,0.5,0.51428574,9.885715,2.0,0.00028660893,0.0013526157,0.000757734,0.0024878997,1.2166798e-05,True
2017-02-13,94.37,0.3,2.6571429,6.6285715,-0.87142855,76.41429,0.62857145,0.5857143,0.7428571,9.728572,1.8,5.3338706e-05,0.0015006736,2.537455e-05,4.500337e-05,1.071766e-05,True
2017-02-20,94.39,8.1,4.642857,10.642858,-1.6857141,81.28571,0.8000001,0.7285715,0.6857143,9.528571,4.5,0.00016713142,0.0016446263,3.0142921e-06,1.033023e-05,0.0,True
2017-02-27,94.47,12.0,8.385715,12.585715,3.9714284,73.542854,1.6,1.5,1.4714286,9.4,7.7714286,0.00045004487,0.0017909184,-7.345365000000001e-25,8.568168e-08,0.0,True
2017-03-06,94.47,12.7,7.1714287,11.67143,2.7714288,74.457146,1.6285714,1.6,1.4142857,9.671429,7.257143,0.0010248423,0.002082996,9.888694e-06,0.0001182463,0.00011669472,True
2017-03-13,94.53,16.8,7.4428573,13.014287,1.6857144,72.21429,1.4857142,1.4142857,1.3428571,9.914286,8.242857,0.0009823292,0.003933683,-7.345365000000001e-25,6.146729e-08,0.0,True
2017-03-20,94.59,12.9,9.857142,15.242858,4.542857,74.957146,1.7285713,1.5142858,1.5714285,9.3714285,10.514286,0.0004798919,0.00410264,-7.345365000000001e-25,1.1175871e-08,0.0,True
2017-03-27,94.53,4.2999997,9.542857,14.900001,4.042857,67.328575,2.1142857,1.8,2.0571427,9.228572,10.5,0.00013474375,0.004682936,-7.345365000000001e-25,3.7252903e-09,0.0,True
2017-04-03,94.5,0.1,13.614286,21.114286,5.957143,63.37143,2.9,2.2,2.6714287,8.185715,14.971429,1.8335879e-05,0.004872948,-7.345365000000001e-25,1.8626451e-09,0.0,True
2017-04-10,94.48,0.0,10.814286,18.52857,3.0285716,65.65714,2.6142857,1.7571428,2.6142857,7.3,14.057143,9.998679e-06,0.004739426,-7.345365000000001e-25,0.0,0.0,True
2017-04-17,94.44,5.6000004,10.428572,15.2,4.714286,62.899998,2.2999997,1.3571428,2.3428571,6.614286,12.9,0.000102326274,0.004518613,-7.345365000000001e-25,0.0,0.0,True
2017-04-24,94.42,1.8000001,7.0285716,12.871429,0.5285714,61.585716,2.5,1.6142857,2.3714287,6.5,10.542857,4.1134655e-05,0.004280433,5.6618737e-05,0.00027100183,0.00028807856,True
2017-05-01,94.4,11.1,9.3714285,14.314286,4.042857,60.557148,2.4142857,1.3571428,2.5285714,6.242857,12.085714,0.00012175739,0.003999606,7.379623e-08,1.3411045e-06,0.0,True
2017-05-08,94.41,31.2,11.514287,15.514287,7.2571435,83.71429,1.9285715,1.5857142,1.7714285,7.242857,13.671429,0.00042776763,0.003736116,-7.345365000000001e-25,0.0,0.0,True
2017-05-15,94.4,9.799999,14.385715,21.442858,7.6,73.42857,3.3857143,2.7714283,3.1857142,7.142857,17.742857,0.00023034215,0.003470309,-7.345365000000001e-25,3.7252903e-09,0.0,True
2017-05-22,94.39,16.3,16.542858,23.214285,8.842857,70.61429,3.814286,2.6714287,3.5857143,6.9,20.257143,0.000501439,0.0031910539,-7.345365000000001e-25,3.7252903e-09,0.0,True
2017-05-29,94.33,0.5,21.12857,28.071428,12.685715,60.87143,5.1857142,2.8428571,5.057143,6.0857143,24.142857,4.723668e-06,0.0029280037,-7.345365000000001e-25,0.0,0.0,True
2017-06-05,94.34,28.3,19.942858,26.114286,13.914286,69.75715,4.1285715,2.385714,4.142857,5.6857142,24.485714,0.001725316,0.002635859,-7.345365000000001e-25,0.0,0.0,True
2017-06-12,94.29,10.6,17.77143,24.1,10.385715,66.3,4.442857,2.9285715,4.3285713,5.714286,21.142857,0.00018279254,0.0024043247,-7.345365000000001e-25,7.450581e-09,0.0,True
2017-06-19,94.18,0.0,20.600002,26.728573,12.728571,58.4,5.085714,1.5857143,5.2000003,4.885714,24.557142,9.7960234e-05,0.0021664947,-7.345365000000001e-25,7.450581e-09,0.0,True
2017-06-26,94.12,0.0,24.17143,30.742859,16.642857,55.0,6.071429,0.9857144,5.7571425,4.5142856,26.985714,0.0011233687,0.001933679,-7.345365000000001e-25,1.1175871e-08,0.0,True
2017-07-03,94.11,40.3,19.328571,24.442858,15.757143,71.97143,3.642857,2.2142856,3.4285715,4.9142857,21.914286,0.00023495406,0.0017526522,-7.345365000000001e-25,1.1175871e-08,0.0,True
2017-07-10,94.08,26.5,23.642857,31.014286,16.0,62.5,5.285714,2.7714286,5.1857142,4.6714287,26.385714,0.00010612607,0.001584515,-7.345365000000001e-25,7.450581e-09,0.0,True
2017-07-17,94.07,6.4,18.857143,24.785715,12.400001,68.85714,3.7714288,2.6142857,3.642857,5.114286,22.585714,0.00017865747,0.001437813,-7.345365000000001e-25,7.450581e-09,0.0,True
2017-07-24,94.03,29.6,22.157145,27.814287,16.47143,66.01429,4.5999994,2.8142858,4.457143,4.742857,25.185715,0.0009382367,0.0013022125,-7.345365000000001e-25,1.1175871e-08,0.0,True
2017-07-31,94.13,45.100002,19.671429,24.857143,14.914286,76.5,3.4142857,2.9714284,3.2428572,6.7714286,21.671429,0.0010070354,0.0012047812,-7.345365000000001e-25,1.3038516e-08,0.0,True
2017-08-07,94.08,9.5,21.142857,27.642857,14.885715,69.34286,3.8285716,3.114286,3.8999999,6.2,24.3,4.4211745e-05,0.001122266,-7.345365000000001e-25,5.5879354e-09,0.0,True
2017-08-14,94.24,51.8,17.671429,21.84286,13.385715,81.37144,2.4428573,2.142857,2.3142858,6.785714,20.714285,0.00073987246,0.0010524765,-7.345365000000001e-25,3.7252903e-09,0.0,True
2017-08-21,94.25,11.5,19.185715,25.67143,13.771429,74.24286,3.1285713,2.7714286,3.2571428,7.1285715,22.742857,0.0011120886,0.0009986833,-7.345365000000001e-25,1.1175871e-08,0.0,True
2017-08-28,94.15,0.4,20.600002,28.057144,14.014287,71.34286,3.285714,2.442857,3.5714285,6.4,24.442858,1.5348196e-05,0.0009424314,-7.345365000000001e-25,9.313226e-09,0.0,True
2017-09-04,94.12,9.0,17.27143,23.885715,10.928572,76.057144,2.4428573,1.8428571,2.5857143,6.071429,21.37143,0.00010239333,0.0008875057,-7.345365000000001e-25,3.7252903e-09,0.0,True
2017-09-11,94.09,3.9,16.542858,21.27143,12.385715,71.42857,2.1285713,1.6000001,2.5714285,5.742857,18.77143,5.635619e-05,0.0008450076,-7.345365000000001e-25,5.5879354e-09,0.0,True
2017-09-18,94.25,41.7,12.485715,17.47143,8.3,80.77143,1.6571429,1.5714285,1.7428571,7.1571426,14.6285715,0.0054819137,0.0021145716,-7.345365000000001e-25,1.1175871e-08,0.0,True
2017-09-25,94.21,2.0,12.728572,19.242857,7.1714287,83.78571,1.3999999,1.1857144,1.6428572,7.457143,15.785714,2.2292137e-05,0.00079859793,-7.345365000000001e-25,0.0,0.0,True
2017-10-02,94.17,19.599998,14.871429,21.028574,9.985715,83.98572,1.3285713,1.1285715,1.5285714,7.1714287,17.342857,0.00013521314,0.0007831007,-7.345365000000001e-25,9.313226e-09,0.0,True
2017-10-09,94.19,10.599999,11.8,15.957144,7.428571,82.28571,1.1571428,1.1571428,1.2142857,8.171429,12.8714285,0.0014166087,0.000772506,-7.345365000000001e-25,5.5879354e-09,0.0,True
2017-10-16,94.19,2.0,13.414286,19.428572,8.414286,86.08572,0.9857143,0.8428572,1.1142857,8.042857,14.357142,2.56598e-05,0.0007681772,-7.345365000000001e-25,5.5879354e-09,0.0,True
2017-10-23,94.16,6.1,12.014285,18.328571,6.585715,82.700005,0.9142857,0.81428576,1.0,7.785714,13.357142,0.00014178455,0.000763081,-7.345365000000001e-25,5.5879354e-09,0.0,True
2017-10-30,94.14,6.3999996,10.685715,14.742858,5.428571,82.74286,0.9,0.8428572,0.8142857,7.785714,11.6285715,0.00020478666,0.00076108426,-7.345365000000001e-25,9.313226e-09,0.0,True
2017-11-06,94.17,10.6,7.7000003,12.642858,2.642857,84.58572,0.57142866,0.5285715,0.5714286,8.0,8.928572,0.00033205748,0.0007610172,-7.345365000000001e-25,0.0,0.0,True
2017-11-13,94.31,36.7,6.142857,8.214286,3.142857,91.01429,0.41428572,0.41428572,0.42857143,8.914286,6.7,0.0014223009,0.00305745,0.0001991533,0.0008630678,0.001431521,True
2017-11-20,94.35,5.7,3.9428575,6.585715,1.2714287,87.87144,0.40000004,0.40000004,0.3857143,9.314285,4.6285715,0.00025259703,0.00086429715,0.00029406662,0.00082087144,0.00029984862,True
2017-11-27,94.49,30.2,7.5,10.742858,3.5428574,81.84286,0.67142856,0.67142856,0.7,9.742857,6.5,0.0014917403,0.003755346,7.794017e-06,9.735301e-05,2.2351742e-08,True
2017-12-04,94.54,16.5,1.5,3.2,-0.58571434,91.41429,0.2857143,0.2857143,0.27142859,10.1,2.1,0.000422135,0.004323162,0.0020516373,0.00220114,0.007064499,True
2017-12-11,94.6,18.900002,3.8142858,6.8,1.3428571,82.942856,0.5285714,0.5285714,0.5428571,9.942857,2.6857142,0.0011710227,0.004704669,0.0022625695,0.0119272135,0.0075810477,True
2017-12-18,94.74,22.3,3.357143,5.285714,1.0714285,84.5,0.5714286,0.5714286,0.5285714,10.6285715,2.4571428,0.00069507957,0.0040047094,0.0013037352,0.0021365155,0.0070103817,True
2017-12-25,94.82,13.6,5.657143,6.8428574,3.957143,92.814285,0.22857144,0.22857144,0.34285715,10.314285,4.714286,0.0005928725,0.0052625164,0.002413409,0.006750196,0.00080978125,True
2018-01-01,94.91,19.1,6.1714287,9.1285715,2.757143,79.9,0.6833334,0.6833334,0.8142857,10.283334,4.0333333,0.0020240545,0.009794921,0.00047059855,0.0041576773,0.0039433055,True
2018-01-08,94.98,26.6,7.7571435,9.785714,5.928571,82.471436,0.8142857,0.8142857,0.7714286,10.9,6.457143,0.0040910095,0.020418279,3.3492134e-07,3.7774444e-06,0.0,True
2018-01-15,94.89,4.5,5.071429,7.7428575,2.0142858,83.90001,0.41428572,0.41428572,0.4714286,10.228572,4.1857142,0.00017236173,0.02264288,2.4409522e-07,1.5087426e-06,3.0249357e-06,True
2018-01-22,94.99,29.4,4.3857145,7.1571426,1.4285715,83.828575,0.88571435,0.88571435,0.6,10.785714,3.3285713,0.00084973127,0.020345412,0.001999117,0.0064094625,0.009715624,True
2018-01-29,94.88,10.5,7.914286,9.571428,5.6857142,85.68572,0.6,0.6,0.6857143,10.528571,7.0571427,0.0003951341,0.018569909,0.00040914898,0.0035709143,0.0,True
2018-02-05,94.91,10.3,3.6571429,5.971429,0.77142864,84.74286,0.64285713,0.64285713,0.4857143,10.3714285,3.9857142,0.00052554905,0.019357212,0.000823458,0.00019893795,0.0037778653,True
2018-02-12,94.83,1.7,0.90000004,3.8,-2.1000001,80.971436,0.4714286,0.4714286,0.5428571,10.142858,1.0428572,5.5640936e-05,0.016500473,0.0029529901,0.0021392182,0.0019749403,True
2018-02-19,94.79,6.3,1.1857144,5.071429,-2.9285715,79.57143,0.67142856,0.64285713,0.61428577,10.185715,1.3571428,0.00020106882,0.015015252,0.0027974504,0.004010925,0.0033336356,True
2018-02-26,94.73,0.0,-0.7714286,3.2571428,-4.3142858,55.07143,0.7,0.62857145,1.3428571,9.9,0.42857143,8.046627e-06,0.013405077,0.0015658026,0.00036279112,0.00027384236,True
2018-03-05,94.71,2.2,-0.51428574,4.428571,-4.7428575,63.100002,0.5142857,0.47142857,1.1142857,9.757143,-0.64285713,6.15716e-05,0.011911243,0.0011409067,0.0021387339,0.0014068037,True
2018-03-12,94.69,15.4,7.814286,12.385715,3.4428573,84.700005,1.2285715,1.1714286,0.94285715,9.657143,7.1714287,0.0008406788,0.010523751,4.2239826e-05,0.00022685342,0.0,True
2018-03-19,94.77,17.1,4.2285714,7.7571435,0.59999996,76.25714,0.91428566,0.88571423,1.0857142,9.814285,5.1285715,0.00030198693,0.009532608,0.0012920868,5.1915646e-05,0.0054270625,True
2018-03-26,94.73,6.1,3.4285715,8.671429,-2.3,74.5,1.3142856,1.2,1.1999999,9.657143,5.0,0.00018946081,0.008859567,0.0025366999,0.0053232033,0.0009946488,True
2018-04-02,94.73,11.4,8.071428,13.2,2.0428572,72.200005,1.8428571,1.7428572,1.6428572,9.614285,9.1,0.00038813055,0.008243144,2.5096393e-05,0.0002101101,0.0,True
2018-04-09,94.71,4.3,12.642858,19.542858,4.357143,61.24286,2.957143,2.4714284,2.5714285,9.0,12.971429,9.821355e-05,0.007666521,-7.345365000000001e-25,1.6763806e-08,0.0,True
2018-04-16,94.79,21.7,13.485715,19.228573,7.228572,73.65715,2.6571426,2.3,2.4714284,8.785714,15.8,0.00080776215,0.0070367083,-7.345365000000001e-25,-1.8626451e-09,0.0,True
2018-04-23,94.69,2.0,17.671429,26.328571,8.657144,62.985718,4.157143,3.042857,3.5714285,7.857143,20.37143,8.888543e-05,0.00636822,-7.345365000000001e-25,3.7252903e-09,0.0,True
2018-04-30,94.63,6.0999994,14.214286,20.300001,7.1285715,64.28571,3.7142856,2.2857146,3.3999999,6.9142857,17.7,7.271767e-05,0.0056994334,-7.345365000000001e-25,7.450581e-09,0.0,True
2018-05-07,94.56,0.0,15.014287,21.542858,7.5,54.542854,4.3857145,1.4285715,4.1857142,6.214286,17.714285,8.046627e-07,0.005043328,-7.345365000000001e-25,0.0,0.0,True
2018-05-14,94.52,12.0,17.257143,23.357143,10.642858,69.957146,3.8285718,1.4571428,3.3714287,6.1571426,20.042856,0.00035431236,0.0043841526,-7.345365000000001e-25,3.7252903e-09,0.0,True
2018-05-21,94.51,18.0,15.328572,20.857143,10.085714,70.328575,3.6,2.6,3.3999999,6.8714285,19.142857,0.00015345216,0.0038708374,-7.345365000000001e-25,0.0,0.0,True
2018-05-28,94.45,4.5,19.97143,27.157145,13.442857,73.77143,4.171428,2.6571429,3.9142857,6.457143,23.985714,0.00044429302,0.0034308583,-7.345365000000001e-25,1.1175871e-08,0.0,True
2018-06-04,94.41,22.199999,21.685715,27.685715,15.028571,67.71429,4.6285715,2.7142854,4.8714285,6.285714,26.0,0.00018119812,0.0030348897,-7.345365000000001e-25,3.7252903e-09,0.0,True
2018-06-11,94.33,64.8,22.428572,28.685715,17.528572,72.457146,4.4,2.8,4.6571426,6.357143,26.814285,0.0009882748,0.002671659,-7.345365000000001e-25,0.0,0.0,True
2018-06-18,94.43,2.7,18.442858,22.357143,14.3714285,68.314285,3.5142858,2.5714285,3.3285713,6.9857144,22.542856,5.170703e-05,0.0023947135,-7.345365000000001e-25,7.450581e-09,0.0,True
2018-06-25,94.32,0.0,18.157145,24.128572,11.357142,62.24286,4.3142858,2.1571429,4.428571,5.7,23.071428,5.5506825e-06,0.0021420494,-7.345365000000001e-25,7.450581e-09,0.0,True
2018-07-02,94.23,0.0,21.814285,28.442858,14.057143,48.4,6.1428576,1.3000001,5.8142858,4.9714284,24.571428,2.6375055e-06,0.001898244,-7.345365000000001e-25,3.7252903e-09,0.0,True
2018-07-09,94.19,1.6,21.785715,28.67143,14.17143,54.54286,5.3285713,1.5285714,5.3142858,4.7714286,25.542856,0.00010943413,0.0016451105,-7.345365000000001e-25,7.450581e-09,0.0,True
2018-07-16,94.15,6.8,20.97143,27.242857,14.842857,58.828575,4.528571,1.2714285,4.6714287,4.571429,24.8,3.285706e-05,0.001443088,-7.345365000000001e-25,7.450581e-09,0.0,True
2018-07-23,94.09,10.7,22.100002,28.914288,15.0,60.9,4.914286,1.2428572,4.6857142,4.4142857,26.22857,4.4733286e-05,0.001247935,-7.345365000000001e-25,7.450581e-09,0.0,True
2018-07-30,94.04,0.2,25.985716,33.957146,17.2,51.857143,5.928571,1.2285713,5.5285716,4.2285714,28.028572,6.8992376e-05,0.0010875538,-7.345365000000001e-25,7.450581e-09,0.0,True
2018-08-06,94.0,1.1,27.0,34.57143,18.642857,51.100002,5.914286,1.1,5.9714284,4.0285716,28.828571,1.6912818e-06,0.00094129145,-7.345365000000001e-25,7.450581e-09,0.0,True
2018-08-13,93.95,9.2,22.314287,29.571428,14.985715,54.957146,4.7571425,0.9285714,4.957143,3.7428572,25.685715,6.753206e-05,0.0008105412,-7.345365000000001e-25,7.450581e-09,0.0,True
2018-08-20,93.92,0.1,21.77143,28.985716,14.528572,59.914288,4.1285715,0.7857142,4.2,3.7428572,24.814285,8.657575e-06,0.0007207319,-7.345365000000001e-25,1.1175871e-08,0.0,True
2018-08-27,93.89,9.1,19.828571,25.714285,13.6,62.042854,3.3999999,0.75714284,3.457143,3.6,23.214285,2.6904047e-05,0.0006387979,-7.345365000000001e-25,7.450581e-09,0.0,True
2018-09-03,93.87,0.90000004,18.000002,23.585714,12.3,63.87143,2.5714285,0.7285714,3.042857,3.6857142,20.742857,6.784499e-05,0.0005811602,-7.345365000000001e-25,5.5879354e-09,0.0,True
2018-09-10,93.84,6.8,18.642857,26.37143,11.571428,68.957146,2.7999997,1.0,2.8857143,3.7571428,21.614286,2.5749207e-05,0.0005344525,-7.345365000000001e-25,7.450581e-09,0.0,True
2018-09-17,93.83,0.8,18.142859,25.814287,10.614286,64.1,2.7142856,0.68571424,2.9428573,3.557143,21.042856,2.2798777e-06,0.00048675388,-7.345365000000001e-25,7.450581e-09,0.0,True
2018-09-24,93.83,23.2,17.5,24.87143,10.971429,66.71429,2.5285716,0.82857144,2.7857144,3.7428572,19.171429,0.0015449226,0.00044427812,-7.345365000000001e-25,7.450581e-09,0.0,True
2018-10-01,93.83,0.1,11.214286,19.028574,3.557143,64.957146,1.6571429,1.1285715,2.0142856,4.214286,14.142858,2.5704503e-06,0.00041519105,-7.345365000000001e-25,0.0,0.0,True
2018-10-08,93.83,0.3,12.085714,19.571428,4.7428575,76.200005,1.3142856,0.8,1.5142858,3.8285713,14.271428,1.08629465e-05,0.000390701,-7.345365000000001e-25,3.7252903e-09,0.0,True
2018-10-15,93.82,0.1,15.471429,24.314287,7.871429,73.957146,1.4714286,0.55714285,1.6142857,3.5428572,16.328571,1.4901161e-08,0.0003677681,-7.345365000000001e-25,1.8626451e-09,0.0,True
2018-10-22,93.8,0.0,12.5,20.2,5.7285714,74.442856,1.1428572,0.25714287,1.2285715,3.3714285,14.428572,4.3213367e-07,0.00034641474,-7.345365000000001e-25,1.8626451e-09,0.0,True
2018-10-29,93.8,3.4,9.514285,12.0,6.6857142,75.84286,0.7714285,0.34285712,1.0714285,3.3142858,10.7,5.0254166e-05,0.00033055246,-7.345365000000001e-25,5.5879354e-09,0.0,True
2018-11-05,93.81,3.5,8.485715,12.342857,3.914286,80.471436,0.62857145,0.3857143,0.71428573,3.642857,8.457143,1.3649464e-05,0.00031796098,-7.345365000000001e-25,1.8626451e-09,0.0,True
2018-11-12,93.82,13.1,11.1,15.342857,7.1714287,82.72858,0.67142856,0.45714283,0.7285714,3.642857,10.7,5.544722e-05,0.00030580908,-7.345365000000001e-25,5.5879354e-09,0.0,True
2018-11-19,93.82,1.8,5.857143,9.2,1.8428572,78.07143,0.5285714,0.4,0.62857145,4.0,5.8428574,4.245341e-05,0.00029483438,8.554685e-06,1.8760562e-05,0.000103607774,True
2018-11-26,93.81,3.2,3.7285714,6.457143,0.0857143,82.57143,0.3285714,0.27142859,0.41428572,3.942857,3.5714285,2.9161572e-05,0.00028490275,4.0985287e-05,7.415749e-05,1.3560057e-06,True
2018-12-03,93.85,72.6,6.7571435,8.714286,3.9857144,88.72858,0.4857143,0.45714283,0.3857143,4.5285716,6.1,0.0035259724,0.0003739521,2.4125688e-06,7.670373e-06,0.0,True
2018-12-10,94.03,10.1,7.728572,10.228571,4.357143,83.04286,0.8,0.8,0.7428571,7.1,7.3142858,0.00060328096,0.00026972592,-7.345365000000001e-25,3.7252903e-09,0.0,True
2018-12-17,94.0,3.6999998,1.7142857,3.4,-0.24285714,79.07143,0.25714287,0.25714287,0.4857143,7.642857,1.4142857,4.772097e-05,0.000265792,0.0005792777,0.0010709036,0.0022598132,True
2018-12-24,94.01,17.0,7.1,10.3714285,3.8142855,84.88572,0.71428573,0.71428573,0.62857145,8.3,5.6571426,0.0017005876,0.0018685535,0.0002774057,0.0012389496,0.0,True
2018-12-31,94.01,3.7,1.5428572,3.4428573,-0.14285715,91.957146,0.14285715,0.14285715,0.27142859,9.085714,2.142857,8.5800886e-05,0.00026455522,1.6632534e-05,9.133667e-05,0.000110551715,True
2019-01-07,94.08,22.400002,3.7285717,5.6857147,0.9285715,84.21429,0.4571429,0.4571429,0.45714286,9.157143,3.1,0.00046423823,0.00026968122,0.0006153981,0.003038777,0.0031799674,True
2019-01-14,94.22,22.099998,3.8,5.642857,1.3428571,82.92857,0.6857143,0.6857143,0.5714286,9.757143,3.0714285,0.0011803731,0.0021526814,0.0010044291,0.0045267455,0.004271265,True
2019-01-21,94.25,1.4000001,0.90000004,4.1285715,-2.4714286,78.799995,0.48571426,0.47142854,0.44285712,9.885715,2.0714285,0.00013166666,0.00035830587,0.00016894226,0.00021845289,0.00026893616,True
2019-01-28,94.24,6.2999997,0.38571432,2.257143,-2.142857,79.700005,0.35714287,0.35714287,0.5714286,9.771428,-0.2857143,0.0002763644,0.00045196712,0.000938688,0.0026428644,0.006146062,True
2019-02-04,94.21,3.2,1.9857143,4.642857,-0.8428572,81.61428,0.5285715,0.49999997,0.62857145,9.9,1.1,0.00019688904,0.0005416274,0.005156852,0.004891021,0.0059009716,True
2019-02-11,94.2,6.6,4.6142855,8.471429,0.6999999,76.78571,1.0285714,0.9857143,0.9428572,9.8,3.7428572,0.0007928461,0.00064279884,0.0019436167,0.0047421027,-3.7252903e-09,True
2019-02-18,94.18,0.0,3.457143,12.6,-3.2428572,74.77143,0.9714286,0.88571423,0.7428571,9.642858,4.9142857,1.1697412e-06,0.0007816851,9.224528e-06,2.38996e-05,6.236136e-06,True
2019-02-25,94.16,0.1,6.157143,12.857142,-0.55714285,65.442856,1.3,1.042857,1.1142857,9.171429,6.742857,1.4379621e-05,0.00091739744,9.082613e-08,1.0915101e-06,0.0,True
2019-03-04,94.18,4.9,9.071428,15.257143,3.4285715,68.0,1.5857142,1.3714286,1.5857143,8.714286,8.557143,0.0003402084,0.0010049716,-7.345365000000001e-25,1.3038516e-08,0.0,True
2019-03-11,94.14,8.400001,9.0,12.442858,5.228572,67.057144,1.9714285,1.9,1.9714286,8.671429,8.1285715,0.0011019632,0.0013970286,1.2630508e-05,7.958524e-05,0.00017349422,True
2019-03-18,94.14,14.0,7.8142858,11.185715,3.914286,72.62858,1.7285713,1.6571428,1.6142857,9.385715,7.571429,0.0012844056,0.0015928671,2.647014e-05,0.00021922961,0.00012781471,True
2019-03-25,94.13,2.2,7.3428574,15.085715,-0.5857143,65.37144,2.0714285,1.7571429,1.9571428,9.042857,9.585714,3.516674e-05,0.0018999577,-7.345365000000001e-25,1.4901161e-07,0.0,True
2019-04-01,94.11,0.0,9.314286,16.47143,1.4142857,64.185715,2.3142855,1.7571428,2.2142856,8.3,11.114285,4.5001507e-06,0.0022016615,-7.345365000000001e-25,0.0,0.0,True
2019-04-08,94.1,10.6,9.6,14.485715,4.357143,77.88572,1.8,1.4714285,1.7142857,8.085714,11.528571,0.00023421645,0.0022689775,-7.345365000000001e-25,1.8626451e-09,0.0,True
2019-04-15,94.08,8.8,7.657143,12.985715,2.357143,65.814285,2.2857144,1.8142856,2.3,7.7714286,10.414286,0.0003027767,0.002262272,0.00010383697,0.00066493824,0.0007519424,True
2019-04-22,94.08,2.4,15.657144,22.985716,6.785714,48.357143,4.4714284,2.6714287,4.1857142,6.7285714,16.114286,0.00011612475,0.002214484,8.91799e-06,8.274987e-05,0.0,True
2019-04-29,94.05,15.6,11.714286,18.042858,5.3142858,71.9,2.857143,1.7142857,2.5571427,6.2285714,14.785714,0.00026026368,0.0021254867,-7.345365000000001e-25,3.7252903e-09,0.0,True
2019-05-06,94.03,5.6,10.157143,15.428572,4.3857145,67.4,2.6142857,1.8000001,2.5857143,6.2,13.342857,0.00011318922,0.0020503998,7.04016e-05,0.0003718473,0.00043070316,True
2019-05-13,94.04,25.699999,10.714286,15.457144,5.142857,72.51429,2.742857,2.2142856,2.3857143,6.714286,13.342857,0.0022915602,0.0029552877,6.6416605e-06,5.371496e-05,0.0,True
2019-05-20,94.03,16.5,13.228572,19.142857,6.7428575,65.71429,3.2428572,2.5285716,3.357143,6.4,16.5,0.0001988858,0.0019008592,-7.345365000000001e-25,3.7252903e-09,0.0,True
2019-05-27,94.14,24.1,15.257143,20.47143,8.842857,71.17143,3.5428574,2.9285715,3.2571428,7.5285716,19.357143,0.0029516965,0.0021644235,-7.345365000000001e-25,7.450581e-09,0.0,True
2019-06-03,94.08,9.3,18.328571,25.257143,10.6285715,66.75715,4.1714287,2.8999999,4.2285714,6.642857,21.9,4.0233135e-05,0.0017752573,-7.345365000000001e-25,7.450581e-09,0.0,True
2019-06-10,94.02,27.9,18.628572,25.27143,10.800001,66.02857,4.3285713,2.614286,4.2571425,5.714286,22.471428,0.0002156496,0.0016693771,-7.345365000000001e-25,7.450581e-09,0.0,True
2019-06-17,94.02,8.5,18.37143,24.114286,11.8714285,72.34286,3.8999999,2.8714287,3.8428574,5.957143,21.957144,0.00033263862,0.0015792251,-7.345365000000001e-25,3.7252903e-09,0.0,True
2019-06-24,94.0,16.199999,22.085714,28.52857,14.942858,65.3,5.3428574,2.885714,5.085714,5.5,25.6,6.6667795e-05,0.0014767125,-7.345365000000001e-25,7.450581e-09,0.0,True
2019-07-01,93.96,0.0,25.87143,33.54286,16.757143,52.271427,6.7000003,1.7,6.5285716,4.8142858,28.785715,1.07735395e-05,0.0013440996,-7.345365000000001e-25,7.450581e-09,0.0,True
2019-07-08,93.88,5.1,20.300001,26.942858,12.528572,48.728573,5.514286,1.0428572,5.5,4.3285713,25.528572,1.6391277e-07,0.0011964962,-7.345365000000001e-25,3.7252903e-09,0.0,True
2019-07-15,93.88,15.6,16.885715,22.171429,11.571428,70.57143,3.5,1.5571429,3.2714286,4.5571427,21.471428,8.1419945e-05,0.001075536,-7.345365000000001e-25,7.450581e-09,0.0,True
2019-07-22,93.84,2.1999998,21.314285,28.7,13.414286,61.87143,5.085715,1.7714285,4.8285713,4.2,25.2,9.4369054e-05,0.0009758696,-7.345365000000001e-25,7.450581e-09,0.0,True
2019-07-29,93.8,29.8,25.414288,32.77143,18.000002,60.028572,5.3142858,1.3428571,4.857143,4.257143,27.714285,0.00018531084,0.0008710772,-7.345365000000001e-25,1.1175871e-08,0.0,True
2019-08-05,93.78,2.5,21.1,28.142857,14.142858,61.9,4.342857,1.9857142,4.3714285,4.4,24.928572,1.8909574e-05,0.0007907823,-7.345365000000001e-25,7.450581e-09,0.0,True
2019-08-12,93.77,45.2,20.27143,26.314287,15.185715,75.37144,3.5142856,2.7,3.2428572,5.1714287,23.657143,0.00025386363,0.0007231459,-7.345365000000001e-25,1.1175871e-08,0.0,True
2019-08-19,93.76,7.2000003,19.128572,24.77143,14.514285,69.22858,3.2714288,2.2571428,3.6142857,4.8714285,21.685715,0.00034348667,0.0006666705,-7.345365000000001e-25,1.1175871e-08,0.0,True
2019-08-26,93.8,0.0,20.185715,27.857143,12.285714,64.185715,3.442857,1.6285714,3.7142856,4.5142856,23.057142,8.821487e-06,0.00061777234,-7.345365000000001e-25,3.7252903e-09,0.0,True
2019-09-02,93.72,4.5,22.542858,29.757143,15.585715,61.8,3.6428573,1.1999999,4.042857,4.0,25.428572,1.4401972e-05,0.0005656481,-7.345365000000001e-25,7.450581e-09,0.0,True
2019-09-09,93.76,19.599998,15.142858,20.642857,9.285714,70.200005,2.2714286,0.7714286,2.4428573,3.942857,19.37143,0.0001566112,0.00051953644,-7.345365000000001e-25,0.0,0.0,True
2019-09-16,93.72,0.0,16.87143,23.828571,9.657143,70.328575,2.3857143,1.1571428,2.5142858,4.071429,19.471428,7.6144934e-06,0.0004887581,-7.345365000000001e-25,7.450581e-09,0.0,True
2019-09-23,93.69,16.5,14.142858,20.87143,6.828572,62.757145,2.2000003,0.78571427,2.5142858,3.7571428,17.414286,0.000105693936,0.00045578927,-7.345365000000001e-25,1.8626451e-09,0.0,True
2019-09-30,93.73,20.9,15.6,18.757143,12.057143,81.1,1.5428572,1.3142859,1.6571429,4.428571,16.457144,0.0003118068,0.00043157488,-7.345365000000001e-25,1.3038516e-08,0.0,True
2019-10-07,93.81,41.0,11.342857,14.385715,7.642857,83.92857,0.95714283,0.92857134,1.0857142,5.3,12.614285,0.0007279813,0.00063111633,-7.345365000000001e-25,5.5879354e-09,0.0,True
2019-10-14,93.98,28.2,14.5,19.085714,10.1,81.37144,1.3142856,1.1857144,1.4142857,7.0,14.085714,0.0008093193,0.0004022345,-7.345365000000001e-25,9.313226e-09,0.0,True
2019-10-21,93.99,23.199999,14.357142,18.157145,11.185715,85.15714,1.0285715,1.0142858,1.0571429,7.5571427,14.757143,0.0003758967,0.00039370358,-7.345365000000001e-25,9.313226e-09,0.0,True
2019-10-28,93.94,0.7,11.785714,16.585714,7.3428574,86.11428,0.7428571,0.7,0.82857144,7.785714,13.328571,3.924966e-05,0.00038830936,-7.345365000000001e-25,7.450581e-09,0.0,True
2019-11-04,93.95,22.0,8.914286,12.585714,5.585714,83.9,0.7285714,0.7,0.7285714,7.957143,9.342857,0.00031498075,0.0003842637,-7.345365000000001e-25,9.313226e-09,0.0,True
2019-11-11,94.0,16.5,6.228572,8.528571,3.2714288,90.07143,0.45714286,0.44285712,0.4857143,8.7,7.457143,0.00017422438,0.00038226694,-7.345365000000001e-25,0.0,0.0,True
2019-11-18,93.96,3.0,4.1285715,6.928571,0.9285714,87.51429,0.37142858,0.35714287,0.44285712,8.8,5.0142856,0.00015594065,0.0003829822,-7.345365000000001e-25,0.0,0.0,True
2019-11-25,93.94,0.8,3.0,6.2285714,-0.62857145,93.72858,0.24285714,0.21428572,0.21428572,8.957143,4.4,2.5510788e-05,0.0003869906,-7.345365000000001e-25,0.0,0.0,True
2019-12-02,93.93,8.900001,6.142857,9.014286,2.7000003,82.51429,0.59999996,0.5857143,0.5285714,9.085714,5.8,0.00038392097,0.0003940016,9.338061e-06,3.6917627e-06,6.2484294e-05,True
2019-12-09,93.94,6.7999997,4.0857143,7.1714287,1.2714285,87.0,0.5,0.5,0.4857143,9.185715,3.7571428,0.00040659308,0.00040891021,2.8814587e-05,6.203726e-05,8.493662e-07,True
2019-12-16,94.08,32.0,5.614286,8.157143,3.0142858,83.1,0.6714286,0.6571428,0.62857145,9.942857,4.3,0.0022435635,0.0034699216,0.000717867,0.005140107,0.005029667,True
2019-12-23,94.14,9.0,6.9000006,9.8,3.2714288,87.52857,0.42857143,0.42857143,0.41428572,10.057143,6.042857,0.00038665533,0.0006729737,6.5167746e-06,3.2333657e-05,0.0,True
2019-12-30,94.11,7.9,3.257143,6.2714286,0.0285714,86.0,0.3285714,0.3285714,0.25714287,10.071428,3.8,0.00027139485,0.00096777827,-7.345365000000001e-25,5.401671e-08,7.450581e-09,True
2020-01-06,94.09,1.1,2.2571428,4.785714,-1.1571429,89.814285,0.1,0.1,0.3,9.9,0.4,6.765127e-05,0.0012717247,9.3096776e-07,3.4254044e-06,6.813556e-06,True
2020-01-13,94.1,5.2,5.7000003,8.514286,2.2714286,85.65715,0.5285714,0.51428574,0.4714286,9.885715,4.7,0.00034056604,0.0015007928,6.584894e-07,3.6619604e-06,0.0,True
2020-01-20,94.05,0.5,6.1,9.657143,1.5428572,76.6,0.7571429,0.65714294,0.71428573,9.6,4.8,3.7789345e-05,0.001725696,3.215245e-05,3.440678e-05,0.00015739352,True
2020-01-27,94.04,5.0,0.8,3.6857145,-2.0857143,90.51429,0.22857143,0.22857143,0.29999998,9.528571,1.1,0.00021478534,0.0019061267,9.298892e-05,0.00011344813,4.518777e-06,True
2020-02-03,94.16,39.4,8.900001,11.528572,5.6714287,80.94286,1.2285715,1.2142857,0.90000004,10.171429,7.428571,0.0034310967,0.006092958,0.00015674319,0.0009004772,0.0008658841,True
2020-02-10,94.31,10.7,4.557143,10.042857,-0.68571424,75.25714,1.2857143,1.2714285,1.0,10.571428,4.8714285,0.0025078654,0.009455837,4.0099734e-05,0.00012588315,0.00012575835,True
2020-02-17,94.36,10.6,7.3857145,11.542857,3.4857144,73.34286,1.442857,1.4142857,1.3857143,10.428572,6.242857,0.00038722157,0.00550545,2.0793506e-05,0.00010608509,0.00010389462,True
2020-02-24,94.43,11.200001,7.871429,10.957144,4.1714287,70.7,1.6142856,1.5428572,1.4,10.071428,6.9142857,0.00082574785,0.0062621683,9.269941e-06,6.292574e-05,6.41644e-05,True
2020-03-02,94.51,28.8,6.557143,9.942857,2.9714286,74.685715,1.4857143,1.4857143,1.2571429,10.557143,6.3714285,0.0016517341,0.010672361,0.002510735,0.01157427,0.0119598545,True
2020-03-09,94.63,19.7,6.357143,9.614286,3.1857142,77.442856,1.2857143,1.2714287,1.1714286,10.6,6.6,0.0016248226,0.017052352,1.6053518e-05,9.662099e-05,2.0284206e-05,True
2020-03-16,94.67,12.4,9.314285,14.071428,4.0857143,71.6,1.8857144,1.7714285,1.6285714,10.228572,9.514286,0.0009711683,0.020862147,-7.345365000000001e-25,1.0617077e-07,0.0,True
2020-03-23,94.59,2.3000002,8.671429,14.1,2.8428571,62.985718,2.085714,1.7285715,2.1142857,9.414286,10.328571,9.550154e-05,0.020487279,-7.345365000000001e-25,1.8626451e-09,0.0,True
2020-03-30,94.55,0.0,6.457143,12.17143,0.5714286,46.057148,2.542857,1.942857,2.7714286,8.642858,8.057143,3.7401915e-06,0.017587915,5.676633e-09,7.450581e-09,8.866191e-07,True
2020-04-06,94.51,0.0,7.7999997,15.7,-1.2857143,52.31429,2.7142856,1.9285715,2.6285713,7.757143,10.2,5.915761e-06,0.014419936,3.633045e-06,1.2088567e-05,1.1686236e-05,True
2020-04-13,94.46,0.3,14.471429,22.857143,5.6857142,52.8,3.5285716,1.7142856,3.3999999,6.785714,15.7,1.5437603e-05,0.011569053,-7.345365000000001e-25,2.9802322e-08,0.0,True
2020-04-20,94.45,0.0,12.828572,20.800001,4.457143,55.100002,3.7571428,1.0857143,3.5,6.214286,15.542857,1.1995435e-05,0.009314932,-7.345365000000001e-25,0.0,0.0,True
2020-04-27,94.4,0.0,14.685715,22.485716,5.9,44.7,4.7571425,0.61428577,4.5571427,5.8,17.385714,0.0,0.0074751973,-7.345365000000001e-25,0.0,0.0,True
2020-05-04,94.4,20.8,12.528572,17.500002,7.3142858,71.78571,2.7428572,1.4857142,2.6285713,5.9857144,15.0,0.0002142191,0.00613115,-7.345365000000001e-25,3.7252903e-09,0.0,True
2020-05-11,94.37,34.1,13.242858,20.385715,6.1,63.87143,3.557143,1.4285715,3.2428572,5.885714,17.5,0.00024208426,0.0051396787,-7.345365000000001e-25,0.0,0.0,True
2020-05-18,94.33,0.0,12.157144,18.257143,4.9000006,57.142857,3.6285717,2.2857144,3.8999999,6.357143,16.37143,3.606081e-06,0.004362136,-7.345365000000001e-25,0.0,0.0,True
2020-05-25,94.3,2.6999998,17.642857,23.228573,10.328572,61.657143,3.9285715,1.7714285,4.0571427,5.5142856,20.357143,9.5933676e-05,0.0036893412,-7.345365000000001e-25,3.7252903e-09,0.0,True
2020-06-01,94.21,0.0,16.828571,23.214285,8.614285,49.457146,5.2000003,1.0000001,5.1571426,5.0571427,20.471428,4.4703484e-08,0.0031458586,-7.345365000000001e-25,0.0,0.0,True
2020-06-08,94.28,34.2,16.185715,21.428572,10.771429,69.61429,3.4857142,1.6714286,3.2857144,5.4,19.342857,0.0002387762,0.0026680082,-7.345365000000001e-25,7.450581e-09,0.0,True
2020-06-15,94.23,18.4,17.685715,22.028574,12.985715,73.84286,3.1,2.0714285,2.8999999,5.385714,19.942858,0.00032651424,0.002357088,-7.345365000000001e-25,3.7252903e-09,0.0,True
2020-06-22,94.25,26.6,18.414288,23.97143,12.728572,73.91429,3.9714284,2.957143,3.7428572,5.957143,22.328571,0.001971528,0.0021143332,-7.345365000000001e-25,7.450581e-09,0.0,True
2020-06-29,94.23,24.4,21.2,27.385715,13.957144,62.257145,5.3285713,2.7714286,4.914286,5.0285716,24.7,0.00011406839,0.0018718019,-7.345365000000001e-25,1.1175871e-08,0.0,True
2020-07-06,94.23,2.8000002,20.285715,25.857143,13.285714,59.657143,5.1142855,1.8857143,4.8142858,4.5857143,23.114286,4.5597553e-05,0.0016665906,-7.345365000000001e-25,7.450581e-09,0.0,True
2020-07-13,94.2,2.0,19.085714,25.2,12.1,56.7,4.7999997,1.0714287,4.4,4.142857,22.785715,2.7388334e-05,0.0014850274,-7.345365000000001e-25,3.7252903e-09,0.0,True
2020-07-20,94.29,19.7,19.614286,25.4,13.542857,65.685715,4.0142856,1.5285714,3.957143,4.1714287,23.1,8.445978e-05,0.0013263002,-7.345365000000001e-25,3.7252903e-09,0.0,True
2020-07-27,94.13,6.7000003,21.557144,28.014286,14.471429,52.014286,5.142857,0.94285715,5.0285716,3.8714285,24.72857,7.3835254e-05,0.0011693463,-7.345365000000001e-25,3.7252903e-09,0.0,True
2020-08-03,94.07,12.799999,22.657145,29.600002,14.800001,52.457146,4.8285713,0.78571427,4.6857142,3.7857144,25.142857,4.130602e-05,0.0010231286,-7.345365000000001e-25,7.450581e-09,0.0,True
2020-08-10,93.99,0.0,24.157145,32.18572,15.014287,53.8,5.1285715,1.1428572,5.071429,3.8857143,25.685715,8.434057e-06,0.00089447945,-7.345365000000001e-25,7.450581e-09,0.0,True
2020-08-17,93.94,25.8,24.128572,30.571428,19.114286,68.48572,3.8285716,1.6857141,4.0,4.1714287,26.385714,5.760789e-05,0.00078213215,-7.345365000000001e-25,7.450581e-09,0.0,True
2020-08-24,93.94,11.4,22.071428,28.028574,16.142857,63.257145,3.9857144,2.1,4.0571427,4.1285715,24.685715,9.7580254e-05,0.00070272386,-7.345365000000001e-25,1.3038516e-08,0.0,True
2020-08-31,93.89,11.6,17.885715,22.47143,12.842857,68.07143,2.6285713,1.1857144,2.8714287,3.9857142,20.342857,5.2675605e-05,0.00063776225,-7.345365000000001e-25,1.1175871e-08,0.0,True
2020-09-07,93.88,0.0,17.228573,23.157145,11.114286,64.75715,2.5142858,1.5285714,2.7714286,4.357143,19.8,1.1101365e-05,0.00058850646,-7.345365000000001e-25,5.5879354e-09,0.0,True
2020-09-14,93.84,0.0,19.357143,27.542858,11.400001,61.18572,2.857143,1.0428572,3.1285713,3.8,21.414286,3.2931566e-06,0.0005365163,-7.345365000000001e-25,5.5879354e-09,0.0,True
2020-09-21,93.8,0.0,18.557144,26.614286,11.257143,58.985718,2.6571429,0.50000006,2.9857142,3.5,20.857143,5.9604645e-08,0.00048685074,-7.345365000000001e-25,3.7252903e-09,0.0,True
2020-09-28,93.87,39.6,14.042857,18.34286,9.614286,73.88572,1.7142857,0.91428566,1.8142856,4.1285715,16.042856,0.00024856627,0.00044807047,-7.345365000000001e-25,9.313226e-09,0.0,True
2020-10-05,93.83,10.0,13.17143,16.985714,8.814286,80.04286,1.2,1.0714285,1.4714286,4.8714285,13.985714,9.652227e-05,0.00042589754,-7.345365000000001e-25,1.1175871e-08,0.0,True
2020-10-12,93.85,14.4,11.757143,15.085715,8.057143,80.98572,1.1285714,1.0571429,1.1571429,5.114286,12.414286,0.00032541156,0.00040741265,-7.345365000000001e-25,1.1175871e-08,0.0,True
2020-10-19,93.84,3.2,8.585714,12.071428,4.7000003,82.67143,0.64285713,0.54285717,0.8142857,5.3285713,9.828571,9.305775e-05,0.00039253384,-7.345365000000001e-25,3.7252903e-09,0.0,True
2020-10-26,93.84,18.1,12.871429,16.557142,8.814286,81.057144,0.9857143,0.8571429,1.0714285,5.5,12.6,0.00022731721,0.00037896633,-7.345365000000001e-25,5.5879354e-09,0.0,True
2020-11-02,93.98,19.8,13.228572,16.157145,10.314286,80.24286,1.1142857,1.0571429,1.1142857,6.285714,12.257143,0.00026115775,0.00036792457,-7.345365000000001e-25,1.6763806e-08,0.0,True
2020-11-09,93.96,0.1,6.6,12.428572,1.8428572,83.58572,0.4857143,0.41428572,0.4857143,6.5,7.9714284,2.412498e-05,0.0003592372,-7.345365000000001e-25,0.0,0.0,True
2020-11-16,93.94,6.1,9.428572,12.542857,5.2571435,87.614296,0.55714285,0.5142857,0.61428577,6.457143,8.971429,6.490946e-05,0.00035247952,-7.345365000000001e-25,5.5879354e-09,0.0,True
2020-11-23,93.94,5.0,5.6142855,9.142858,1.1142857,85.71429,0.45714283,0.4285714,0.45714286,6.4857144,6.357143,0.00011488795,0.000346452,-7.345365000000001e-25,0.0,0.0,True
2020-11-30,93.89,10.4,1.5285715,4.1428576,-1.1714287,90.47143,0.20000002,0.15714286,0.20000002,6.4857144,2.8714285,9.045005e-06,0.00034154207,8.350327e-06,4.917383e-07,0.00064476207,True
2020-12-07,93.97,15.7,2.9428573,4.4857144,1.2571429,89.48572,0.27142859,0.25714287,0.37142858,7.1,1.8428571,0.00040963292,0.0003373772,0.0046160677,0.0063108485,0.0075318925,True
2020-12-14,94.02,4.1,3.557143,5.871429,0.8285714,86.91429,0.27142859,0.24285714,0.3,7.4857144,2.9857142,9.073317e-05,0.00033462048,0.0015954687,0.0025798157,0.00012114644,True
2020-12-21,94.15,13.0,5.7999997,8.900001,2.4,93.02857,0.21428572,0.21428572,0.24285714,7.7,5.1,0.0003081411,0.00033341348,5.252021e-05,0.00029031746,0.0,True
2020-12-28,94.17,36.3,6.1857147,8.585714,3.3,85.5,0.59999996,0.59999996,0.5142857,8.957143,5.428571,0.0036739558,0.0041486397,0.00044195424,0.00093452446,0.003129173,True
2021-01-04,94.23,7.8999996,2.4857144,3.857143,0.90000004,88.328575,0.4,0.4,0.35714287,9.3,2.5,0.00034333766,0.0004144162,0.003586332,0.004203178,0.0070276186,True
2021-01-11,94.21,6.7,0.62857145,2.7571428,-1.7285715,85.98572,0.3142857,0.29999998,0.29999998,9.214286,0.8142857,5.9485435e-05,0.00052163005,0.008214508,0.0016752481,0.006633684,True
2021-01-18,94.21,9.4,1.0285715,3.2571428,-1.3571428,82.92857,0.34285715,0.3285714,0.41428572,9.542857,0.37142858,0.00037437677,0.00062958896,0.010886953,0.008717464,0.009643257,True
2021-01-25,94.28,12.1,4.4428573,7.071429,1.8000001,78.72858,0.7857143,0.77142864,0.88571423,9.657143,2.9857142,0.0014918149,0.002605684,0.0048550824,0.011006802,0.00861131,True
2021-02-01,94.38,28.4,4.585715,7.1285715,2.0285714,87.15715,0.6428572,0.6428572,0.61428577,10.471429,3.3428571,0.0031612888,0.006510839,0.0043439297,0.014147926,0.007186692,True
2021-02-08,94.56,29.300001,6.014286,8.157144,3.142857,88.90001,0.59999996,0.59999996,0.5428571,11.057143,6.042857,0.0025253668,0.0079345405,0.00025748071,0.00087629445,0.002369415,True
2021-02-15,94.53,0.90000004,-4.557143,-0.59999996,-9.257143,69.700005,0.14285715,0.14285715,0.59999996,10.5,-0.31428573,1.643598e-05,0.007608652,0.002536558,0.00014319643,0.00080629066,True
2021-02-22,94.48,1.5,6.785714,13.514287,0.44285718,80.44286,1.0714285,1.0285714,0.8428572,10.028571,5.457143,0.00016941875,0.008650474,0.00031370777,0.0024035163,0.0,True
2021-03-01,94.46,0.7,7.585715,15.057143,0.8714286,73.61428,1.3428571,1.1,1.2571429,9.542857,7.4857144,5.528331e-06,0.008577116,1.5326908e-07,1.905486e-06,0.0,True
2021-03-08,94.41,1.5,4.642857,11.271429,-2.257143,66.85714,1.3000001,1.0857143,1.2714285,9.257143,5.9714284,9.906292e-05,0.008279242,-7.345365000000001e-25,7.4505806e-08,3.9860606e-07,True
2021-03-15,94.41,20.2,6.642857,10.414286,2.8857143,73.98572,1.6999998,1.6285713,1.4857142,9.271428,6.757143,0.0008383244,0.007881679,6.7035355e-05,0.00057921745,0.0009185374,True
2021-03-22,94.4,4.7999997,4.285714,7.9857144,0.8000001,71.071434,1.2714287,1.2142857,1.3000001,9.471429,5.5,0.00015842915,0.0075307414,0.00033995652,0.0013538543,0.0011588484,True
2021-03-29,94.38,0.5,9.2,15.728572,2.3,63.4,2.4285715,1.9571427,2.3857143,8.885715,10.4,4.258752e-05,0.007197134,2.355235e-05,0.00013139844,0.0,True
2021-04-05,94.36,2.0,9.942857,17.328571,1.9571428,58.285713,2.614286,1.9857143,2.6714287,7.9,12.514286,3.9607286e-05,0.006727569,2.5039628e-05,4.6230853e-06,0.00048599765,True
2021-04-12,94.31,7.7,6.3857145,11.442857,1.2714285,64.88572,2.0142856,1.6857144,2.0285714,7.4,8.271428,0.00025741756,0.0062618554,0.0011198748,0.0037788488,0.0035022385,True
2021-04-19,94.31,2.7,6.1857147,11.1285715,0.4428572,67.64286,1.8428571,1.442857,1.9571428,7.3,9.042857,5.288422e-05,0.005789578,3.0472165e-05,0.00021413155,0.00020710006,True
2021-04-26,94.28,0.0,10.1285715,17.214285,2.3142858,54.385715,3.5285714,2.1,3.6000001,6.6285715,13.957143,5.4091215e-06,0.0052893236,1.1920929e-07,1.6819686e-06,0.0,True
2021-05-03,94.23,6.3,10.157143,15.842857,2.4285715,58.457146,2.9571426,1.8142859,3.0,6.1285715,13.457143,0.00010974705,0.0047506914,-7.345365000000001e-25,0.0,0.0,True
2021-05-10,94.23,12.5,11.542857,16.957144,5.357143,67.557144,3.2571428,2.3428571,2.857143,6.3142858,13.3714285,0.00040096045,0.004305087,-7.345365000000001e-25,3.7252903e-09,0.0,True
2021-05-17,94.22,22.6,12.67143,17.4,8.528571,78.74286,2.5714285,2.1714284,2.4714284,6.4714284,15.342857,0.0011854023,0.0039134845,-7.345365000000001e-25,7.450581e-09,0.0,True
2021-05-24,94.24,20.5,12.585715,18.0,7.8,70.814285,3.2714286,2.7571428,3.2285714,6.6285715,15.114285,0.00019817054,0.0036280602,-7.345365000000001e-25,0.0,0.0,True
2021-05-31,94.19,7.5,13.485715,18.728573,7.871429,66.34286,3.6142857,2.5428574,3.385714,6.2714286,16.042856,0.00031761825,0.0033969358,-7.345365000000001e-25,3.7252903e-09,0.0,True
2021-06-07,94.15,25.5,19.171429,24.97143,12.885715,71.01429,3.7,2.3,3.8,5.885714,22.114286,0.00048081577,0.0031461194,-7.345365000000001e-25,1.1175871e-08,0.0,True
2021-06-14,94.08,0.3,20.642857,27.057144,13.757143,65.42857,4.7571435,3.057143,4.8428574,5.885714,24.685715,0.0007993728,0.0029506981,-7.345365000000001e-25,7.450581e-09,0.0,True
2021-06-21,94.03,21.5,25.085714,31.67143,16.842857,59.485718,5.8142858,2.3999999,5.7428575,5.0571427,28.414286,0.0001533106,0.0026957318,-7.345365000000001e-25,7.450581e-09,0.0,True
2021-06-28,94.04,29.0,19.657145,25.028574,14.928572,77.957146,3.871429,3.2142856,3.542857,6.114286,23.928572,0.0034273416,0.0047305524,-7.345365000000001e-25,0.0,0.0,True
2021-07-05,94.05,28.5,18.34286,23.4,14.142858,78.314285,3.2571428,2.9428573,3.2571428,7.257143,21.814285,0.00053215027,0.0023794994,-7.345365000000001e-25,1.1175871e-08,0.0,True
2021-07-12,94.13,41.8,19.042858,24.228573,14.014285,79.47143,3.2714286,3.057143,3.142857,7.928571,22.5,0.0009974688,0.002290003,-7.345365000000001e-25,7.450581e-09,0.0,True
2021-07-19,94.27,20.0,19.628572,24.414288,14.871429,78.01429,3.3714283,3.0142858,3.5,9.057143,22.557142,0.0013581961,0.003965795,-7.345365000000001e-25,1.4901161e-08,0.0,True
2021-07-26,94.18,2.8,20.5,27.128572,13.571428,67.57143,4.1571426,3.257143,4.5,7.5571427,25.22857,2.835691e-05,0.0022303984,-7.345365000000001e-25,7.450581e-09,0.0,True
2021-08-02,94.17,24.8,19.12857,24.600002,13.900001,71.22857,3.7285714,2.8285713,3.6857145,6.8285713,22.842857,0.00012716651,0.0021326914,-7.345365000000001e-25,1.1175871e-08,0.0,True
2021-08-09,94.14,16.1,17.685715,22.614286,13.014287,78.02857,2.9,2.5142858,2.9714284,6.957143,20.7,0.00033801794,0.002040647,-7.345365000000001e-25,1.1175871e-08,0.0,True
2021-08-16,94.11,12.6,21.37143,28.457144,14.342857,70.67143,3.7714286,2.4142857,3.8999999,6.2285714,24.914286,9.955466e-05,0.0019399524,-7.345365000000001e-25,1.1175871e-08,0.0,True
2021-08-23,94.03,13.1,18.171429,23.100002,13.514287,78.48572,2.4285715,1.6142857,2.4428573,5.8142858,20.942858,0.0003233999,0.001838021,-7.345365000000001e-25,1.1175871e-08,0.0,True
2021-08-30,94.01,21.3,15.871429,19.87143,12.1,79.32857,2.085714,1.6142857,2.2,6.114286,18.614286,0.0007940978,0.0017535537,-7.345365000000001e-25,1.4901161e-08,0.0,True
2021-09-06,93.98,0.0,17.800001,25.457144,10.6,72.78571,2.6571429,1.7285713,3.042857,6.3,20.3,1.3977289e-05,0.001678966,-7.345365000000001e-25,5.5879354e-09,0.0,True
2021-09-13,93.96,3.2,18.885715,25.84286,12.357142,75.42857,2.5857143,1.5285712,2.6714287,5.7,22.442858,8.375943e-05,0.0015945286,-7.345365000000001e-25,3.7252903e-09,0.0,True
2021-09-20,93.93,12.8,16.685715,21.571428,11.785714,79.5,1.7,1.1714286,1.8857143,5.6714287,19.528572,0.00024722517,0.0015272424,-7.345365000000001e-25,5.5879354e-09,0.0,True
2021-09-27,93.92,7.2,15.114286,22.071428,8.142858,77.98572,1.7857141,1.1714287,1.8714286,5.3714285,18.37143,7.3194504e-05,0.0014639422,-7.345365000000001e-25,7.450581e-09,0.0,True
2021-10-04,93.92,13.5,13.914286,18.942858,8.985715,77.1,1.5571429,1.0857143,1.6857144,5.257143,16.428572,0.00011008978,0.0014051795,-7.345365000000001e-25,3.7252903e-09,0.0,True
2021-10-11,93.91,7.5,10.528572,16.257143,5.971429,82.84286,1.0428572,0.8142857,1.1428572,5.5571427,12.557143,0.00017486513,0.0013549924,-7.345365000000001e-25,1.8626451e-09,0.0,True
2021-10-18,93.9,13.2,8.528571,13.642858,3.3714287,88.6,0.6999999,0.55714285,0.7428571,5.642857,10.571428,0.00011175126,0.0013143346,-7.345365000000001e-25,1.8626451e-09,0.0,True
2021-10-25,93.97,28.3,9.357142,15.328572,2.7428572,81.471436,1.0142857,0.92857134,0.95714283,6.3,10.071428,0.0017006099,0.0012793988,-7.345365000000001e-25,5.5879354e-09,0.0,True
2021-11-01,94.0,8.2,9.271429,14.414286,4.6857142,89.62858,0.62857145,0.55714285,0.59999996,6.428571,10.114285,0.00015349686,0.0012526512,-7.345365000000001e-25,3.7252903e-09,0.0,True
2021-11-08,93.99,12.6,6.8285713,9.757143,3.642857,90.814285,0.4857143,0.44285712,0.44285712,7.2285714,7.8,0.00028989464,0.0012363493,-7.345365000000001e-25,3.7252903e-09,0.0,True
2021-11-15,93.98,5.2000003,4.6571426,7.5,1.9714286,90.77143,0.3,0.25714284,0.37142855,7.3428574,5.357143,0.00018288195,0.001228638,1.2204761e-06,4.1686e-06,4.10527e-06,True
2021-11-22,93.97,1.7,6.414286,8.442858,3.7142856,88.0,0.31428573,0.2857143,0.44285712,7.4,6.3285713,5.4001808e-05,0.0012292862,-7.345365000000001e-25,8.009374e-08,0.0,True
2021-11-29,93.95,3.3000002,2.4857142,5.071429,-0.37142855,83.457146,0.34285715,0.32857147,0.4,7.4,2.3857143,0.000111564994,0.0012381151,0.0007035562,0.000664318,0.003829319,True
2021-12-06,94.12,25.7,3.9714286,6.285714,1.3285714,85.12858,0.5571429,0.5428572,0.45714286,8.114285,3.357143,0.0014685467,0.0017762706,0.0020143476,0.009450555,0.007691741,True
2021-12-13,94.11,4.6,3.8714287,5.942857,1.4428571,86.28571,0.35714287,0.34285712,0.4,8.585714,2.8285713,0.00038125366,0.0016715229,0.0024944544,0.005822839,0.004806008,True
2021-12-20,94.06,0.4,5.1285715,7.5,1.7285715,88.8,0.18571427,0.18571427,0.21428572,8.571428,4.4142857,4.9501657e-05,0.0021308586,0.00029263043,0.00087839924,0.0,True
2021-12-27,94.14,19.8,2.4285715,5.9714284,-0.59999996,88.74286,0.25714287,0.24285714,0.24285714,8.8,1.6857142,0.0010337383,0.0034724697,2.9546874e-05,5.825609e-05,2.8312206e-07,True
2022-01-03,94.23,26.2,10.342857,12.942858,7.471429,86.1,0.7,0.7,0.5857143,9.8,8.6,0.0013254806,0.0062597916,1.362392e-07,2.5834888e-06,0.0,True
2022-01-10,94.42,29.1,3.9,6.4428573,1.1714287,84.22858,0.6714286,0.6714286,0.44285712,10.685715,3.4714286,0.002607882,0.016265847,0.0017570257,0.003996238,0.0063092075,True
2022-01-17,94.42,0.6,1.3428571,3.6714287,-1.0285715,89.21429,0.27142859,0.27142859,0.25714284,10.214286,1.2428571,7.276982e-05,0.013602972,0.0017623958,0.002248114,0.00094173104,True
2022-01-24,94.39,2.8,3.7000003,5.971429,0.6857143,81.41429,0.50000006,0.48571435,0.45714286,9.971429,2.7142856,0.00014736503,0.013553746,0.00066900824,0.0014522206,0.0007298812,True
2022-01-31,94.35,3.4,2.8857143,5.1285715,0.028571418,83.685715,0.5857143,0.5857143,0.59999996,9.8714285,2.3857143,0.00030375272,0.012996517,0.0003689641,0.0010543168,0.00092844665,True
2022-02-07,94.43,17.199999,5.9857144,8.428572,3.4142857,78.40001,1.0,1.0,0.85714287,10.114285,4.785714,0.0013672784,0.014290415,0.00012112799,0.0008166786,0.0005429238,True
2022-02-14,94.41,4.4,5.014286,9.6285715,-0.42857143,78.328575,1.0142857,0.9857143,0.84285706,10.2,4.6571426,0.0001879558,0.012281716,5.052203e-07,3.637746e-06,2.8312206e-07,True
2022-02-21,94.34,5.7,8.742857,11.914286,6.0,69.01429,1.8428572,1.8142856,1.8142856,9.928572,7.2714286,0.0015438274,0.015650578,-7.345365000000001e-25,1.6763806e-08,0.0,True
2022-02-28,94.32,4.2999997,5.2571425,10.071428,0.25714287,70.61429,1.3714285,1.2857143,1.1285714,9.828571,5.4714284,0.00020244718,0.013420388,-7.345365000000001e-25,2.682209e-07,3.874302e-07,True
2022-03-07,94.28,0.0,2.5571427,8.714286,-3.5,57.100002,1.4428571,1.1571429,1.3285714,9.285714,4.4857144,3.7252903e-07,0.013024129,2.0833243e-06,1.0989606e-06,1.3485551e-05,True
2022-03-14,94.29,2.2,6.2714286,14.257143,-1.5857143,51.728573,2.085714,1.6571429,1.8000001,8.585714,7.3142858,4.4852495e-05,0.0121469945,3.37192e-06,1.1129305e-05,0.0,True
2022-03-21,94.24,10.700001,8.585714,13.6285715,3.4857144,65.15714,1.7714285,1.4285715,1.8571428,8.485714,8.828571,0.00030697137,0.011010259,-7.345365000000001e-25,7.8231096e-08,0.0,True
2022-03-28,94.22,0.0,10.528572,19.800001,1.3571428,52.642857,2.7285714,1.9571428,2.4857142,7.614286,11.857142,7.4505806e-08,0.0097464025,-7.345365000000001e-25,0.0,0.0,True
2022-04-04,94.22,11.6,5.3428574,9.1,0.94285715,70.700005,1.442857,1.2142857,1.4857142,7.5857143,7.5571427,0.00033386052,0.008574106,0.0029375155,0.0036545284,0.00844761,True
2022-04-11,94.23,50.000004,7.6285715,12.2,3.4,72.74286,2.2142856,2.0714285,1.9285715,8.6,8.985714,0.004753813,0.008271858,0.0019434236,0.012105383,0.00907274,True
2022-04-18,94.25,0.0,12.900001,20.057144,5.014286,56.785713,3.4857142,2.6714284,3.2142856,8.257143,15.757143,5.376339e-05,0.007245071,5.951382e-05,0.0006196983,0.0,True
2022-04-25,94.35,3.6,11.557143,17.057142,4.471429,60.32857,3.0285716,2.1571429,2.9285715,7.214286,14.485714,0.00015640259,0.0067218915,-7.345365000000001e-25,3.7252903e-09,0.0,True
2022-05-02,94.33,9.9,11.914286,17.714285,6.285714,71.71429,2.8,2.1571429,2.5142858,7.428571,15.157143,0.0002752766,0.0062145367,-7.345365000000001e-25,0.0,0.0,True
2022-05-09,94.28,3.0,15.714286,22.014286,9.400001,65.22857,3.6000001,2.4142857,3.4142857,6.8285713,18.571428,0.00013116002,0.00568863,-7.345365000000001e-25,3.7252903e-09,0.0,True
2022-05-16,94.2,1.0,19.1,25.814287,11.185715,56.657143,4.9857144,2.057143,4.7428575,5.8428574,22.142857,5.1483512e-05,0.005094081,-7.345365000000001e-25,7.450581e-09,0.0,True
2022-05-23,94.15,6.2,20.114286,27.042858,12.1285715,61.985718,4.7714286,2.0285716,4.6571426,5.5285716,23.7,0.00013512373,0.0044891834,-7.345365000000001e-25,7.450581e-09,0.0,True
2022-05-30,94.05,1.3000001,15.300001,20.5,8.757143,57.9,3.9571426,1.4714285,3.8142858,5.242857,19.671429,8.252263e-05,0.003970407,-7.345365000000001e-25,3.7252903e-09,0.0,True
2022-06-06,93.99,10.4,18.300001,24.914288,10.985715,62.8,4.1571426,1.2428571,4.042857,5.0142856,21.842857,0.00019457191,0.0034936294,-7.345365000000001e-25,7.450581e-09,0.0,True
2022-06-13,93.93,8.3,18.757143,25.414288,11.5,64.185715,4.457143,1.8428571,4.3142858,5.071429,22.514286,0.00011278689,0.0031016394,-7.345365000000001e-25,7.450581e-09,0.0,True
2022-06-20,93.9,1.4,22.685715,30.5,12.928572,48.857143,6.1142855,1.0142857,6.0285716,4.614286,26.185715,7.972121e-06,0.0026877522,-7.345365000000001e-25,7.450581e-09,0.0,True
2022-06-27,93.88,37.5,21.085714,27.385715,14.457144,68.11429,4.7285714,2.1571429,4.457143,4.857143,25.171429,0.0001373887,0.0023113936,-7.345365000000001e-25,1.4901161e-08,0.0,True
2022-07-04,93.86,3.1999998,21.514286,28.37143,13.685715,58.085716,5.3285713,2.9857142,5.3857145,4.9428573,25.314285,0.00011175126,0.0020197257,-7.345365000000001e-25,1.1175871e-08,0.0,True
2022-07-11,93.81,0.3,19.100002,24.828571,12.67143,57.62857,4.5142856,1.1999999,4.4,4.1571426,23.72857,1.4722347e-05,0.0017503798,-7.345365000000001e-25,7.450581e-09,0.0,True
2022-07-18,93.79,0.0,21.928572,30.028574,12.271429,47.771427,5.8428574,0.5,5.4714284,3.8714285,25.814285,7.301569e-07,0.0015146956,-7.345365000000001e-25,0.0,0.0,True
2022-07-25,93.76,6.3999996,25.242859,33.028572,16.885715,52.771427,6.057143,1.3142859,5.857143,3.8,27.385714,6.7815185e-05,0.0012828633,-7.345365000000001e-25,7.450581e-09,0.0,True
2022-08-01,93.71,2.8,22.742859,29.142857,15.814286,50.74286,4.9714284,0.8428572,4.9,3.5857143,25.785715,3.6269426e-05,0.0011061952,-7.345365000000001e-25,1.1175871e-08,0.0,True
2022-08-08,93.67,0.5,23.857143,31.114286,15.557143,46.31429,5.571428,0.92857134,5.557143,3.4285715,26.72857,1.0564923e-05,0.0009540692,-7.345365000000001e-25,7.450581e-09,0.0,True
2022-08-15,93.64,0.1,24.1,31.385715,15.628572,41.957146,5.8285713,0.5714286,5.642857,3.2285714,25.5,5.8203936e-05,0.00081308186,-7.345365000000001e-25,5.5879354e-09,0.0,True
2022-08-22,93.6,2.4,22.428572,29.34286,15.685715,57.5,3.8285713,0.81428576,4.071429,3.3,25.142857,0.00013241172,0.00071777403,-7.345365000000001e-25,5.5879354e-09,0.0,True
2022-08-29,93.58,0.5,23.085714,30.17143,16.242857,53.128574,3.957143,0.95714283,4.2714286,3.3857143,25.142857,8.7469816e-05,0.00064507127,-7.345365000000001e-25,1.1175871e-08,0.0,True
2022-09-05,93.56,11.299999,20.214285,27.128572,13.614286,61.47143,3.3,1.0571429,3.4285715,3.5285714,22.757143,5.2168965e-05,0.00058691204,-7.345365000000001e-25,5.5879354e-09,0.0,True
2022-09-12,93.6,56.899998,18.642857,24.5,14.0,74.87142,2.6714287,1.7428571,2.6571429,4.071429,21.1,0.0003554374,0.00053979456,-7.345365000000001e-25,1.1175871e-08,0.0,True
2022-09-19,93.61,58.5,14.857142,19.157145,10.8,77.67143,1.7571428,1.6571428,1.7714285,6.1285715,16.857143,0.016880184,0.007949524,-7.345365000000001e-25,5.5879354e-09,0.0,True
2022-09-26,93.67,22.3,11.928572,17.742857,6.3857145,79.02857,1.4571427,1.2857143,1.6285714,6.714286,14.842857,0.00020276755,0.00049187243,-7.345365000000001e-25,1.8626451e-09,0.0,True
2022-10-03,93.77,40.199997,11.071428,15.2,7.014286,85.37144,1.1857144,1.1571429,1.1714286,7.9714284,12.785714,0.0016749501,0.0007568002,-7.345365000000001e-25,7.450581e-09,0.0,True
2022-10-10,93.81,16.3,12.6285715,19.600002,5.557143,79.057144,1.3285713,1.1857144,1.4857142,8.3714285,14.6285715,0.00013822317,0.0004703328,-7.345365000000001e-25,1.8626451e-09,0.0,True
2022-10-17,93.87,27.0,14.271429,18.557144,10.342857,87.957146,1.0285714,0.9714287,0.98571426,8.385715,15.442857,0.0022565052,0.002296783,-7.345365000000001e-25,5.5879354e-09,0.0,True
2022-10-24,93.99,21.5,14.885715,18.942858,10.528572,88.01429,0.9857144,0.9857144,0.9285714,9.3714285,15.585714,0.0062424093,0.002828829,-7.345365000000001e-25,1.1175871e-08,0.0,True
2022-10-31,94.0,2.7,14.5,20.84286,9.485715,85.94286,0.90000004,0.82857144,0.85714287,9.328571,15.671429,4.6014786e-05,0.0005576089,-7.345365000000001e-25,3.7252903e-09,0.0,True
2022-11-07,94.01,7.0,10.271429,13.914286,5.8428574,84.28571,0.8000001,0.75714284,0.71428573,9.271428,11.4,0.00029814988,0.0006297454,-7.345365000000001e-25,5.5879354e-09,0.0,True
2022-11-14,94.04,8.8,8.400001,12.028572,4.285714,90.85714,0.4571429,0.4,0.41428572,9.414286,9.228572,0.00023084879,0.0007038936,-7.345365000000001e-25,3.7252903e-09,0.0,True
2022-11-21,94.13,47.399998,8.357142,11.242858,6.1,87.685715,0.67142856,0.67142856,0.5142857,10.142858,8.271428,0.0014494807,0.002483748,0.00019626958,0.0013255812,0.0014626831,True
2022-11-28,94.24,8.5,6.214286,9.271429,2.2,87.957146,0.41428572,0.41428572,0.34285715,10.1285715,6.4,0.00033718348,0.0013016462,2.184936e-05,0.00018999167,0.0,True
2022-12-05,94.36,4.3,4.3857145,5.5142856,3.0285716,89.18572,0.25714287,0.25714287,0.40000004,10.042857,4.3714285,0.00022532046,0.0018161908,1.7580533e-05,3.6641955e-05,5.5119395e-05,True
2022-12-12,94.35,0.9,1.3142859,3.4285715,-1.6285714,86.72858,0.18571429,0.18571429,0.27142856,10.014286,1.8142858,5.070865e-05,0.0022248179,0.00062020053,0.00025257468,0.001982484,True
2022-12-19,94.35,1.4000001,-3.9857142,-1.3285714,-7.3142858,84.98572,0.028571429,0.028571429,0.15714286,10.085714,-1.5714285,5.003065e-05,0.0025488362,0.00402798,0.0020888299,0.0032679215,True
2022-12-26,94.38,21.7,9.742858,12.157144,6.828572,87.328575,0.6857143,0.6857143,0.55714285,10.685715,5.6714287,0.0023708418,0.006071292,0.00028360458,0.0028487667,0.0,True
