,GWL,HYRAS_pr,HYRAS_tas,HYRAS_tasmax,HYRAS_tasmin,HYRAS_hurs,DWD_evapo_p,DWD_evapo_r,DWD_evapo_fao,DWD_soil_moist,DWD_soil_temp5cm,ERA5_sro,ERA5_ssro,ERA5_sdwe,ERA5_sm,ERA5_sf,GWL_flag
1991-01-07,3.1,14.5,5.4714284,7.6285715,3.2857144,84.557144,0.9,0.9,0.68571424,10.857142,4.1,0.0017766654,0.0123432055,4.46751e-06,2.7853996e-05,2.8684735e-05,True
1991-01-14,3.1,18.2,4.4857144,6.8,2.8,84.51429,0.8285714,0.8285714,0.6571428,10.714286,3.7142856,0.00247477,0.01450555,9.593509e-07,7.405877e-06,7.0780516e-08,True
1991-01-21,3.08,7.2,0.21428572,2.3142858,-2.2142856,79.41429,0.22857144,0.22857144,0.4,10.314285,-0.62857145,0.00014166534,0.015462019,0.00010714644,0.00033446588,0.00043315813,True
1991-01-28,3.08,0.5,2.6714287,3.857143,1.4428571,93.1,0.18571429,0.18571429,0.32857147,10.257143,0.9285714,3.0249357e-05,0.014418967,3.4269833e-05,0.00011209585,3.1851232e-06,True
1991-02-04,3.05,0.0,-2.457143,-0.04285719,-4.9428573,71.88572,0.12857144,0.12857144,0.5428571,10.185715,-1.1142857,7.95722e-06,0.0130060315,9.817169e-05,1.8831342e-06,0.00018861517,True
1991-02-11,3.04,2.8,-4.6142855,-1.9857143,-6.9428573,82.3,0.028571429,0.028571429,0.3857143,10.142858,-2.4857142,8.1956387e-07,0.011558577,0.0013616142,5.8934093e-06,0.002543345,True
1991-02-18,3.02,8.2,-1.5857143,0.14285718,-3.9285717,90.0,0.12857142,0.12857142,0.35714287,10.3714285,-0.5285714,7.043779e-05,0.010256074,0.007824234,0.0033489633,0.010778975,True
1991-02-25,3.04,8.1,4.214286,6.642857,1.3857143,85.28571,0.7714285,0.75714284,0.8142857,10.242857,1.7,0.00044719875,0.009167463,0.0038508575,0.009079749,1.611188e-05,True
1991-03-04,3.03,1.0,2.542857,4.928571,0.028571436,79.67143,0.7714285,0.71428573,0.88571435,10.142858,1.9857143,2.8602779e-05,0.008457281,0.00026917458,0.00073285773,0.00082203373,True
1991-03-11,3.03,3.3,7.5285716,9.828572,4.9857144,86.15715,0.62857145,0.5857143,0.9857143,9.985714,5.7,0.00014194846,0.007906444,9.462947e-06,8.082762e-05,0.0,True
1991-03-18,3.02,1.0,9.371429,14.285714,5.714286,84.1,0.9857143,0.8428572,1.3,9.6285715,9.057143,4.4561923e-05,0.007403724,-7.345365000000001e-25,5.5879354e-09,0.0,True
1991-03-25,3.02,15.6,6.9857144,10.400001,3.957143,81.02857,1.3285714,1.2571429,1.4142857,9.842857,7.8428574,0.00024731457,0.006927401,-7.345365000000001e-25,9.313226e-09,0.0,True
1991-04-01,3.02,9.6,6.3428574,9.800001,2.357143,75.971436,1.4285713,1.1857144,1.5571429,9.414286,7.242857,0.00013846159,0.006504655,-7.345365000000001e-25,1.8626451e-09,0.0,True
1991-04-08,3.0,14.700001,8.857142,12.457144,5.9428573,78.51429,1.6857145,1.5714285,1.8857143,9.485714,9.1,0.00027866662,0.0061057135,-7.345365000000001e-25,1.8626451e-09,0.0,True
1991-04-15,2.99,0.0,11.685715,16.942858,6.4857144,62.67143,2.8571432,2.3142858,3.1714287,8.914286,12.414286,1.0505319e-06,0.0057180673,-7.345365000000001e-25,0.0,0.0,True
1991-04-22,2.97,15.8,4.085715,7.157143,0.85714287,66.4,1.8714287,1.5142858,1.9714286,8.157143,7.8428574,0.00014682114,0.005320467,0.0001956338,0.0009700805,0.0019070692,True
1991-04-29,2.96,4.7,6.957143,10.542857,3.0142858,77.85714,1.6857145,1.4000002,1.9428571,8.028571,9.314285,8.339435e-05,0.004948601,0.00015594278,0.0009495858,0.0,True
1991-05-06,2.98,32.1,6.928571,8.857142,4.1714287,86.28571,1.2142857,1.1428572,1.2714285,8.257143,7.9857144,0.00040216,0.004610762,6.81196e-08,6.6682696e-07,0.0,True
1991-05-13,2.96,4.6,9.8714285,13.17143,5.8428574,73.87144,2.3142858,1.8857142,2.542857,8.142858,12.428572,3.3773482e-05,0.0043374524,-7.345365000000001e-25,3.7252903e-09,0.0,True
1991-05-20,2.93,3.0,9.471429,12.542857,6.0,78.35714,2.4,2.0142856,2.5285716,7.714286,12.285714,0.00011372566,0.0040823147,-7.345365000000001e-25,0.0,0.0,True
1991-05-27,2.91,0.6,10.542857,12.6,8.285714,76.35714,2.3,1.7285712,2.5857143,6.9857144,13.1,4.736334e-05,0.0038299263,-7.345365000000001e-25,3.7252903e-09,0.0,True
1991-06-03,2.89,3.4,10.542857,13.214287,7.614286,76.87144,2.2285714,1.3714286,2.5714285,6.3428574,14.328571,9.2193484e-05,0.0035803989,-7.345365000000001e-25,0.0,0.0,True
1991-06-10,2.87,8.0,11.900001,15.542857,7.7000003,75.67143,2.4857142,1.9142857,2.5714285,6.1857142,13.785714,0.00031019747,0.003346391,-7.345365000000001e-25,3.7252903e-09,0.0,True
1991-06-17,2.87,33.399998,12.314286,14.6285715,10.385715,82.07143,2.3,2.1285713,2.3428571,6.8714285,13.3,0.0035169423,0.0032356903,-7.345365000000001e-25,2.2351742e-08,0.0,True
1991-06-24,2.91,54.5,13.8714285,17.085714,10.185715,78.314285,2.7,2.5571427,2.8999999,7.3285713,16.028572,0.0037955195,0.003132008,-7.345365000000001e-25,1.1175871e-08,0.0,True
1991-07-01,2.98,47.9,14.771429,17.4,11.928572,81.542854,2.3142858,2.2571428,2.4857142,9.1,15.485714,0.0031945705,0.0034390613,-7.345365000000001e-25,2.2351742e-08,0.0,True
1991-07-08,2.93,1.4,22.014286,26.87143,16.071428,66.314285,4.9714284,3.9285715,5.357143,8.442857,23.5,8.150935e-05,0.003778562,-7.345365000000001e-25,2.2351742e-08,0.0,True
1991-07-15,2.9,21.7,18.714285,22.785715,14.785714,73.21429,3.3285713,2.6000001,3.7428572,7.214286,21.442858,0.000118523836,0.0037571937,-7.345365000000001e-25,2.6077032e-08,0.0,True
1991-07-22,2.88,19.900002,15.800001,18.67143,13.1,76.62858,2.7571428,2.3142858,3.3,7.1571426,18.2,0.00043287128,0.0036318079,-7.345365000000001e-25,2.9802322e-08,0.0,True
1991-07-29,2.86,13.299999,18.314285,22.814287,13.342857,74.85714,3.2571428,2.4,3.7571428,6.8428574,21.085714,0.00010359287,0.0034829527,-7.345365000000001e-25,2.2351742e-08,0.0,True
1991-08-05,2.84,5.6,20.100002,23.957142,16.528572,77.799995,3.0857143,1.9142858,3.4142857,6.0142856,22.814285,0.00020634383,0.0032985508,-7.345365000000001e-25,1.8626451e-08,0.0,True
1991-08-12,2.79,6.1,18.885714,21.77143,16.457144,76.21429,2.614286,1.8000001,3.1000001,6.071429,20.842857,0.00011199713,0.0031257123,-7.345365000000001e-25,2.6077032e-08,0.0,True
1991-08-19,2.78,28.5,16.414286,20.142857,13.071428,74.542854,2.6285717,1.8714286,3.1000001,6.1714287,18.22857,0.0027680993,0.0029654354,-7.345365000000001e-25,2.2351742e-08,0.0,True
1991-08-26,2.76,1.8,17.157143,21.34286,13.571428,72.91429,2.5,1.8000002,3.0857143,6.1714287,18.885714,0.00010152161,0.0028560087,-7.345365000000001e-25,1.8626451e-08,0.0,True
1991-09-02,2.71,1.6,16.742857,21.571428,11.900001,70.22858,2.5571427,1.3428571,3.1714287,5.6285715,19.1,1.116097e-05,0.0027687997,-7.345365000000001e-25,1.1175871e-08,0.0,True
1991-09-09,2.68,3.5,16.085714,19.314285,13.1285715,74.38572,1.8,0.8,2.6714287,5.257143,17.3,6.195903e-05,0.0026584342,-7.345365000000001e-25,2.2351742e-08,0.0,True
1991-09-16,2.71,3.1,14.2,18.77143,10.242857,70.52857,1.7,0.6857143,2.3999999,5.1857142,15.428572,0.00016310066,0.0025524125,-7.345365000000001e-25,1.3038516e-08,0.0,True
1991-09-23,2.71,10.1,14.1285715,18.042858,10.857142,79.34286,1.5571429,1.1571429,1.9857143,5.614286,14.6,0.00022419542,0.0024499223,-7.345365000000001e-25,1.8626451e-08,0.0,True
1991-09-30,2.74,51.0,12.871429,15.5,10.928572,86.614296,0.9714285,0.9428571,1.1714286,7.742857,13.271428,0.0017382503,0.002384968,-7.345365000000001e-25,1.6763806e-08,0.0,True
1991-10-07,2.75,23.9,11.971429,15.014287,8.457143,82.47143,1.0000001,0.9714286,1.3142856,9.085714,11.271428,0.0008210242,0.0024495348,-7.345365000000001e-25,1.3038516e-08,0.0,True
1991-10-14,2.74,3.2,13.157143,16.942858,10.2,85.5,0.7285714,0.64285713,1.0714285,8.971429,12.8,0.00015462935,0.002578348,-7.345365000000001e-25,1.1175871e-08,0.0,True
1991-10-21,2.76,32.600002,8.685714,11.785714,6.1,80.51429,1.1571429,1.1714286,1.2285715,9.7,8.457143,0.00090773404,0.0026955903,-7.345365000000001e-25,5.5879354e-09,0.0,True
1991-10-28,2.74,3.8,6.7714286,10.185715,3.257143,78.557144,0.5714286,0.55714285,0.85714287,9.742857,6.071429,3.0398369e-05,0.0030024499,-7.345365000000001e-25,1.8626451e-09,0.0,True
1991-11-04,2.73,7.9,5.9000006,8.528571,3.0142858,82.02857,0.77142864,0.7285715,0.9142857,9.685715,5.042857,0.00018893182,0.0032304004,-7.345365000000001e-25,1.8626451e-09,0.0,True
1991-11-11,2.8,46.8,6.585715,8.728572,4.2,87.328575,0.9714286,0.9714286,0.82857144,11.071428,5.8285713,0.0028810427,0.0034364983,-7.345365000000001e-25,5.5879354e-09,0.0,True
1991-11-18,2.8,9.8,4.3857145,6.357143,2.3,88.24286,0.35714284,0.35714284,0.4857143,10.928572,3.8857143,0.0015865192,0.0045182556,1.3067609e-05,6.170012e-05,0.00020358711,True
1991-11-25,2.77,1.2,2.4714284,4.6142855,0.48571435,92.24286,0.18571429,0.18571429,0.34285715,10.414286,2.3,4.7251582e-05,0.0053931773,4.260313e-05,0.00014812127,6.1653554e-06,True
1991-12-02,2.75,0.8,3.4857144,5.3428574,1.8285714,93.685715,0.11428572,0.11428572,0.20000002,10.285714,2.5285714,2.3037195e-05,0.0056999773,1.3340087e-06,3.0416995e-06,4.3474138e-05,True
1991-12-09,2.74,0.7,2.9142857,5.1285715,0.25714284,90.1,0.12857144,0.12857144,0.29999998,10.2,1.3142858,2.1338463e-05,0.0057269484,3.8124264e-05,0.00020290166,0.00015480071,True
1991-12-16,2.72,0.0,0.34285712,2.614286,-2.4428573,81.5,0.12857144,0.114285715,0.3857143,10.157143,-0.62857145,8.195639e-06,0.00566341,1.0115759e-05,2.3750588e-05,2.4724752e-05,True
1991-12-23,2.81,55.7,5.1285715,8.228572,2.2428572,90.12858,0.61428577,0.61428577,0.5857143,11.328571,3.0,0.0036245212,0.0056863017,0.00038665818,0.002249917,0.0022492781,True
1991-12-30,2.82,10.4,4.5571427,6.357143,2.6000001,87.85714,0.4285714,0.4285714,0.5142857,10.857142,3.2571428,0.00023716688,0.006879002,1.5321231e-05,9.230152e-05,0.0,True
1992-01-06,2.81,13.099999,5.914286,7.2285714,4.1714287,87.700005,0.2,0.2,0.7428571,10.3,2.3,0.00033582002,0.00781364,-7.345365000000001e-25,1.3038516e-07,0.0,True
1992-01-13,2.8,7.4,3.5142858,6.1285715,0.58571434,88.15715,0.3285714,0.3285714,0.41428572,10.514286,2.3285713,0.00035350025,0.008180812,-7.345365000000001e-25,4.4703484e-08,4.4703484e-08,True
1992-01-20,2.79,6.8999996,4.728572,6.585714,3.414286,85.52857,0.4714286,0.4714286,0.67142856,10.3,3.8428571,0.00034651905,0.008478604,-7.345365000000001e-25,0.0,0.0,True
1992-01-27,2.76,0.70000005,-2.1571429,0.27142856,-5.1,87.44286,0.071428575,0.071428575,0.15714286,10.3,-1.5857143,1.2420118e-05,0.008557446,6.744975e-05,0.00011805445,0.0002583526,True
1992-02-03,2.76,7.3999996,2.1142857,3.414286,0.5714286,95.542854,0.2857143,0.2857143,0.2857143,10.242857,0.22857143,0.0002552569,0.008501381,0.000119708835,0.00045968033,0.00069445744,True
1992-02-10,2.74,2.2,4.871429,6.8857145,2.357143,85.72858,0.55714285,0.55714285,0.6857143,10.285714,3.2142856,0.00014641136,0.0083208755,7.597605e-05,0.00039226096,0.0,True
1992-02-17,2.72,20.4,4.714286,6.857143,2.6285713,86.75715,0.65714294,0.65714294,0.62857145,10.414286,4.4428573,0.0004589036,0.0081361905,0.00015174208,9.862706e-06,0.001267802,True
1992-02-24,2.74,6.6,3.7857144,5.9,0.88571423,85.22858,0.65714294,0.65714294,0.7285714,10.328571,2.7428572,0.00016666204,0.008074142,0.00049660885,0.0012773424,0.00010584295,True
1992-03-02,2.74,4.8999996,7.057143,10.428572,3.8428574,81.07143,0.78571427,0.7571429,0.9857143,10.114285,5.242857,5.8203936e-05,0.0080098435,1.7143432e-06,1.0043383e-05,0.0,True
1992-03-09,2.72,2.9,7.071429,10.414286,2.9714284,83.84286,0.8285715,0.78571427,0.9428572,10.0,6.0571427,0.00013677031,0.007828765,-7.345365000000001e-25,7.450581e-09,0.0,True
1992-03-16,2.81,43.2,4.342857,7.357143,1.1714287,81.34286,1.3,1.3,1.1714286,10.9,4.0857143,0.0020955503,0.007874474,0.0009825116,0.0020334255,0.0038821995,True
1992-03-23,2.84,34.9,6.871429,9.542857,4.6857142,87.64286,0.94285715,0.94285715,1.0142857,10.642858,6.614286,0.001655981,0.008279413,0.0001923527,0.0016205646,0.0,True
1992-03-30,2.85,1.9,3.9285715,6.0285716,1.2857143,78.41429,1.0142858,1.0142858,1.2142857,10.342857,4.428571,0.00017120689,0.01014407,5.9542203e-05,0.00015090406,0.00025307387,True
1992-04-06,2.83,11.8,6.2714286,9.3714285,3.2285714,79.41429,1.2285713,1.2,1.4714286,9.985714,6.5142856,0.00027881563,0.010525659,1.2568065e-05,8.9503825e-05,0.0,True
1992-04-13,2.8,12.6,8.7,13.242858,4.457143,72.58572,1.9999999,1.6857141,2.1285713,9.442857,10.1,0.0001360476,0.01011242,-7.345365000000001e-25,1.6205013e-07,0.0,True
1992-04-20,2.81,14.1,6.2428575,8.714286,3.7,79.75715,1.6999999,1.6285714,1.6428572,9.828571,6.9428573,0.0007612407,0.009534173,1.4588946e-05,0.00012572668,0.0001234971,True
1992-04-27,2.8,8.1,10.099999,13.357142,6.0428576,76.22858,1.6285714,1.5142858,1.8285713,9.6,10.285714,0.00026432425,0.009155497,1.4759246e-07,1.0430813e-06,0.0,True
1992-05-04,2.79,12.0,8.671429,11.728571,5.285714,79.700005,1.8285713,1.8142855,1.9714285,10.3,10.071428,0.00073961914,0.008747198,-7.345365000000001e-25,1.8626451e-09,0.0,True
1992-05-11,2.85,41.800003,9.685715,13.300001,6.3428574,78.27143,2.1571429,2.0714285,2.2,10.042857,11.528571,0.0034096986,0.008495353,-7.345365000000001e-25,7.450581e-09,0.0,True
1992-05-18,2.83,3.1,14.528571,19.171429,9.742857,74.17143,3.1,2.585714,3.2428572,9.6285715,16.1,8.530915e-05,0.008222245,-7.345365000000001e-25,1.1175871e-08,0.0,True
1992-05-25,2.81,0.0,19.414288,24.800001,13.17143,56.3,4.7714286,3.3571432,5.2285714,8.085714,20.471428,8.195639e-08,0.0076758415,-7.345365000000001e-25,1.4901161e-08,0.0,True
1992-06-01,2.78,0.0,18.97143,24.2,12.085714,54.985718,4.957143,1.9,5.3714285,6.785714,20.2,1.1101365e-06,0.0067542046,-7.345365000000001e-25,2.2351742e-08,0.0,True
1992-06-08,2.75,3.1000001,19.428572,24.97143,14.728572,61.75714,4.114286,1.442857,4.6857142,6.5142856,20.5,8.2179904e-05,0.0058201626,-7.345365000000001e-25,1.8626451e-08,0.0,True
1992-06-15,2.72,0.1,18.1,22.47143,12.6285715,62.557148,3.9857142,1.042857,4.5285716,6.1285715,20.714285,2.115965e-06,0.004982576,-7.345365000000001e-25,2.2351742e-08,0.0,True
1992-06-22,2.71,6.2,15.528571,19.02857,11.800001,68.38572,3.3285713,0.8571428,3.7857144,5.8714285,18.742857,2.4199486e-05,0.0043074116,-7.345365000000001e-25,7.450581e-09,0.0,True
1992-06-29,2.68,0.0,19.414288,24.014286,13.685715,58.914288,4.2714286,0.61428565,4.7000003,5.5857143,21.957144,3.5911798e-06,0.0037435964,-7.345365000000001e-25,1.8626451e-08,0.0,True
1992-07-06,2.67,11.099999,18.87143,22.642857,14.685715,66.457146,3.7571428,1.1142857,4.1285715,5.5857143,21.385714,0.0001681,0.0032446533,-7.345365000000001e-25,1.4901161e-08,0.0,True
1992-07-13,2.66,26.5,17.87143,21.528574,14.1285715,72.62858,3.142857,1.4285715,3.457143,5.6,20.685715,0.00012895465,0.0028708577,-7.345365000000001e-25,1.4901161e-08,0.0,True
1992-07-20,2.65,7.7999997,18.085714,21.985716,14.657143,73.14286,3.3142858,2.3285713,3.6857142,5.957143,19.942858,0.0002264604,0.0025816932,-7.345365000000001e-25,1.8626451e-08,0.0,True
1992-07-27,2.63,11.7,19.071428,24.4,15.085715,73.12858,3.5571427,2.0571427,3.9857142,5.4714284,22.057142,0.0008347109,0.0023269653,-7.345365000000001e-25,2.2351742e-08,0.0,True
1992-08-03,2.61,3.5,18.571428,23.057144,13.528571,70.22858,3.3714287,1.8571427,3.8857143,5.2714286,20.671429,0.00022090971,0.002134733,-7.345365000000001e-25,2.2351742e-08,0.0,True
1992-08-10,2.59,11.400001,19.7,25.657145,14.514287,67.42857,3.5571427,1.1571428,4.4428573,4.9428573,21.028572,5.802512e-05,0.0019757077,-7.345365000000001e-25,2.2351742e-08,0.0,True
1992-08-17,2.58,15.0,15.885715,19.485716,13.257143,75.700005,2.6285713,2.1571429,2.9714284,5.757143,17.6,0.00035075843,0.0018420964,-7.345365000000001e-25,2.2351742e-08,0.0,True
1992-08-24,2.57,9.0,16.857143,20.457144,13.185715,74.97143,2.3142855,1.9285716,2.8999999,5.9142857,17.985714,0.00021719933,0.0017349869,-7.345365000000001e-25,2.2351742e-08,0.0,True
1992-08-31,2.57,30.2,16.7,20.328571,14.1,81.614296,1.8428572,1.7428572,2.4714284,6.542857,17.028572,0.0014888793,0.0016570613,-7.345365000000001e-25,2.0489097e-08,0.0,True
1992-09-07,2.61,43.399998,13.185715,16.714285,10.67143,79.21429,1.8571428,1.8285714,2.1,8.271428,13.5,0.0014352947,0.0016261414,-7.345365000000001e-25,1.8626451e-08,0.0,True
1992-09-14,2.59,5.8,14.042857,18.385714,10.400001,74.22858,1.8000001,1.6428572,2.4428573,8.328571,14.857142,9.511411e-05,0.0016532615,-7.345365000000001e-25,1.4901161e-08,0.0,True
1992-09-21,2.57,0.3,14.2,17.97143,10.585714,74.94286,1.4571428,1.2428572,2.1285715,8.142858,14.9,5.3085387e-05,0.0016685873,-7.345365000000001e-25,1.4901161e-08,0.0,True
1992-09-28,2.55,0.0,15.228572,20.042858,11.385715,78.12858,1.2714285,1.0142857,2.0,7.8428574,15.5,7.912517e-06,0.0016640276,-7.345365000000001e-25,1.8626451e-08,0.0,True
1992-10-05,2.54,6.3999996,11.914286,15.057143,9.471429,80.68572,0.95714295,0.7571429,1.5142857,7.4857144,12.757143,0.00013577938,0.0016463548,-7.345365000000001e-25,9.313226e-09,0.0,True
1992-10-12,2.53,17.0,9.442857,12.357142,6.8,82.1,0.85714287,0.8,1.2142857,8.142858,9.728572,0.00014915317,0.0016310439,-7.345365000000001e-25,9.313226e-09,0.0,True
1992-10-19,2.53,10.6,6.2285714,9.457143,2.6571429,79.88572,0.7714285,0.7285714,0.9285714,8.728572,5.9714284,0.00045138597,0.0016185641,-7.345365000000001e-25,5.5879354e-09,0.0,True
1992-10-26,2.53,26.7,5.6,8.2,3.0714285,87.98572,0.5,0.5,0.61428577,9.5,5.285714,0.0004222095,0.0016359016,-7.345365000000001e-25,5.5879354e-09,0.0,True
1992-11-02,2.54,15.6,5.0142856,7.5,2.1285715,87.35714,0.4857143,0.4857143,0.4857143,10.3,4.3285713,0.0011894703,0.0017220676,3.292447e-06,1.9580126e-05,1.894869e-05,True
1992-11-09,2.54,8.9,7.9428573,10.485715,5.4428573,88.02857,0.54285717,0.54285717,0.61428577,10.457143,7.0571427,0.0002658218,0.001929678,-7.345365000000001e-25,1.0244548e-07,0.0,True
1992-11-16,2.64,63.100002,5.2428575,7.428571,2.7428572,88.44286,0.67142856,0.67142856,0.5714286,11.257143,4.4,0.004522413,0.0027661324,0.00019284089,0.0012944173,0.0019095428,True
1992-11-23,2.68,40.6,5.557143,7.5,3.5142858,85.17143,0.7857142,0.7857142,0.64285713,11.3,4.4857144,0.0032681376,0.004272647,9.1541384e-05,0.00069627725,2.0116568e-06,True
1992-11-30,2.7,23.7,6.7000003,9.028571,3.9285715,86.74286,0.7,0.7,0.47142857,11.142858,5.4142857,0.006488651,0.008409843,-7.345365000000001e-25,3.6507845e-07,0.0,True
1992-12-07,2.7,9.1,5.214286,7.428571,3.4285715,84.6,0.6,0.6,0.61428577,10.514286,4.3428574,0.0006186515,0.008503467,4.7604244e-05,0.00018479303,0.0006853789,True
1992-12-14,2.73,28.699999,4.3142858,5.214286,2.4285715,89.6,0.35714287,0.35714287,0.42857143,10.857142,3.2857144,0.00094750524,0.009417303,0.00013496762,0.00051020645,0.0,True
1992-12-21,2.71,3.7,4.8,6.8428574,2.9857144,86.314285,0.22857143,0.22857143,0.4,10.514286,3.642857,0.00010614097,0.010461114,3.973643e-08,7.6182187e-07,0.0,True
1992-12-28,2.67,1.0,-0.35714287,0.90000004,-1.1999999,93.114296,0.042857144,0.042857144,0.15714286,10.314285,0.32857144,4.656613e-05,0.010589533,0.0005308957,0.00025651604,0.0008548051,True
1993-01-04,2.65,0.0,-4.4857144,-2.2428572,-6.5142856,83.08572,0.06666667,0.06666667,0.17142858,10.233334,-1.0666667,2.540648e-06,0.010252722,0.0006641774,5.3457916e-06,0.00012854114,True
1993-01-11,2.7,33.7,4.571429,7.371429,0.85714287,90.38572,0.55714285,0.55714285,0.45714286,10.885715,1.1,0.004044555,0.010048628,0.00018436,0.0006592814,3.758818e-06,True
1993-01-18,2.69,2.4,6.9571433,10.3714285,4.3428574,79.35714,0.88571423,0.88571423,1.2,10.6285715,4.3428574,0.00037214905,0.01133278,3.2129742e-06,1.761131e-05,1.7616898e-05,True
1993-01-25,2.71,19.1,6.5,8.657143,3.7142856,80.02857,1.2857144,1.2857144,1.2285715,10.5,5.142857,0.0008280724,0.012186512,5.5165518e-05,0.00016021915,0.00072734803,True
1993-02-01,2.73,17.8,-0.11428573,2.2285714,-2.3714287,85.4,0.24285717,0.24285717,0.3285714,10.842857,0.5857143,0.0027956665,0.015874542,0.0022745815,0.0010958575,0.0036705062,True
1993-02-08,2.72,4.9,3.0714285,4.1857142,1.1571429,97.14286,0.18571429,0.18571429,0.27142859,10.3,1.5,0.00018786639,0.016153403,0.0008683034,0.0029923841,7.1302056e-05,True
1993-02-15,2.71,0.70000005,0.54285717,1.9142858,-0.12857144,96.92857,0.071428575,0.071428575,0.25714287,10.228572,1.3428571,2.6270747e-05,0.014816314,0.00011192049,8.540228e-05,0.0004408136,True
1993-02-22,2.73,17.9,3.2857144,5.4,0.7285715,81.457146,0.8142857,0.8142857,0.8142857,10.485714,2.6285715,0.0006017238,0.013195448,0.0002589623,0.00060906634,0.000851918,True
1993-03-01,2.71,3.8999999,-0.18571427,2.2285714,-2.8714287,79.24286,0.4857143,0.4857143,0.64285713,10.257143,0.08571429,7.2196126e-05,0.011985369,0.0012424787,0.0008052308,0.0032583065,True
1993-03-08,2.7,2.4,1.6571429,4.3428574,-0.64285713,82.64286,0.62857145,0.61428577,0.78571427,10.071428,1.6285714,0.00010045618,0.0109329745,0.0016720692,0.0024925284,0.00029748678,True
1993-03-15,2.69,0.4,5.4428573,10.742857,0.71428573,78.51429,0.9428572,0.8000001,1.0428572,9.728572,4.6571426,6.735325e-06,0.009906106,7.968857e-05,0.00023006648,1.66893e-06,True
1993-03-22,2.68,9.2,7.4428573,10.728572,4.9428573,83.17143,1.0857142,0.98571426,1.2571429,9.457143,6.7285714,9.032339e-05,0.008945677,1.0217939e-07,1.5832484e-06,0.0,True
1993-03-29,2.67,3.0,3.2428572,6.6857147,0.5285715,73.08572,1.5,1.3142856,1.5,9.2,4.9142857,9.264052e-05,0.008059852,1.4685449e-05,2.3145229e-05,7.817522e-05,True
1993-04-05,2.67,2.9,6.871429,11.528572,2.5285716,73.1,1.4285715,1.2285713,1.7571429,8.742857,7.042857,0.000112622976,0.0072713047,1.227288e-05,5.186349e-05,3.1664968e-07,True
1993-04-12,2.66,8.6,5.6142855,8.457143,2.857143,73.87142,1.4285715,1.2142857,1.6142857,9.057143,6.4142857,0.00015690923,0.006608501,2.4222192e-05,9.827502e-05,0.00013474375,True
1993-04-19,2.66,11.8,7.7714286,11.557143,3.9857144,78.27143,1.5857143,1.3714286,1.8571428,8.671429,8.714286,0.00040844828,0.0060542375,3.661428e-06,2.69413e-05,0.0,True
1993-04-26,2.66,6.0,14.657144,21.128572,9.185715,70.74286,3.0571427,2.5714285,3.2857144,8.3714285,14.8,0.00018095225,0.005603753,-7.345365000000001e-25,1.1175871e-08,0.0,True
1993-05-03,2.63,0.0,15.614286,21.357143,10.642858,67.11429,3.6142857,2.5714285,4.0,7.1285715,17.414286,5.351752e-05,0.0051455274,-7.345365000000001e-25,1.8626451e-08,0.0,True
1993-05-10,2.62,0.1,12.142858,16.557142,7.1714287,69.22857,3.0714285,1.4285715,3.3,6.285714,14.5,2.0116568e-05,0.0047117397,-7.345365000000001e-25,1.1175871e-08,0.0,True
1993-05-17,2.6,2.2,14.6285715,20.442858,9.371429,69.4,3.357143,1.1857141,3.7714286,5.9,16.72857,8.5532665e-05,0.004271455,-7.345365000000001e-25,1.4901161e-08,0.0,True
1993-05-24,2.59,9.3,16.342857,20.614286,12.3714285,74.6,2.9142857,1.3142856,3.3,5.957143,17.671429,0.00019944459,0.0038540587,-7.345365000000001e-25,1.1175871e-08,0.0,True
1993-05-31,2.57,25.0,13.17143,16.928572,9.771429,79.8,2.5285716,1.9,2.6000001,6.4428573,15.257143,0.0005609691,0.0035324916,-7.345365000000001e-25,2.2351742e-08,0.0,True
1993-06-07,2.56,2.7,15.514287,19.957144,10.8,72.9,3.1285717,2.2428572,3.357143,6.5,18.72857,0.00011770427,0.003277786,-7.345365000000001e-25,1.1175871e-08,0.0,True
1993-06-14,2.56,30.1,16.885715,21.057144,13.0,72.828575,3.4285717,1.7857143,3.6714287,5.8285713,20.185715,0.0003579855,0.0030373856,-7.345365000000001e-25,1.1175871e-08,0.0,True
1993-06-21,2.56,27.1,13.928572,16.242857,11.242858,79.04286,2.5857143,1.8285714,2.7,6.071429,15.971429,0.00037369132,0.0028642341,-7.345365000000001e-25,1.8626451e-08,0.0,True
1993-06-28,2.54,8.8,12.757143,15.528571,9.857142,77.28571,2.7571428,2.2142856,2.9428573,5.885714,15.314285,0.00017978251,0.0027372837,-7.345365000000001e-25,7.450581e-09,0.0,True
1993-07-05,2.52,0.0,16.2,20.285715,11.957144,77.22857,3.2428572,1.6,3.4285715,5.2285714,20.171429,9.849668e-06,0.002605863,-7.345365000000001e-25,1.8626451e-08,0.0,True
1993-07-12,2.51,11.7,14.485715,17.9,10.985715,75.02857,2.9428573,1.5714285,3.2428572,4.9857144,16.642857,0.00016245246,0.0024772882,-7.345365000000001e-25,1.8626451e-08,0.0,True
1993-07-19,2.5,25.7,15.542857,18.514286,12.342857,82.90001,2.3142855,1.6285714,2.5,5.2,17.5,0.00019603968,0.0023550019,-7.345365000000001e-25,1.4901161e-08,0.0,True
1993-07-26,2.54,63.2,14.928572,17.814287,12.857142,84.88572,2.5714285,2.4714284,2.5,7.114286,16.442858,0.004704833,0.0026320294,-7.345365000000001e-25,2.2351742e-08,0.0,True
1993-08-02,2.58,29.6,16.257143,19.742859,12.642858,85.37144,2.3142855,2.3,2.5,9.885715,17.514286,0.0033695847,0.0023353621,-7.345365000000001e-25,2.2351742e-08,0.0,True
1993-08-09,2.57,28.400002,15.914286,19.614286,12.885715,84.17143,2.085714,2.042857,2.357143,9.985714,17.257143,0.0027831718,0.0027592853,-7.345365000000001e-25,2.2351742e-08,0.0,True
1993-08-16,2.58,25.2,15.957144,19.685715,12.3,79.542854,2.3999999,2.3285713,2.6000001,10.257143,16.87143,0.0014891177,0.0032838061,-7.345365000000001e-25,2.2351742e-08,0.0,True
1993-08-23,2.58,25.1,14.071428,17.085714,11.157144,81.07143,1.942857,1.7285713,2.4285715,9.771428,16.485714,0.00031036139,0.0038779005,-7.345365000000001e-25,1.3038516e-08,0.0,True
1993-08-30,2.6,16.8,13.271429,16.27143,10.271429,80.828575,1.8714284,1.7714285,2.3428571,9.985714,14.9,0.00049452484,0.004220657,-7.345365000000001e-25,1.4901161e-08,0.0,True
1993-09-06,2.61,21.2,13.057143,15.528572,10.714286,82.78571,1.5571429,1.4857142,1.9428571,9.8714285,13.914286,0.0002535805,0.0045071915,-7.345365000000001e-25,2.0489097e-08,0.0,True
1993-09-13,2.64,54.3,13.3714285,17.257143,10.342857,86.52857,1.2285715,1.1857144,1.5714285,10.557143,14.585714,0.0032560974,0.004662961,-7.345365000000001e-25,9.313226e-09,0.0,True
1993-09-20,2.67,13.7,11.228572,14.857142,7.7000003,82.74286,1.2142857,1.1857144,1.5142858,10.728572,12.042857,0.0020073205,0.005197279,-7.345365000000001e-25,5.5879354e-09,0.0,True
1993-09-27,2.78,73.7,12.371429,14.257143,11.028572,91.54286,0.7285714,0.7428571,0.9857143,11.157143,12.714286,0.011776775,0.010209307,-7.345365000000001e-25,1.6763806e-08,0.0,True
1993-10-04,2.77,17.7,10.900001,13.871429,8.257143,85.75714,0.9142857,0.8571428,1.3000001,10.585714,11.442857,0.0012081936,0.009064257,-7.345365000000001e-25,1.6763806e-08,0.0,True
1993-10-11,2.81,30.7,12.114286,15.242858,9.285714,89.47143,0.7857143,0.7857143,0.9857143,10.9,11.685715,0.0044158027,0.011784032,-7.345365000000001e-25,1.6763806e-08,0.0,True
1993-10-18,2.86,40.5,7.857143,12.157144,4.857143,81.542854,0.85714287,0.87142855,1.0142857,11.142858,7.957143,0.0049824268,0.015710086,-7.345365000000001e-25,7.450581e-09,0.0,True
1993-10-25,2.84,4.4,5.642857,8.3,2.6000001,83.38572,0.4857143,0.4714286,0.67142856,10.285714,5.2285714,0.00017667562,0.016786888,-7.345365000000001e-25,3.7252903e-09,0.0,True
1993-11-01,2.83,0.0,5.542857,7.914286,3.7428572,87.5,0.27142856,0.25714287,0.4857143,10.057143,5.5571427,1.3619661e-05,0.015409827,-7.345365000000001e-25,3.7252903e-09,0.0,True
1993-11-08,2.81,0.1,4.7714286,6.4,2.8857143,90.71429,0.22857141,0.21428572,0.45714286,9.957143,4.571429,4.7259033e-05,0.01347018,-7.345365000000001e-25,1.8626451e-09,0.0,True
1993-11-15,2.81,19.0,6.071429,8.185715,4.457143,85.35714,0.55714285,0.55714285,0.64285713,10.414286,5.1285715,0.0010916442,0.011699736,-7.345365000000001e-25,9.313226e-09,0.0,True
1993-11-22,2.81,1.6,-1.6285714,1.1142857,-3.6142857,80.542854,0.15714286,0.15714286,0.21428572,10.442857,6.344132000000001e-17,4.991889e-06,0.010657623,0.00029373736,1.4778227e-05,0.0010788403,True
1993-11-29,2.79,0.0,-2.2,-0.071428575,-4.7571425,86.17143,0.028571429,0.028571429,0.18571427,10.285714,-1.2714286,5.4836273e-06,0.009918474,0.0015975067,0.00018493272,0.00092371553,True
1993-12-06,2.8,7.6,3.2428572,4.8857145,0.6285715,91.15715,0.27142859,0.27142859,0.3857143,10.3,1.3857143,0.00017856061,0.009166159,0.00063058874,0.0016466249,2.6017427e-05,True
1993-12-13,2.92,67.0,3.857143,5.857143,2.5285716,91.042854,0.61428577,0.61428577,0.4857143,11.357142,3.1285715,0.0061690807,0.0095914155,0.00083071843,0.0018001385,0.01196358,True
1993-12-20,2.99,20.4,4.071429,6.2714286,1.5142858,87.98572,0.62857145,0.62857145,0.5285714,11.3,3.0142858,0.0038296804,0.011597991,0.0051582824,0.012643365,0.0025471374,True
1993-12-27,2.98,14.8,1.9142858,2.9285715,0.7,92.24286,0.2714286,0.2714286,0.27142859,10.928572,1.1,0.0005925745,0.016554222,0.002124565,0.003265392,0.007095348,True
1994-01-03,3.01,26.599998,2.7428572,4.042857,1.2,94.12858,0.25,0.25,0.25714287,11.1,1.975,0.0035858527,0.019288585,0.002097885,0.0056025796,0.003913574,True
1994-01-10,3.01,5.7,4.328572,5.7428575,2.5142858,90.185715,0.34285712,0.34285712,0.40000004,10.671429,2.857143,0.001477994,0.021438085,0.00034538336,0.0024909973,4.0788203e-05,True
1994-01-17,3.0,16.2,4.057143,6.157143,2.2857144,86.64286,0.51428574,0.51428574,0.5285714,10.557143,3.3142858,0.004089117,0.021751806,2.8570494e-05,1.052767e-05,0.0006989129,True
1994-01-24,3.04,18.8,4.0142856,5.3428574,2.2285714,89.314285,0.5857143,0.5857143,0.5,10.5,2.8428571,0.001792945,0.019869633,0.0001726264,0.00071581267,4.258007e-06,True
1994-01-31,3.1,31.5,4.8,6.857143,2.2428572,85.74286,1.0857143,1.0857143,0.7428571,11.171429,3.642857,0.0051523,0.020671003,3.713653e-05,0.00025977567,0.00028517097,True
1994-02-07,3.07,5.2000003,2.1714287,3.5142858,0.8428572,84.88572,0.5142857,0.5142857,0.5285714,10.342857,1.8285714,0.00010617077,0.0205198,0.00085333985,0.0006518457,0.00199854,True
1994-02-14,3.05,5.7000003,-6.81196e-08,2.357143,-2.1285713,76.12858,0.2857143,0.27142856,0.62857145,10.3,0.82857144,0.00018990785,0.017998539,0.00063431833,0.0010292307,0.0005077943,True
1994-02-21,3.02,1.9,-3.6857145,-0.08571427,-7.1857147,69.5,0.22857141,0.21428572,0.7,10.171429,-1.9857143,2.2351742e-07,0.015355356,0.0009326367,1.899898e-07,0.0031403638,True
1994-02-28,3.01,21.699999,-0.057142906,2.642857,-4.1428576,88.98572,0.18571427,0.18571427,0.37142855,10.271428,-0.32857144,0.00032704324,0.013102576,0.0027178866,0.0031268783,0.0003132373,True
1994-03-07,3.08,13.599999,4.6571426,7.285714,2.0285716,85.114296,0.8428572,0.8428572,0.85714287,10.757143,2.7,0.0007891655,0.011596441,0.0014419897,0.0047827587,0.0040186048,True
1994-03-14,3.1,24.7,6.285714,9.185715,3.4857142,84.94286,1.1714286,1.1714286,0.95714283,10.385715,5.7285714,0.0004060492,0.010923848,1.1807397e-06,1.7018989e-05,0.0,True
1994-03-21,3.16,24.9,3.4428573,5.971429,1.2428571,83.15715,1.2285713,1.2285713,0.95714283,10.828571,3.9285715,0.0011647269,0.010587059,0.0015809195,0.0049822666,0.007049497,True
1994-03-28,3.19,32.8,6.228572,8.814286,3.1857145,79.71429,1.3571428,1.3571428,1.3142856,10.785714,5.7,0.003513597,0.013234101,0.00030686174,0.0020238962,0.0,True
1994-04-04,3.19,19.3,7.6285715,11.2,4.457143,79.71429,1.7285715,1.7285715,1.5857142,10.428572,7.6285715,0.0018091798,0.014981933,5.0658273e-05,0.00037093647,0.00078126043,True
1994-04-11,3.17,11.2,5.6714287,9.342857,2.2857144,79.057144,1.5142857,1.5142857,1.5857143,10.514286,6.9,0.00041805208,0.016192526,8.2538245e-05,0.00043119676,8.612871e-06,True
1994-04-18,3.16,6.5,6.914286,9.914286,4.3428574,78.18572,1.6000001,1.4428571,1.7571429,9.942857,8.114285,0.00010627508,0.015692227,4.5413064e-08,6.444752e-07,0.0,True
1994-04-25,3.14,2.1,11.328572,15.957144,6.457143,70.74286,2.4285715,2.0,2.6571429,9.228572,12.228572,7.389486e-05,0.013801351,-7.345365000000001e-25,7.450581e-09,0.0,True
1994-05-02,3.11,0.9,11.642858,15.657144,8.428572,77.8,2.057143,1.5857143,2.142857,8.457143,13.757143,2.8058887e-05,0.011565112,-7.345365000000001e-25,3.7252903e-09,0.0,True
1994-05-09,3.11,15.8,11.642858,15.400001,7.928572,78.65714,2.3714287,1.9714286,2.142857,8.2,13.042857,0.0003938228,0.009738378,-7.345365000000001e-25,0.0,0.0,True
1994-05-16,3.1,18.400002,14.157144,19.057144,9.357142,72.442856,3.2285712,2.3999999,3.3999999,7.571429,16.028572,0.00018520653,0.008347526,-7.345365000000001e-25,1.1175871e-08,0.0,True
1994-05-23,3.12,23.1,12.6,16.357143,9.6,82.25714,2.1571426,1.857143,2.357143,7.7285714,15.042857,0.0011330992,0.0073030815,-7.345365000000001e-25,1.1175871e-08,0.0,True
1994-05-30,3.09,3.1999998,11.271429,14.342857,8.1285715,76.37144,2.357143,1.8857142,2.8428571,7.5571427,14.742857,7.1406364e-05,0.006598972,-7.345365000000001e-25,3.7252903e-09,0.0,True
1994-06-06,3.09,28.7,13.457144,17.414286,9.6,76.67143,2.742857,2.3857143,2.8714287,7.3285713,14.885715,0.00033937395,0.0060317367,-7.345365000000001e-25,1.1175871e-08,0.0,True
1994-06-13,3.1,19.2,12.842857,15.67143,10.285714,80.71429,2.4714284,2.142857,2.5714285,7.6285715,15.3,0.00035642087,0.00555259,-7.345365000000001e-25,1.1175871e-08,0.0,True
1994-06-20,3.08,7.9,13.342857,16.242857,9.928572,74.74286,2.7285714,2.085714,2.8714287,7.0571427,15.528571,9.2417e-05,0.00516364,-7.345365000000001e-25,7.450581e-09,0.0,True
1994-06-27,3.06,18.4,16.842857,21.228573,12.485715,72.04286,3.8,2.8714287,3.7714288,6.6571426,19.185715,0.00014273077,0.0047867,-7.345365000000001e-25,1.8626451e-08,0.0,True
1994-07-04,3.04,23.3,20.0,25.428572,13.928572,69.3,4.3285713,2.457143,4.5,5.957143,23.028572,0.0046370253,0.0043610185,-7.345365000000001e-25,2.2351742e-08,0.0,True
1994-07-11,3.06,30.5,18.214285,21.571428,14.057143,77.41429,3.1000001,2.4142857,3.3428571,6.9714284,21.257143,0.0007430464,0.0039894357,-7.345365000000001e-25,1.4901161e-08,0.0,True
1994-07-18,3.03,0.0,20.785715,25.057144,16.5,64.62858,4.328572,2.757143,4.785714,5.9,24.357143,1.5676022e-05,0.0036755651,-7.345365000000001e-25,1.8626451e-08,0.0,True
1994-07-25,2.99,0.0,22.857143,28.657145,16.385715,56.92857,5.0142856,1.3142856,5.7285714,5.0142856,25.342857,6.2584877e-07,0.0033476874,-7.345365000000001e-25,1.8626451e-08,0.0,True
1994-08-01,2.94,1.7,23.84286,29.17143,18.87143,71.1,3.9,1.0285714,4.457143,4.8285713,25.9,5.6803226e-05,0.0030139834,-7.345365000000001e-25,1.4901161e-08,0.0,True
1994-08-08,2.92,0.0,21.300001,26.357143,17.300001,65.3,4.0857143,0.6571428,4.6285715,4.714286,25.028572,1.2010336e-05,0.0027120411,-7.345365000000001e-25,2.6077032e-08,0.0,True
1994-08-15,2.91,23.0,16.928572,20.642857,14.028572,74.21429,2.857143,1.7714287,3.1857142,5.4,18.971428,0.00038281083,0.002461806,-7.345365000000001e-25,2.2351742e-08,0.0,True
1994-08-22,2.89,11.2,15.714286,19.528574,11.785714,76.65715,2.2571428,1.8571427,2.6285713,6.4,17.414286,0.00021289289,0.0022728741,-7.345365000000001e-25,1.8626451e-08,0.0,True
1994-08-29,2.88,15.2,16.085714,20.057144,12.8714285,80.21429,2.1857145,1.9571427,2.542857,6.7,17.6,0.0002925545,0.0021175817,-7.345365000000001e-25,1.8626451e-08,0.0,True
1994-09-05,2.89,50.100002,14.971429,18.171429,12.157143,84.92857,1.7571428,1.6,1.8000001,7.3714285,16.171429,0.00094404817,0.002001807,-7.345365000000001e-25,2.2351742e-08,0.0,True
1994-09-12,2.91,24.3,13.757143,17.285715,10.957144,80.75714,1.6999999,1.6714286,1.8857143,8.8,14.157143,0.0014124215,0.001925461,-7.345365000000001e-25,1.8626451e-08,0.0,True
1994-09-19,2.99,76.799995,12.771429,15.385715,10.642858,86.814285,1.3571428,1.3428571,1.4,10.8,12.985714,0.005378306,0.0019496009,-7.345365000000001e-25,1.8626451e-08,0.0,True
1994-09-26,2.95,0.3,13.085715,17.071428,9.742858,84.22858,1.1428572,1.0428573,1.4857142,10.1,14.1,3.2491982e-05,0.0021964014,-7.345365000000001e-25,9.313226e-09,0.0,True
1994-10-03,2.94,13.3,11.914286,14.542857,9.5,78.07143,1.0857142,1.0000001,1.7142857,9.714286,12.3714285,0.00022257864,0.002365522,-7.345365000000001e-25,1.1175871e-08,0.0,True
1994-10-10,2.94,23.699999,7.3428574,10.814286,4.3142858,82.057144,0.77142864,0.75714296,1.0285715,10.2,7.785714,0.00063711405,0.0025009364,-7.345365000000001e-25,1.8626451e-09,0.0,True
1994-10-17,2.92,0.4,8.3714285,12.342857,4.857143,82.42857,0.6,0.54285717,0.8142857,9.942857,9.028571,6.2286854e-06,0.0026917383,-7.345365000000001e-25,5.5879354e-09,0.0,True
1994-10-24,2.92,7.1,7.9428573,11.457144,4.457143,72.02857,0.94285715,0.8571428,1.4285715,9.714286,7.3285713,0.00022552162,0.002787143,-7.345365000000001e-25,3.7252903e-09,0.0,True
1994-10-31,2.95,41.0,9.2,11.371429,6.942857,88.71429,0.7714286,0.7714286,0.82857144,10.442857,8.5,0.003495574,0.0031470358,-7.345365000000001e-25,1.6763806e-08,0.0,True
1994-11-07,2.94,3.8999999,8.614286,11.771429,5.914286,83.24286,0.61428565,0.61428565,0.81428576,10.728572,7.428571,0.00010085106,0.003143318,-7.345365000000001e-25,5.5879354e-09,0.0,True
1994-11-14,2.92,15.2,6.5285716,8.571428,3.7428572,85.87142,0.47142857,0.47142857,0.6571428,10.3,6.1571426,0.0012538806,0.003503859,-7.345365000000001e-25,1.1175871e-08,7.450581e-09,True
1994-11-21,2.99,30.0,8.071428,10.757143,5.7000003,88.8,0.67142856,0.67142856,0.64285713,11.114285,7.071429,0.001169458,0.0040686727,-7.345365000000001e-25,9.313226e-09,0.0,True
1994-11-28,2.97,7.2,8.071428,9.857142,5.971429,93.22857,0.2857143,0.2857143,0.35714287,10.485714,7.114286,0.00013989955,0.005199291,-7.345365000000001e-25,7.450581e-09,0.0,True
1994-12-05,2.95,5.8,5.642857,7.8857145,3.0285716,89.84286,0.24285714,0.25714284,0.35714287,10.285714,4.3,0.00013478845,0.0058215857,-7.345365000000001e-25,5.5879354e-09,0.0,True
1994-12-12,2.99,29.1,7.928571,9.742858,5.428571,88.185715,0.7142858,0.7142858,0.7714286,10.9,6.214286,0.001351282,0.0061167777,-7.345365000000001e-25,9.313226e-09,0.0,True
1994-12-19,2.97,8.0,3.8857143,5.957143,1.7428572,86.971436,0.31428576,0.31428576,0.42857143,10.671429,2.8142858,0.00020235777,0.0069128424,2.2138867e-07,1.3560057e-06,1.3634562e-06,True
1994-12-26,2.95,13.9,-0.20000003,1.4714286,-1.5142858,94.314285,0.10000001,0.10000001,0.15714286,10.328571,0.6571429,0.00010854006,0.007527977,9.657656e-05,0.00014416501,0.000586424,True
1995-01-02,3.04,33.3,5.285714,7.7714286,3.2857144,86.314285,0.86,0.86,0.6857143,11.48,4.56,0.0045602918,0.008867376,0.00081653823,0.0020212382,0.0044476055,True
1995-01-09,2.99,23.5,-3.7,-1.8000001,-6.014286,89.814285,0.057142857,0.057142857,0.114285715,10.7,-1.3857143,0.0022424906,0.011850916,0.0027213437,0.0015902892,7.086992e-05,True
1995-01-16,3.05,10.599999,2.9857144,4.7714286,0.9571429,87.37142,0.5142857,0.5142857,0.4,10.7,0.51428574,0.0004363954,0.012552217,0.0006251278,0.0014275145,3.984943e-05,True
1995-01-23,3.12,40.6,4.2714286,6.3428574,2.357143,80.97143,0.8428572,0.8428572,0.7571429,10.728572,2.2857144,0.006277047,0.0139623955,0.00016986756,0.0007857233,0.0014215186,True
1995-01-30,3.21,49.600002,4.328572,6.8857145,1.8571428,88.14286,0.6857143,0.6857143,0.5714286,11.542857,3.2428572,0.018787682,0.01869993,0.002162275,0.012248902,0.011899389,True
1995-02-06,3.19,17.4,5.228572,7.071429,2.642857,87.91429,0.5857143,0.5857143,0.64285713,10.842857,3.7857144,0.0031096786,0.028218664,0.00034526983,0.0020536166,0.0013718866,True
1995-02-13,3.19,15.099999,4.3714285,6.8142858,2.0,82.71429,0.7857143,0.8000001,0.85714287,10.585714,3.4,0.0006672442,0.02392231,0.00045560655,0.0023006313,0.002275478,True
1995-02-20,3.25,36.300003,6.2000003,8.657143,4.5,83.828575,1.3,1.3,1.0,10.857142,5.385714,0.003078252,0.019869193,2.5828679e-06,3.1992793e-05,0.0,True
1995-02-27,3.21,11.4,3.757143,6.1857142,1.9142858,85.38572,0.7714285,0.75714284,0.87142855,10.485714,3.4142857,0.0002840981,0.018985987,1.5326908e-07,3.5390258e-07,6.2584877e-07,True
1995-03-06,3.25,19.0,4.357143,6.6857142,1.8285714,82.84286,1.1571428,1.1428572,1.1,10.3714285,3.8285713,0.00055353343,0.017241955,0.0012311992,0.00399331,0.0071541183,True
1995-03-13,3.22,0.4,4.428571,8.900001,0.8714286,73.8,1.3428572,1.2571428,1.4571428,10.1,4.2714286,0.000117480755,0.015550099,0.0011824484,0.0032195188,0.0003122352,True
1995-03-20,3.27,28.400002,3.2285714,6.228572,0.4857143,80.457146,1.3142856,1.3000001,1.2428571,10.185715,3.6,0.0010135919,0.0139537975,0.00082984427,0.0030346457,0.0030399486,True
1995-03-27,3.29,16.6,5.2571435,8.271429,2.2142856,77.37144,1.5142858,1.4857143,1.5428572,10.257143,5.1571426,0.0011430383,0.012857765,0.00047819954,0.0006421078,0.0044095963,True
1995-04-03,3.3,20.2,5.3142858,7.8714285,2.857143,84.08572,1.2142857,1.1999999,1.3571428,10.528571,5.1571426,0.001086697,0.012246154,0.004405788,0.011800516,0.008806247,True
1995-04-10,3.28,7.5,6.5285716,8.842857,4.285714,77.328575,1.5285714,1.4857142,1.6999999,9.957143,7.1857142,0.00036227703,0.012235187,6.755193e-07,5.9958547e-06,0.0,True
1995-04-17,3.29,14.4,6.5285716,9.1,4.585714,85.057144,1.4,1.2571429,1.5142858,9.685715,8.542857,0.00019688904,0.01176995,-7.345365000000001e-25,0.0,0.0,True
1995-04-24,3.28,9.5,9.314286,14.1,5.1857147,75.22858,2.4857142,2.2857141,2.4857142,9.971429,10.542857,0.0002901405,0.01105354,-7.345365000000001e-25,7.450581e-09,0.0,True
1995-05-01,3.24,0.2,9.900001,14.428572,5.728572,69.87143,2.4285715,1.8857144,2.8714287,8.928572,12.9,5.9455633e-06,0.010097779,-7.345365000000001e-25,3.7252903e-09,0.0,True
1995-05-08,3.23,1.4,13.214286,17.928572,8.314286,67.78571,3.085714,2.3,3.2571428,7.8428574,16.357143,5.7131052e-05,0.008868642,-7.345365000000001e-25,0.0,0.0,True
1995-05-15,3.21,13.6,8.485715,11.457144,5.828572,73.58571,2.1857142,1.7142857,2.5142858,7.3142858,11.271428,0.00021673739,0.007708974,-7.345365000000001e-25,0.0,0.0,True
1995-05-22,3.2,13.599999,8.985715,12.242857,5.0,72.24286,2.3857143,1.8714286,2.5714285,7.3714285,12.028571,0.00018012524,0.0067613944,-7.345365000000001e-25,0.0,0.0,True
1995-05-29,3.2,18.2,15.6285715,20.285715,10.942857,76.67143,2.8857143,2.2714286,3.1285713,7.1857142,17.571428,0.0003277138,0.00596077,-7.345365000000001e-25,1.4901161e-08,0.0,True
1995-06-05,3.18,8.0,13.471429,16.314287,10.185715,81.557144,2.1857142,1.8428572,2.5142858,7.8142858,16.37143,9.609759e-05,0.005358234,-7.345365000000001e-25,3.7252903e-09,0.0,True
1995-06-12,3.18,23.1,11.771429,14.757143,9.457144,82.98572,2.1285715,1.9714285,2.4714284,8.514286,13.842857,0.0015309751,0.004901111,-7.345365000000001e-25,7.450581e-09,0.0,True
1995-06-19,3.21,36.9,12.871429,15.557143,10.385715,85.34286,2.2714286,2.1714284,2.3,9.142858,14.657143,0.00035093725,0.0046084374,-7.345365000000001e-25,2.6077032e-08,0.0,True
1995-06-26,3.18,1.2,16.385715,20.142857,12.257143,80.17143,3.2,2.5142858,3.457143,8.414286,18.9,4.9605966e-05,0.0043861493,-7.345365000000001e-25,1.8626451e-08,0.0,True
1995-07-03,3.14,0.1,17.37143,21.671429,13.357142,71.01429,3.842857,2.6142857,4.214286,7.071429,22.071428,4.401803e-05,0.0040951893,-7.345365000000001e-25,1.8626451e-08,0.0,True
1995-07-10,3.11,1.3,18.514286,23.028574,14.242858,72.78571,3.8,1.7285715,4.5,6.3428574,21.185715,2.463162e-05,0.00378751,-7.345365000000001e-25,1.8626451e-08,0.0,True
1995-07-17,3.12,55.4,19.714285,24.87143,15.728572,78.65715,3.542857,2.2571428,4.142857,6.4,22.957144,0.00044603646,0.0034453794,-7.345365000000001e-25,2.6077032e-08,0.0,True
1995-07-24,3.09,6.6,19.185715,23.17143,15.685715,74.64286,3.385714,2.614286,3.9428573,6.571429,21.914286,0.0033271387,0.0031802952,-7.345365000000001e-25,2.6077032e-08,0.0,True
1995-07-31,3.06,0.0,21.300001,25.928572,16.1,68.04286,4.1,1.9857142,4.7000003,5.9142857,23.671429,5.9619546e-05,0.0029357597,-7.345365000000001e-25,1.8626451e-08,0.0,True
1995-08-07,3.03,0.0,20.157145,24.314287,16.542858,71.75715,3.9285712,0.8285714,4.4,5.257143,23.928572,1.5646219e-06,0.0026930273,-7.345365000000001e-25,2.6077032e-08,0.0,True
1995-08-14,3.0,1.0,19.514286,24.728573,13.900001,66.28572,3.742857,0.5571428,4.2,5.042857,22.8,1.1175871e-05,0.0024687275,-7.345365000000001e-25,2.2351742e-08,0.0,True
1995-08-21,2.98,0.0,20.314285,24.685715,16.228573,77.08572,2.9857144,0.41428572,3.757143,4.857143,23.014286,1.104176e-05,0.0022688806,-7.345365000000001e-25,2.6077032e-08,0.0,True
1995-08-28,3.02,70.1,17.7,22.27143,14.657144,75.685715,2.7285714,1.7857143,3.1142857,5.7,19.7,0.0003453344,0.0020863637,-7.345365000000001e-25,2.2351742e-08,0.0,True
1995-09-04,3.0,36.9,14.6,17.842857,11.185715,74.65715,2.085714,1.6857144,2.6714287,6.4428573,15.914286,0.00049836934,0.0019460917,-7.345365000000001e-25,7.450581e-09,0.0,True
1995-09-11,3.0,9.3,16.000002,19.7,12.971429,79.47143,1.8714286,1.7714285,2.2428572,7.7714286,16.2,0.0009798408,0.0018400699,-7.345365000000001e-25,2.2351742e-08,0.0,True
1995-09-18,3.02,35.8,15.300001,19.414288,12.271429,81.84286,1.557143,1.4571428,1.8857143,9.214286,16.357143,0.0017988384,0.0017855987,-7.345365000000001e-25,1.3038516e-08,0.0,True
1995-09-25,3.0,9.5,13.814286,16.657145,11.057143,83.200005,1.1714286,1.0285715,1.6571429,8.928572,14.757143,5.4255128e-05,0.0017634183,-7.345365000000001e-25,1.3038516e-08,0.0,True
1995-10-02,3.07,60.7,9.942857,12.942858,7.328572,81.457146,1.3714286,1.3714286,1.5857143,10.271428,9.714286,0.004478216,0.0017926618,-7.345365000000001e-25,9.313226e-09,0.0,True
1995-10-09,3.04,7.1,15.642858,19.4,12.3,83.17143,1.0285714,1.0000001,1.4714286,10.114285,14.557143,0.00029309094,0.002055034,-7.345365000000001e-25,2.2351742e-08,0.0,True
1995-10-16,3.0,0.0,15.085715,17.828571,12.742858,87.614296,0.5714286,0.5142857,0.82857144,9.757143,15.228572,3.6887825e-05,0.002308309,-7.345365000000001e-25,5.5879354e-09,0.0,True
1995-10-23,2.99,11.3,10.771429,13.757143,7.828572,78.64286,0.7999999,0.7428571,1.1571429,9.6,10.471429,0.00023771822,0.0024597868,-7.345365000000001e-25,9.313226e-09,0.0,True
1995-10-30,2.97,2.9,10.785714,14.671428,7.4714284,83.314285,0.6428572,0.6,0.85714287,9.528571,9.585714,6.8455935e-05,0.0025578886,-7.345365000000001e-25,1.1175871e-08,0.0,True
1995-11-06,2.98,23.0,5.785714,8.814286,2.3857143,77.98572,0.67142856,0.6571428,0.82857144,10.071428,4.757143,0.00045230985,0.002646342,3.8601104e-07,1.1101365e-06,1.44355e-06,True
1995-11-13,2.97,5.7000003,7.3,9.328572,5.371429,90.74286,0.29999998,0.29999998,0.35714287,10.057143,6.5,0.00010283291,0.0028043538,-7.345365000000001e-25,2.5890768e-07,0.0,True
1995-11-20,3.04,43.2,4.7428575,7.4857144,2.3857143,82.38572,0.44285712,0.44285712,0.5142857,10.342857,3.8,0.00036923587,0.0029526502,5.2667798e-05,0.00020135939,0.00026247278,True
1995-11-27,3.0,0.2,5.0428576,7.328572,2.357143,83.18572,0.28571433,0.22857144,0.4,10.285714,3.0857143,6.0647726e-06,0.0031160936,1.9970394e-05,5.9582293e-05,0.0,True
1995-12-04,2.96,2.4,0.14285718,1.8285714,-1.4285715,88.17143,0.114285715,0.10000001,0.24285714,10.1285715,0.5714286,1.9192696e-05,0.0032616332,7.670834e-05,3.6451966e-06,0.0017177239,True
1995-12-11,2.94,1.0,-1.4428571,0.35714287,-3.857143,87.51429,0.028571429,0.028571429,0.27142859,10.1,-1.1142857,3.349781e-05,0.0033343956,0.0018726019,0.0013462845,0.00071522035,True
1995-12-18,2.93,0.0,-1.3714286,0.38571426,-2.8857143,89.40001,0.057142857,0.042857144,0.14285715,10.028571,-1.3714286,7.852912e-06,0.0033536851,0.00075060414,0.00017598644,0.00032444298,True
1995-12-25,2.94,27.3,-0.014285718,2.7571428,-2.7000003,89.02857,0.08571429,0.08571429,0.15714286,10.528571,-0.9,0.001730822,0.003358908,0.001184736,0.001965288,0.0046703294,True
1996-01-01,2.91,0.5,-6.1857142,-3.8428574,-8.642858,86.48572,0.0,0.0,0.071428575,10.4,-2.7333333,1.2516975e-06,0.0034969896,0.0064585833,0.0,0.003499534,True
1996-01-08,2.89,0.4,-2.7428572,-1.0571429,-5.142857,87.74286,0.028571429,0.028571429,0.15714286,10.3,-2.2,0.00010025501,0.0036361367,0.006110651,0.0029898137,0.000180047,True
1996-01-15,2.87,0.1,2.4714284,4.9428573,0.71428573,90.5,0.18571429,0.17142858,0.21428572,10.2,0.12857144,0.00020134449,0.0037220567,0.0011820907,0.0032995455,0.00030549616,True
1996-01-22,2.86,0.0,-2.142857,-0.5571429,-3.1857142,88.9,0.0,0.0,0.2857143,10.1,-1.3428571,1.41114e-05,0.0038334504,0.001010066,8.441694e-05,0.00094814226,True
1996-01-29,2.83,0.5,-5.642857,-3.4428573,-7.7999997,70.1,0.0,0.0,0.55714285,10.1,-4.642857,1.4901161e-07,0.0039025769,0.0022525787,0.0,0.0030233227,True
1996-02-05,2.81,2.2,-3.557143,-0.9428572,-6.6142855,86.3,0.0,0.0,0.24285714,10.142858,-2.8857143,7.301569e-07,0.0039119422,0.004388741,0.0,0.0027636513,True
1996-02-12,2.81,15.5,-5.142857,-2.9428573,-8.171429,79.57143,0.1,0.1,0.41428572,10.257143,-3.5,0.00023955107,0.0038934797,0.0054334514,0.0030795503,0.0041360967,True
1996-02-19,2.97,22.4,0.5714286,2.4285715,-1.1714287,90.67143,0.37142855,0.37142855,0.42857143,10.785714,0.071428575,0.0009481162,0.0038812682,0.0074108895,0.009046141,0.012626082,True
1996-02-26,2.86,3.3999999,-0.6,1.7428572,-3.1285713,78.85714,0.31428573,0.31428573,0.71428573,10.571428,0.15714286,0.00029593706,0.0040997416,0.009013267,0.007756347,0.0028096326,True
1996-03-04,2.84,0.6,0.17142858,2.9285715,-1.9714286,87.42857,0.4857143,0.45714286,0.55714285,10.1285715,0.5,4.184991e-05,0.0044148937,0.0020540613,0.0012339577,0.0010421686,True
1996-03-11,2.81,0.2,0.64285713,3.7000003,-1.3857144,75.28571,0.8,0.71428573,1.1428572,9.857142,0.6857143,4.132837e-05,0.0046736524,0.0014582304,0.0012371428,0.000298094,True
1996-03-18,2.79,0.1,0.057142872,2.3285716,-1.9142858,80.3,0.4857143,0.4,1.0142857,9.585714,0.35714287,1.1533499e-05,0.0047436655,0.0009345214,0.00050585344,0.000744123,True
1996-03-25,2.78,7.0,3.3142858,7.585715,0.3,83.77143,0.82857144,0.7,1.0428572,9.342857,2.9285715,0.00018943846,0.0047055334,0.00031731243,0.0010661408,9.967759e-05,True
1996-04-01,2.78,4.1,1.3142856,3.914286,-0.65714294,80.057144,1.0285714,0.8714286,1.2428571,9.157143,2.5428572,5.0887465e-05,0.0046301037,0.00041267986,0.00050775334,0.0016072467,True
1996-04-08,2.76,0.0,5.1714287,10.014287,0.34285712,75.314285,1.5285715,1.1857141,1.7285715,8.671429,5.7714286,3.670156e-05,0.0045194402,0.000377252,0.0010748003,0.00012993813,True
1996-04-15,2.75,7.6000004,5.5285716,9.400001,1.6857144,73.314285,1.6000001,1.2571429,1.8000001,8.328571,7.257143,0.00019106269,0.0043796524,2.250785e-05,7.478148e-05,8.473173e-05,True
1996-04-22,2.72,0.0,15.085715,21.071428,8.028571,50.985714,3.542857,2.4714286,3.9714284,7.4428573,13.671429,2.1606684e-07,0.0041864365,1.2658891e-06,1.0281801e-05,0.0,True
1996-04-29,2.72,4.5,10.314286,14.571428,7.557143,78.77143,2.1571429,1.4428571,2.3857143,6.6714287,13.1,8.2962215e-05,0.0039453655,-7.345365000000001e-25,3.7252903e-09,0.0,True
1996-05-06,2.7,1.9,8.614286,11.914286,4.914286,74.57143,1.957143,1.0571429,2.3142858,6.3142858,10.685715,0.0001244396,0.0037212446,-7.345365000000001e-25,3.7252903e-09,0.0,True
1996-05-13,2.68,5.6,8.3714285,11.214286,5.1571426,77.12858,1.8857142,0.8000001,2.142857,6.042857,10.357142,6.9633126e-05,0.003485635,-7.345365000000001e-25,0.0,0.0,True
1996-05-20,2.69,31.3,9.842857,13.157144,7.057143,80.41429,1.9142858,1.1999999,2.1571429,6.1571426,11.914286,0.00021842122,0.0032811388,-7.345365000000001e-25,3.7252903e-09,0.0,True
1996-05-27,2.7,37.3,11.471429,15.6285715,8.1,81.58571,2.1857142,1.9571428,2.3714287,6.9142857,13.7,0.000480026,0.003087975,-7.345365000000001e-25,1.8626451e-08,0.0,True
1996-06-03,2.68,4.6,13.357142,17.27143,9.957144,76.65715,2.3285713,1.9142857,2.8142855,7.1,15.171429,0.000113114715,0.0029446855,-7.345365000000001e-25,3.7252903e-09,0.0,True
1996-06-10,2.66,11.3,19.714285,25.2,14.142858,72.72857,3.8428574,2.857143,4.3142858,6.385714,21.642857,1.66893e-05,0.0027938858,-7.345365000000001e-25,1.4901161e-08,0.0,True
1996-06-17,2.65,1.7,14.114286,17.628572,11.242858,76.6,3.1714284,1.8714286,3.4285715,5.6571426,18.3,1.8805265e-05,0.0026213005,-7.345365000000001e-25,7.450581e-09,0.0,True
1996-06-24,2.63,3.8000002,11.614286,13.742858,9.714286,77.814285,2.0142858,1.1,2.6142857,5.285714,13.985714,0.00013484061,0.0024682134,-7.345365000000001e-25,1.1175871e-08,0.0,True
1996-07-01,2.62,24.8,13.17143,15.728571,10.985715,82.471436,2.0142858,1.2142857,2.2857144,5.242857,14.8714285,0.00020100176,0.0023326874,-7.345365000000001e-25,1.4901161e-08,0.0,True
1996-07-08,2.61,16.8,14.442858,17.457144,11.514287,77.971436,2.8285716,2.4428573,3.142857,5.9857144,16.428572,0.00043296814,0.002214022,-7.345365000000001e-25,1.8626451e-08,0.0,True
1996-07-15,2.59,1.0,15.442858,18.257143,12.942857,79.27143,2.3999999,1.6142857,3.0,5.5571427,17.314285,3.8534403e-05,0.002111204,-7.345365000000001e-25,2.6077032e-08,0.0,True
1996-07-22,2.57,0.0,16.242857,19.957142,11.828572,65.64286,3.4285712,1.1714286,3.9857142,4.9,18.857143,1.4677644e-05,0.0020103455,-7.345365000000001e-25,1.1175871e-08,0.0,True
1996-07-29,2.57,21.2,17.214285,21.628572,13.914286,75.814285,2.7571428,1.8714286,3.0714285,5.0142856,19.414286,0.0001450181,0.0018939078,-7.345365000000001e-25,1.8626451e-08,0.0,True
1996-08-05,2.54,3.2,16.514286,20.071428,12.5,77.84286,2.642857,1.2,3.2428572,4.7,19.314285,4.48972e-05,0.0018006712,-7.345365000000001e-25,1.8626451e-08,0.0,True
1996-08-12,2.52,3.9,19.242857,23.585714,14.985715,72.37143,3.1,1.5142858,3.6000001,4.714286,20.742857,0.00016516447,0.001697734,-7.345365000000001e-25,1.8626451e-08,0.0,True
1996-08-19,2.5,0.2,18.757143,22.685715,15.185715,77.9,2.6285713,1.2857143,3.4714284,4.9,21.0,7.119775e-05,0.0016073585,-7.345365000000001e-25,1.4901161e-08,0.0,True
1996-08-26,2.46,7.1000004,20.0,25.957142,15.814286,69.38572,3.2142856,1.2857143,4.142857,4.4857144,21.7,4.8354268e-05,0.0015095174,-7.345365000000001e-25,1.1175871e-08,0.0,True
1996-09-02,2.48,39.0,14.985715,18.285715,12.228571,80.9,1.7857143,1.5285715,2.2857144,6.3428574,16.385714,0.00070462376,0.0014330074,-7.345365000000001e-25,1.6763806e-08,0.0,True
1996-09-09,2.46,0.4,14.371429,17.7,10.942857,72.25715,1.9142857,1.4571428,2.5857143,6.428571,15.742857,2.7388334e-05,0.001379855,-7.345365000000001e-25,7.450581e-09,0.0,True
1996-09-16,2.46,21.6,12.614286,15.6285715,9.571428,78.57143,1.5714285,1.3999999,1.942857,6.7285714,13.285714,0.00035695732,0.001338087,-7.345365000000001e-25,1.3038516e-08,0.0,True
1996-09-23,2.45,0.0,10.871429,15.228572,7.371429,73.00001,1.3571428,1.0571429,2.2142856,6.5285716,12.085714,6.608665e-06,0.0013051406,-7.345365000000001e-25,3.7252903e-09,0.0,True
1996-09-30,2.45,22.4,12.442858,15.714286,9.614286,84.12858,1.0285714,0.91428566,1.3714286,6.6571426,12.642858,0.0012144893,0.0012784675,-7.345365000000001e-25,1.6763806e-08,0.0,True
1996-10-07,2.44,6.3,10.457144,14.442858,7.3,81.24286,0.88571435,0.8285713,1.3000001,7.7285714,10.6,0.0002733618,0.0012705997,-7.345365000000001e-25,9.313226e-09,0.0,True
1996-10-14,2.43,1.8,10.985715,14.957144,7.714286,83.614296,0.5857143,0.47142857,0.94285715,7.5285716,10.3,2.3111701e-05,0.0012880564,-7.345365000000001e-25,9.313226e-09,0.0,True
1996-10-21,2.43,15.799999,11.085714,13.900001,8.528571,86.21429,0.61428577,0.5714286,0.88571423,8.071428,10.6,0.00040379167,0.0013077408,-7.345365000000001e-25,7.450581e-09,0.0,True
1996-10-28,2.43,12.900001,9.614286,13.028572,7.0,82.3,0.6571428,0.6,1.0571429,8.614285,8.7,0.000355646,0.0013401061,-7.345365000000001e-25,9.313226e-09,0.0,True
1996-11-04,2.45,23.2,11.257143,12.714286,9.471429,85.34286,1.0857143,1.0714287,1.2714285,9.585714,10.1,0.00060005486,0.0014060587,-7.345365000000001e-25,1.3038516e-08,0.0,True
1996-11-11,2.47,40.5,7.7000003,9.885714,5.285714,82.14286,0.9857143,1.0000001,1.0428572,10.614285,6.6571426,0.0011411309,0.001593627,-7.345365000000001e-25,9.313226e-09,0.0,True
1996-11-18,2.47,8.0,3.8285716,6.042857,1.8142859,84.34286,0.22857144,0.22857144,0.3285714,10.457143,3.2142856,0.0001784116,0.0020471737,-7.345365000000001e-25,1.8626451e-09,0.0,True
1996-11-25,2.5,31.1,3.357143,5.5142856,1.457143,87.07143,0.47142854,0.47142854,0.4857143,10.7,2.557143,0.0007368177,0.002527155,0.00032750765,0.0005587172,0.0047552213,True
1996-12-02,2.52,24.8,2.4857144,3.7142856,0.61428577,88.62858,0.31428573,0.31428573,0.45714286,10.928572,1.2142857,0.0014073253,0.0031801164,0.0067887646,0.014490426,0.011459779,True
1996-12-09,2.53,10.4,3.2142856,4.785714,1.7714285,90.971436,0.20000002,0.20000002,0.32857147,10.842857,2.6,0.0008455515,0.004651837,0.00017028763,0.0010901559,7.015467e-05,True
1996-12-16,2.51,4.3,1.1571429,2.757143,-1.0285714,88.471436,0.18571429,0.18571429,0.37142858,10.3,0.114285715,0.00012113899,0.005574502,0.00092288427,0.0016860235,0.002166409,True
1996-12-23,2.5,5.0,-0.40000004,1.5714285,-2.1714284,79.042854,0.1,0.1,0.34285715,10.357142,-0.34285715,0.00017357618,0.0059872866,0.00054897583,0.0003597904,0.00055219606,True
1996-12-30,2.47,1.6,-4.5000005,-1.8714286,-7.4428573,82.87144,0.0,0.0,0.12857142,10.3,-3.8428571,1.5795231e-06,0.0062009543,0.0008565301,1.8626451e-08,0.0014169179,True
1997-01-06,2.45,0.0,-7.142857,-4.928571,-9.914286,77.64286,0.0,0.0,0.24285714,10.3,-4.8,2.6077032e-07,0.0062026754,0.0018457344,0.0,0.00030144304,True
1997-01-13,2.43,0.0,-3.4857144,-1.6571429,-6.1,89.24286,0.028571429,0.028571429,0.15714286,10.271428,-3.3857143,5.3741038e-05,0.0061159655,0.0022017558,0.0012184642,0.0006919615,True
1997-01-20,2.42,1.6,1.2857143,4.142857,-1.2857143,85.72858,0.21428573,0.21428573,0.24285714,10.142858,-1.1714286,5.3852797e-05,0.0059734136,0.0009450118,0.0010263938,0.0,True
1997-01-27,2.42,1.4,1.4857143,3.4,-0.3142857,90.057144,0.17142858,0.17142858,0.24285714,10.1,0.0,7.931888e-05,0.0058056563,0.00015640826,0.0004339032,0.00012525171,True
1997-02-03,2.42,0.4,1.5714285,3.857143,-0.9142857,86.1,0.2857143,0.27142856,0.34285715,10.014286,0.057142857,1.6242266e-05,0.0056347027,3.2703083e-05,8.7976456e-05,0.00011798367,True
1997-02-10,2.42,8.1,4.471429,6.6714287,2.2,85.457146,0.5857143,0.5714286,0.6857143,10.085714,1.6285714,0.00025957823,0.0054609627,0.00029793807,0.001193244,0.0010876581,True
1997-02-17,2.45,27.3,4.042857,6.057143,1.9714286,85.25714,0.65714294,0.65714294,0.7428571,10.728572,2.642857,0.001647599,0.0053654686,2.3881594e-05,0.00012796931,0.0003195256,True
1997-02-24,2.47,21.099998,7.1285715,9.142858,4.9428573,78.92857,1.1571429,1.1571429,1.3000001,10.671429,5.4,0.00159733,0.0057016313,2.48523e-05,0.0002033338,0.0,True
1997-03-03,2.48,11.1,7.1714287,9.900001,4.585715,77.0,1.3857142,1.3857142,1.4428571,10.642858,6.285714,0.0030274838,0.0067324266,-7.345365000000001e-25,1.4901161e-08,0.0,True
1997-03-10,2.47,1.3,6.5285716,11.271429,2.1571429,79.91429,1.0285714,0.9285714,1.1285714,9.914286,6.5285716,2.0444393e-05,0.007658653,-7.345365000000001e-25,0.0,0.0,True
1997-03-17,2.45,7.3,5.071429,7.4000006,3.2,86.72858,0.61428577,0.55714285,0.7714286,9.7,5.9142857,0.00014761835,0.007667303,0.0001519805,0.00028991327,0.0010646693,True
1997-03-24,2.46,14.3,2.9857144,4.957143,0.5714286,81.1,0.9142857,0.9,0.95714283,10.257143,3.2428572,0.00046560168,0.007516265,0.0010729801,0.0033913162,0.0045936927,True
1997-03-31,2.46,11.3,6.785714,9.757143,3.8857143,79.92857,1.5714285,1.5285714,1.542857,10.3,6.6285715,0.0030117854,0.0075012594,0.00032461825,0.0019115973,9.49949e-06,True
1997-04-07,2.45,9.0,5.9428573,9.357142,2.3428571,76.68572,1.6571428,1.5857142,1.7285715,9.928572,6.9714284,0.00029969215,0.0078024715,0.00022124109,0.0013635103,0.0016239062,True
1997-04-14,2.44,1.9000001,6.8428574,9.742858,3.642857,73.14286,1.6857144,1.4714286,1.8571428,9.528571,7.757143,7.541478e-05,0.007762432,4.912558e-05,0.00026442297,0.0,True
1997-04-21,2.42,0.3,5.6714287,8.457143,2.0142858,67.28571,2.0857143,1.6714286,2.2285714,8.814285,8.385715,5.3219497e-05,0.0074877664,4.9613773e-06,1.2535602e-05,2.1615997e-05,True
1997-04-28,2.41,7.0,8.6285715,11.885715,4.6714287,71.685715,1.9714286,1.5714285,2.3142858,8.257143,9.542857,0.00022098422,0.00703115,1.175063e-06,7.3574483e-06,0.0,True
1997-05-05,2.4,24.6,10.542857,14.0,7.6,84.38572,1.8999999,1.6428572,1.9571428,8.485714,12.585714,0.0002811551,0.006523736,-7.345365000000001e-25,1.1175871e-08,0.0,True
1997-05-12,2.4,11.4,9.814286,13.642858,6.2571435,76.471436,2.3,2.242857,2.6000001,9.314285,11.042857,0.00087843835,0.0060925633,-7.345365000000001e-25,7.450581e-09,0.0,True
1997-05-19,2.4,19.1,16.028572,20.485716,11.328572,77.07143,2.957143,2.5714285,3.3142858,8.942857,17.942858,0.0028581023,0.0057413653,-7.345365000000001e-25,1.1175871e-08,0.0,True
1997-05-26,2.4,10.4,10.800001,13.885714,7.928571,76.799995,2.1285715,1.9714288,2.457143,9.671429,14.1,0.0011634529,0.0055159405,-7.345365000000001e-25,0.0,0.0,True
1997-06-02,2.39,1.0,12.685715,15.985715,8.685715,65.814285,3.3428574,2.585714,3.642857,8.814285,15.357142,3.1851232e-05,0.005387433,-7.345365000000001e-25,0.0,0.0,True
1997-06-09,2.37,14.099999,17.857143,22.714285,12.728572,65.11428,4.5142856,3.0142858,4.7571425,7.3428574,20.357143,4.4994056e-05,0.0050637946,-7.345365000000001e-25,1.1175871e-08,0.0,True
1997-06-16,2.37,23.199999,16.585714,20.157145,13.357142,74.65715,3.2285714,2.2142856,3.6142857,6.9714284,19.414286,0.000187397,0.0046504214,-7.345365000000001e-25,7.450581e-09,0.0,True
1997-06-23,2.37,20.9,14.228571,17.57143,10.557143,74.27143,3.042857,2.4285715,3.2714286,7.071429,16.942858,0.00039847195,0.0042748973,-7.345365000000001e-25,1.4901161e-08,0.0,True
1997-06-30,2.37,23.5,15.928572,19.542858,12.542857,76.3,2.7857144,2.5142858,3.0857143,7.928571,17.214285,0.0018566996,0.0039607286,-7.345365000000001e-25,1.8626451e-08,0.0,True
1997-07-07,2.36,2.3,16.957142,19.800001,13.8,74.91429,3.3571432,2.742857,3.8285713,7.7,20.37143,4.2803586e-05,0.0036884025,-7.345365000000001e-25,2.2351742e-08,0.0,True
1997-07-14,2.34,39.600002,19.328571,22.814285,14.528571,70.51429,3.7571428,2.5571427,4.3714285,6.6,22.785715,5.1431358e-05,0.0034208372,-7.345365000000001e-25,1.8626451e-08,0.0,True
1997-07-21,2.38,19.5,17.628572,20.328571,15.414286,84.07143,2.3999999,2.1285713,2.5857143,7.3142858,19.528572,0.00036776066,0.0031741112,-7.345365000000001e-25,2.2351742e-08,0.0,True
1997-07-28,2.45,52.0,18.47143,22.300001,15.285714,80.200005,2.9857142,2.6571429,3.2142856,7.857143,20.928572,0.0030352175,0.0029831007,-7.345365000000001e-25,1.8626451e-08,0.0,True
1997-08-04,2.45,24.6,17.6,20.9,14.442858,81.64286,2.642857,2.4285715,3.042857,8.571428,20.12857,0.0023382157,0.0028871,-7.345365000000001e-25,1.4901161e-08,0.0,True
1997-08-11,2.41,0.0,22.285715,27.314285,16.742857,65.62858,4.1,2.914286,4.857143,7.8428574,24.085714,4.053116e-06,0.002853796,-7.345365000000001e-25,2.2351742e-08,0.0,True
1997-08-18,2.37,0.0,22.37143,26.885715,17.6,68.5,3.4285717,1.9285716,4.3857145,6.6714287,24.828571,1.5549362e-05,0.0027377605,-7.345365000000001e-25,2.2351742e-08,0.0,True
1997-08-25,2.36,8.4,22.585714,27.514286,17.985716,72.25715,2.8714283,1.3857143,3.542857,6.0857143,24.0,7.762015e-05,0.0026067197,-7.345365000000001e-25,1.8626451e-08,0.0,True
1997-09-01,2.35,17.1,18.84286,22.685715,16.214287,81.12858,1.9857142,1.6428572,2.4142857,7.0857143,20.714285,0.0013167933,0.0024907142,-7.345365000000001e-25,2.2351742e-08,0.0,True
1997-09-08,2.34,6.0,17.014286,20.071428,14.742858,79.18572,1.6857141,1.4714285,2.2571428,7.285714,18.27143,0.00020632148,0.0023976117,-7.345365000000001e-25,1.8626451e-08,0.0,True
1997-09-15,2.35,39.1,13.942858,17.042858,11.1285715,75.24286,1.957143,1.7571428,2.457143,7.3285713,14.257143,0.0012762919,0.0023226365,-7.345365000000001e-25,1.3038516e-08,0.0,True
1997-09-22,2.34,0.1,12.557143,16.057142,9.042857,74.0,1.3857143,1.1428572,1.8142856,7.5571427,13.9,1.3425946e-05,0.0022675619,-7.345365000000001e-25,1.1175871e-08,0.0,True
1997-09-29,2.33,3.4,13.271429,17.114286,9.028571,79.64286,1.0142858,0.7714285,1.4142857,7.1857142,14.014286,3.542006e-05,0.0022249147,-7.345365000000001e-25,9.313226e-09,0.0,True
1997-10-06,2.32,7.6,13.557143,15.842858,11.614286,80.185715,1.0142857,0.87142855,1.542857,7.1,13.142858,0.00011372566,0.0021835566,-7.345365000000001e-25,1.5832484e-08,0.0,True
1997-10-13,2.36,59.6,12.414286,15.400001,10.157143,82.35714,1.457143,1.4714286,1.4714286,8.857142,11.885715,0.005459368,0.0021595135,-7.345365000000001e-25,1.8626451e-08,0.0,True
1997-10-20,2.37,5.8,8.857142,11.957143,5.928571,79.61428,0.6714286,0.6428572,0.88571423,9.657143,8.928572,7.811934e-05,0.0023263097,-7.345365000000001e-25,5.5879354e-09,0.0,True
1997-10-27,2.36,12.599999,5.4000006,8.671429,2.8,72.457146,0.67142856,0.62857145,0.88571423,9.485714,5.0857143,0.00013899803,0.0025382712,-7.345365000000001e-25,0.0,0.0,True
1997-11-03,2.35,1.3,3.7857144,7.585715,0.10000002,76.72857,0.42857143,0.41428572,0.5857143,9.414286,3.3142858,8.046627e-06,0.002665311,-7.345365000000001e-25,0.0,0.0,True
1997-11-10,2.35,8.5,7.714286,10.5,4.7428575,81.24286,0.57142854,0.55714285,0.82857144,9.528571,5.8714285,0.00020135939,0.0027405918,-7.345365000000001e-25,1.8626451e-09,0.0,True
1997-11-17,2.35,12.2,6.514286,8.485715,4.3714285,87.62858,0.29999998,0.31428573,0.42857143,9.814285,5.857143,0.00021485984,0.002799414,-7.345365000000001e-25,5.5879354e-09,0.0,True
1997-11-24,2.34,0.0,1.4,3.1000001,-0.27142856,82.15715,0.24285717,0.21428573,0.5285714,9.857142,1.3428571,1.04904175e-05,0.0028768927,3.5195123e-06,3.0137599e-06,5.036965e-05,True
1997-12-01,2.33,4.6,2.7857144,4.5142856,0.9142857,88.51429,0.20000002,0.18571429,0.31428573,9.8714285,2.0285714,0.00013227016,0.0029422268,0.000118000164,0.00021726824,0.00019744784,True
1997-12-08,2.35,13.1,2.5714285,4.357143,0.014285768,90.48572,0.17142858,0.17142858,0.31428573,10.142858,1.2428571,0.00022353232,0.0029868335,8.8300025e-05,0.000366034,0.00035563484,True
1997-12-15,2.38,26.9,6.3,8.242857,4.8,87.17143,0.4571429,0.4571429,0.5714286,10.914286,5.257143,0.0014764965,0.0031214207,1.5553974e-06,1.7587095e-05,6.429851e-06,True
1997-12-22,2.36,3.8000002,-1.6285714,0.4285714,-4.071429,82.94286,0.057142857,0.057142857,0.3857143,10.3,-1.2285714,5.8844686e-05,0.0035232082,2.3807797e-05,1.5996397e-05,0.00021192431,True
1997-12-29,2.39,23.3,5.6,7.157143,3.7285714,90.41429,0.4142857,0.4142857,0.44285712,10.742857,3.357143,0.00065878034,0.0038569719,5.1969575e-05,0.00022950023,5.2452087e-05,True
1998-01-05,2.41,25.8,6.1714287,7.6285715,4.3714285,86.42857,0.3,0.3,0.61428577,10.6,4.25,0.0031544566,0.0046429113,5.284945e-06,3.3972785e-05,0.0,True
1998-01-12,2.46,22.5,7.371429,9.642858,5.142857,84.57143,0.58571434,0.58571434,0.5857143,11.3,5.1571426,0.0053733587,0.008091718,-7.345365000000001e-25,1.8626451e-08,0.0,True
1998-01-19,2.47,22.3,6.0428576,7.785714,4.142857,86.557144,0.5714286,0.5714286,0.61428577,10.485714,4.6714287,0.0007084161,0.008949496,3.5649255e-06,4.2527914e-05,4.241988e-05,True
1998-01-26,2.47,1.2,0.5714286,2.6000001,-1.1428572,82.614296,0.34285715,0.34285715,0.42857143,10.471429,0.67142856,6.978214e-05,0.009777904,0.00017082124,7.2801486e-05,0.00047167018,True
1998-02-02,2.46,8.8,-0.4142858,2.557143,-3.2285714,79.14286,0.18571429,0.18571429,0.42857143,10.242857,-0.32857144,0.00010256469,0.009975165,0.00034747805,0.00032518432,0.0028965287,True
1998-02-09,2.45,4.3,3.5142858,5.0,1.5142858,86.457146,0.4857143,0.4857143,0.5857143,10.257143,0.9285714,0.00020042062,0.009715162,0.0020259959,0.005334737,0.0024082884,True
1998-02-16,2.45,1.0,8.542857,10.3714285,6.7428575,84.62858,0.71428573,0.6857143,0.9714286,10.1285715,6.8714285,6.741285e-05,0.009339482,1.0121436e-05,8.841604e-05,0.0,True
1998-02-23,2.42,0.6,6.8428574,9.599999,3.8285716,86.74286,0.64285713,0.5714286,0.6857143,9.928572,6.1571426,5.7719648e-05,0.008874118,-7.345365000000001e-25,1.8626451e-09,0.0,True
1998-03-02,2.42,25.6,6.071429,8.028571,4.1,82.44286,0.9714286,0.9714286,0.90000004,10.0,5.542857,0.00041748583,0.008335851,0.00071153184,0.0023782626,0.0036040302,True
1998-03-09,2.51,42.5,5.357143,8.414286,2.357143,79.814285,1.2142857,1.2142857,0.9428572,11.342857,5.071429,0.0058767498,0.009313427,0.00042436805,0.0026953798,0.0022430085,True
1998-03-16,2.51,2.0,5.014286,6.971429,2.7285714,83.8,0.9,0.87142855,0.88571423,10.3,4.8428574,0.00012008846,0.010536537,0.0002535014,0.0007479675,4.679337e-05,True
1998-03-23,2.49,2.8,5.1285715,7.3428574,2.9428573,77.38572,1.2142857,1.1,1.2285715,9.814285,6.0285716,7.748604e-05,0.01062306,2.8099332e-06,5.3513795e-06,3.0010939e-05,True
1998-03-30,2.48,2.0,8.8714285,13.114286,4.1857142,69.98571,1.8000001,1.5,1.9857142,9.228572,8.771428,6.0483813e-05,0.01006189,7.021995e-06,2.3115426e-05,0.0,True
1998-04-06,2.49,30.6,8.385715,11.528572,6.3857145,86.42857,1.1285714,1.0714285,1.1999999,9.742857,9.3,0.00078620017,0.009285301,-7.345365000000001e-25,1.8626451e-09,0.0,True
1998-04-13,2.53,20.199999,7.1142855,9.357142,4.957143,83.5,1.1571428,1.1428572,1.3285714,10.514286,7.8142858,0.0012592226,0.00893046,-7.345365000000001e-25,1.8626451e-09,0.0,True
1998-04-20,2.52,10.2,7.1142855,10.8,2.457143,76.14286,1.8000001,1.7428571,1.8714286,10.171429,8.285714,0.0003233105,0.009298466,4.172325e-06,3.182888e-05,3.2186508e-05,True
1998-04-27,2.54,30.0,11.528572,15.142858,8.5,82.08572,1.8142859,1.7142857,2.0428572,9.8714285,12.5,0.0010918677,0.009229489,-7.345365000000001e-25,3.7252903e-09,0.0,True
1998-05-04,2.55,6.5,11.542857,15.17143,8.8714285,83.28571,2.0714285,1.9285713,2.2857144,10.185715,13.785714,0.00013196468,0.009020358,-7.345365000000001e-25,3.7252903e-09,0.0,True
1998-05-11,2.54,13.6,14.928572,18.742857,10.914286,75.35714,2.957143,2.5,3.0857143,9.557143,15.671429,0.00026534498,0.008695751,-7.345365000000001e-25,1.4901161e-08,0.0,True
1998-05-18,2.52,0.0,14.514287,20.4,8.571428,62.61429,4.0571427,2.9142857,4.4142857,8.157143,18.285715,1.6391277e-07,0.0080079585,-7.345365000000001e-25,7.450581e-09,0.0,True
1998-05-25,2.5,5.6,11.257143,13.342857,8.842857,76.58572,2.2857144,1.4857143,2.642857,7.1571426,14.657143,0.0001013875,0.0071413964,-7.345365000000001e-25,0.0,0.0,True
1998-06-01,2.49,15.3,14.771429,19.0,11.400001,84.65714,2.2428572,1.8285714,2.5714285,7.3285713,17.157143,0.0010937601,0.0063753426,-7.345365000000001e-25,1.8626451e-08,0.0,True
1998-06-08,2.56,70.1,15.357142,20.042858,11.685715,80.4,2.6714287,2.3857143,2.8285716,7.928571,17.585714,0.0013865083,0.0057125166,-7.345365000000001e-25,2.2351742e-08,0.0,True
1998-06-15,2.61,68.7,14.571428,17.928572,11.142858,74.44286,2.8285713,2.6285713,3.0857143,9.214286,16.685715,0.0032750368,0.00533513,-7.345365000000001e-25,7.450581e-09,0.0,True
1998-06-22,2.61,10.4,16.5,20.5,13.228572,78.614296,3.142857,2.6571429,3.557143,8.542857,19.114286,0.00013011694,0.0051232725,-7.345365000000001e-25,1.4901161e-08,0.0,True
1998-06-29,2.64,47.7,16.77143,20.528574,13.885715,82.200005,2.9142857,2.8,2.9142857,8.885715,19.014286,0.0040763915,0.004904993,-7.345365000000001e-25,2.2351742e-08,0.0,True
1998-07-06,2.68,31.5,14.742857,16.671429,12.985715,82.37144,2.1857142,2.085714,2.3999999,9.642858,16.014286,0.0017601997,0.005096972,-7.345365000000001e-25,2.2351742e-08,0.0,True
1998-07-13,2.7,30.9,14.485715,17.057142,11.857142,81.61428,2.7142856,2.6714284,2.7714286,9.8,16.185715,0.0015865266,0.005693488,-7.345365000000001e-25,1.8626451e-08,0.0,True
1998-07-20,2.73,28.699999,16.128572,19.628572,12.099999,81.0,2.857143,2.7142856,2.9857144,10.057143,17.214285,0.0027112663,0.0069110096,-7.345365000000001e-25,2.2351742e-08,0.0,True
1998-07-27,2.71,9.400001,17.757143,21.957144,14.014287,75.67143,3.2714286,2.685714,3.7857144,9.071428,20.885714,8.906424e-05,0.007799633,-7.345365000000001e-25,1.4901161e-08,0.0,True
1998-08-03,2.69,14.6,16.47143,19.7,13.942858,80.57143,2.3857143,2.2571428,2.7714286,9.157143,18.285715,0.003972307,0.007537432,-7.345365000000001e-25,1.8626451e-08,0.0,True
1998-08-10,2.69,4.1,17.47143,21.300001,14.0,79.314285,2.8999999,2.3714287,3.3428571,8.614285,19.685715,0.00015937537,0.007328227,-7.345365000000001e-25,2.2351742e-08,0.0,True
1998-08-17,2.7,15.9,18.1,22.457142,14.342857,78.08572,2.5857143,1.8857143,3.0714285,7.7285714,20.428572,0.00021532178,0.0069270507,-7.345365000000001e-25,2.2351742e-08,0.0,True
1998-08-24,2.75,65.6,15.314286,18.185715,12.785714,77.328575,2.4142857,2.057143,2.7285714,8.042857,16.885714,0.015897185,0.0111768395,-7.345365000000001e-25,2.2351742e-08,0.0,True
1998-08-31,2.77,22.9,13.7,15.985715,11.185715,80.6,1.7571428,1.6999999,2.1285713,9.757143,14.3714285,0.00061041117,0.0071491674,-7.345365000000001e-25,1.3038516e-08,0.0,True
1998-09-07,2.8,24.9,15.857142,18.457142,12.957144,85.42857,1.3428571,1.2428571,1.6999999,9.728572,16.37143,0.0007021576,0.007744968,-7.345365000000001e-25,2.0489097e-08,0.0,True
1998-09-14,2.84,35.3,13.814286,17.000002,12.1,84.64286,1.3000001,1.2714285,1.7857143,10.285714,14.8714285,0.003969431,0.0089037195,-7.345365000000001e-25,1.6763806e-08,0.0,True
1998-09-21,2.82,9.900001,13.085714,15.900001,10.014287,85.17143,1.2285713,1.2285713,1.4857142,10.6,13.542857,0.0019315928,0.0108981505,-7.345365000000001e-25,1.1175871e-08,0.0,True
1998-09-28,2.82,11.4,13.385715,16.657145,10.042857,86.8,0.87142855,0.81428576,1.2857143,9.971429,14.171429,0.0001950264,0.011397742,-7.345365000000001e-25,7.450581e-09,0.0,True
1998-10-05,2.79,0.1,9.1,11.357142,7.285714,78.314285,0.78571427,0.7428571,1.3857143,10.114285,10.085714,0.00011561811,0.010832049,-7.345365000000001e-25,3.7252903e-09,0.0,True
1998-10-12,2.84,49.0,9.3714285,11.242858,7.285714,87.57143,0.88571423,0.8714286,1.0142858,10.8,9.157143,0.0044882447,0.010621004,-7.345365000000001e-25,1.1175871e-08,0.0,True
1998-10-19,2.85,23.599998,10.1285715,13.0,7.3428574,82.24286,0.9428571,0.9428571,1.1714286,10.8714285,9.514286,0.0017757416,0.012575626,-7.345365000000001e-25,1.3038516e-08,0.0,True
1998-10-26,2.95,47.2,10.214286,12.457144,7.957143,86.75715,1.0285715,1.0285715,0.9714286,11.2,9.5,0.009843975,0.016170569,-7.345365000000001e-25,9.313226e-09,0.0,True
1998-11-02,3.09,73.8,7.614286,10.028571,5.5285716,84.88572,1.0857142,1.0857142,0.9142857,11.671429,6.7714286,0.037134156,0.0509054,-7.345365000000001e-25,7.450581e-09,0.0,True
1998-11-09,3.11,44.300003,6.2000003,8.257143,3.2428572,87.57143,0.55714285,0.55714285,0.61428577,11.414286,5.257143,0.0045172125,0.035600036,1.4657066e-05,0.0001437068,0.00013689697,True
1998-11-16,3.12,9.9,4.457143,6.6571426,2.5857143,90.057144,0.25714287,0.25714287,0.4,11.014286,4.357143,0.0002822876,0.027067058,-7.345365000000001e-25,3.9115548e-08,3.7252903e-07,True
1998-11-23,3.1,0.2,-2.0000002,0.65714294,-4.142857,80.457146,0.12857144,0.12857144,0.22857143,10.3,-0.3857143,8.2701445e-07,0.02121111,2.594789e-05,9.275973e-07,5.5294484e-05,True
1998-11-30,3.09,8.5,1.1571429,2.2857144,-0.27142856,92.04286,0.08571429,0.08571429,0.27142859,10.314285,-0.27142859,0.00014424324,0.01658266,0.0004458087,0.0010848325,0.0013267584,True
1998-12-07,3.08,7.2000003,-1.8571428,0.31428573,-3.5142858,85.52857,0.042857144,0.042857144,0.31428573,10.328571,-0.64285713,4.722178e-05,0.01361426,0.002365101,0.000103686005,0.005275987,True
1998-12-14,3.2,26.900002,0.02857147,2.6571429,-3.8,91.6,0.15714286,0.15714286,0.25714287,10.542857,-0.08571429,0.0018663108,0.011631273,0.0055217347,0.008800784,0.0036651045,True
1998-12-21,3.24,29.1,4.657143,6.614286,3.3285716,88.67143,0.2857143,0.2857143,0.4,11.028571,3.6,0.0013690442,0.010852009,1.916999e-05,0.00023835339,1.7032027e-05,True
1998-12-28,3.25,19.6,5.085714,7.0428576,2.8428571,89.07143,0.55714285,0.55714285,0.5857143,10.7,3.3,0.0014658719,0.011175483,0.00013894694,0.00068193674,0.00064614415,True
1999-01-04,3.24,6.0,3.9428573,6.285714,1.2285715,87.52857,0.13333334,0.13333334,0.35714287,10.533334,2.1666667,0.00037317723,0.012463905,1.362392e-07,8.381903e-07,0.0,True
1999-01-11,3.27,22.1,3.7285714,6.228572,2.0,86.057144,0.44285712,0.44285712,0.5142857,10.757143,3.557143,0.0014128387,0.012830883,0.00021146025,0.00015107356,0.0022383481,True
1999-01-18,3.28,15.6,3.6714287,5.3285713,1.4857143,90.67143,0.44285712,0.44285712,0.44285718,10.728572,2.3142858,0.00089372694,0.013749912,0.0030286142,0.008742442,0.00659211,True
1999-01-25,3.28,7.8999996,6.2000003,8.571428,3.9428575,89.84286,0.45714286,0.45714286,0.6571428,10.3714285,4.8142858,0.00044487417,0.014783226,5.3984777e-06,4.8661605e-05,4.1499734e-06,True
1999-02-01,3.26,5.9,2.1285713,4.3714285,-0.24285708,86.4,0.27142859,0.27142859,0.42857143,10.514286,1.5428572,0.00017501414,0.014332406,6.257353e-05,0.0002615247,0.0003269352,True
1999-02-08,3.27,27.4,3.6571429,5.3857145,2.0428572,88.27143,0.67142856,0.67142856,0.6571428,10.3714285,3.0857143,0.000261724,0.01359649,0.0013701802,0.00034872256,0.0077845342,True
1999-02-15,3.26,9.0,-2.2285714,0.12857144,-5.957143,87.64286,0.12857142,0.12857142,0.2857143,10.3714285,0.071428575,5.9358776e-05,0.012660079,0.008723066,0.0020141695,0.003528539,True
1999-02-22,3.39,41.1,3.0857143,5.1857147,1.0285714,88.700005,0.7285714,0.7285714,0.5714286,10.785714,2.0285714,0.001801163,0.01185023,0.0053304774,0.014265997,0.008221444,True
1999-03-01,3.39,21.2,4.457143,6.2428575,2.1142857,89.14286,0.68571424,0.68571424,0.64285713,10.685715,3.6571429,0.004335493,0.013674848,0.001361529,0.0042903516,0.0020333193,True
1999-03-08,3.38,12.1,5.557143,8.042857,3.3142858,84.48572,0.81428576,0.8000001,0.95714283,11.014286,5.1857142,0.0012672767,0.016264603,1.68596e-06,1.4044344e-05,6.966293e-07,True
1999-03-15,3.34,0.0,4.214286,7.057143,1.4428571,82.07143,0.75714284,0.71428573,1.0142857,10.1285715,4.5142856,1.9013882e-05,0.01650139,5.676633e-09,6.277114e-07,1.9744039e-07,True
1999-03-22,3.36,19.6,5.285714,7.657143,3.0,81.12858,0.9857143,0.9714286,1.1714286,10.0,5.5571427,0.0003144741,0.014548667,5.9434346e-06,3.5520643e-05,3.5457313e-05,True
1999-03-29,3.34,6.0,7.2428575,11.014287,3.1857145,79.54286,1.4,1.3285714,1.5285714,10.042857,7.714286,0.00029920042,0.012733676,0.00014500391,0.0010687113,0.0010506324,True
1999-04-05,3.32,0.2,11.2,17.128572,5.914286,73.34286,1.9571427,1.6571428,2.3999999,9.485714,11.771428,4.3854117e-05,0.0113094,-7.345365000000001e-25,3.7439167e-07,0.0,True
1999-04-12,3.34,12.5,9.057143,11.6,7.5,87.12858,1.2142857,1.1714286,1.4142857,9.471429,10.028571,0.00028258562,0.009983465,-7.345365000000001e-25,7.450581e-09,0.0,True
1999-04-19,3.31,6.8999996,5.371429,8.642858,2.357143,76.24286,1.7142857,1.5714287,1.8571428,9.685715,7.4428573,0.00033648312,0.008964822,0.00019923279,0.0010337327,0.0010539107,True
1999-04-26,3.31,18.599998,10.800001,15.428573,5.957143,77.185715,2.1285713,1.8714285,2.4142857,9.185715,12.114285,0.00027772784,0.008216061,6.755193e-07,5.1781535e-06,0.0,True
1999-05-03,3.28,0.0,9.142858,12.514287,5.7000003,76.200005,2.4857144,1.9428571,2.5857143,8.5,13.528571,3.7550926e-06,0.0075275823,-7.345365000000001e-25,1.8626451e-09,0.0,True
1999-05-10,3.27,8.0,12.428572,16.97143,7.7000003,69.700005,2.8285716,2.2571428,2.957143,7.7,13.842857,0.00026330352,0.006808892,-7.345365000000001e-25,3.7252903e-09,0.0,True
1999-05-17,3.24,13.4,10.985715,14.428572,7.5285716,78.5,2.2999997,2.0428572,2.7571428,7.957143,13.5,0.0003861487,0.0062035844,-7.345365000000001e-25,7.450581e-09,0.0,True
1999-05-24,3.22,2.6,14.414286,18.300001,9.328572,69.32857,3.0714285,2.3142855,3.6142857,7.1571426,16.214285,6.5371394e-05,0.005683832,-7.345365000000001e-25,3.7252903e-09,0.0,True
1999-05-31,3.2,12.800001,14.914286,20.085714,9.842857,73.17143,3.5,2.1714284,3.9857142,6.2714286,18.742857,0.00011125207,0.005190015,-7.345365000000001e-25,1.1175871e-08,0.0,True
1999-06-07,3.2,36.4,15.185715,19.4,10.314286,74.04286,3.1285713,2.414286,3.6571429,6.4,17.471428,0.00043313205,0.004703611,-7.345365000000001e-25,1.1175871e-08,0.0,True
1999-06-14,3.19,20.7,14.171428,17.442858,10.271429,76.557144,2.7857144,2.142857,3.2428572,6.614286,17.042856,0.00026933104,0.004335545,-7.345365000000001e-25,1.1175871e-08,0.0,True
1999-06-21,3.17,10.2,15.271429,19.014286,10.857142,74.15714,3.457143,2.3999999,3.9857144,5.9857144,19.485714,0.00014843047,0.0040070787,-7.345365000000001e-25,1.1175871e-08,0.0,True
1999-06-28,3.14,4.9,14.185715,17.714285,9.271429,69.814285,3.0,1.9285715,3.6714284,5.6,17.442858,0.00012916327,0.0037053078,-7.345365000000001e-25,7.450581e-09,0.0,True
1999-07-05,3.142943203088932,11.6,17.828571,22.071428,13.542857,79.72858,2.942857,1.9428571,3.2571428,5.5857143,20.2,0.00024433434,0.0034447163,-7.345365000000001e-25,2.2351742e-08,0.0,True
1999-07-12,3.11,0.0,19.4,23.757143,14.1,69.62858,4.214286,2.0285714,4.928571,5.385714,22.5,5.915761e-06,0.0031867176,-7.345365000000001e-25,2.2351742e-08,0.0,True
1999-07-19,3.085130250140068,29.099998,19.300001,23.828571,14.914286,72.84286,3.5142858,2.0428574,4.2571425,5.0857143,21.714285,0.00016842037,0.0029266179,-7.345365000000001e-25,2.6077032e-08,0.0,True
1999-07-26,3.0611186604661795,10.4,17.214285,20.928572,14.185715,77.457146,2.9714284,2.142857,3.642857,5.3714285,19.442858,0.000674814,0.0027081817,-7.345365000000001e-25,2.6077032e-08,0.0,True
1999-08-02,3.042735913852652,0.0,20.52857,25.77143,13.742858,57.200005,4.628571,1.4,5.457143,4.7,22.514286,2.1010637e-06,0.0025041848,-7.345365000000001e-25,2.2351742e-08,0.0,True
1999-08-09,3.01,8.299999,20.571428,25.785715,15.599999,70.942856,3.414286,1.2142857,4.1,4.6,23.085714,0.00021968782,0.0022907257,-7.345365000000001e-25,1.8626451e-08,0.0,True
1999-08-16,2.984285375132064,14.7,15.742857,18.857143,13.157143,76.65715,2.2999997,1.6285714,2.7857144,5.0285716,17.757143,0.0003413409,0.0021383911,-7.345365000000001e-25,1.8626451e-08,0.0,True
1999-08-23,2.9719640740316846,14.5,14.942857,18.157145,12.057143,79.0,1.8000001,1.6571429,2.3142858,6.0142856,15.942857,0.0020125508,0.0020265207,-7.345365000000001e-25,1.8626451e-08,0.0,True
1999-08-30,2.957468658305701,9.099999,17.27143,21.257143,12.914286,75.614296,2.2571428,1.7857143,2.957143,5.9428573,18.857143,0.00025414675,0.0019457564,-7.345365000000001e-25,1.1175871e-08,0.0,False
1999-09-06,2.94,0.1,18.0,22.628572,12.8,73.24286,2.2714286,1.6857144,3.0571427,5.5142856,19.22857,4.1686e-05,0.0018815324,-7.345365000000001e-25,1.8626451e-08,0.0,True
1999-09-13,2.907475304555495,0.0,20.042858,25.928572,15.185715,71.200005,2.4285715,1.3714286,3.4285715,4.8142858,21.142857,8.0913305e-06,0.0018087402,-7.345365000000001e-25,2.6077032e-08,0.0,False
1999-09-20,2.881248787796206,16.0,17.37143,22.185715,13.2,75.75714,1.6714286,1.0142857,2.3857143,4.857143,18.3,0.000219509,0.0017336458,-7.345365000000001e-25,1.8626451e-08,0.0,True
1999-09-27,2.8766272445559364,14.9,16.214287,3.1571429,13.242857,82.12858,1.4,1.2428571,1.8714286,5.4714284,17.014286,0.00029673427,0.0016744658,-7.345365000000001e-25,2.4214387e-08,0.0,True
1999-10-04,2.867035005210984,36.3,13.214286,8.842857,11.171428,84.814285,1.2571429,1.2428572,1.4714286,6.857143,13.385715,0.00035317987,0.0016306117,-7.345365000000001e-25,2.0489097e-08,0.0,True
1999-10-11,2.893772082533795,19.4,12.142858,14.442858,9.828572,85.17143,1.0428572,1.0428572,1.1714286,8.171429,11.885715,0.000382334,0.0016072616,-7.345365000000001e-25,1.8626451e-08,0.0,True
1999-10-18,2.8934515309277566,0.2,8.842857,12.557143,5.728572,80.11428,0.71428573,0.61428577,1.0142857,8.171429,9.457143,3.877282e-05,0.0016062185,-7.345365000000001e-25,5.5879354e-09,0.0,True
1999-10-25,2.85,2.7,8.257143,11.328572,4.8142858,81.87142,0.62857145,0.5857143,0.9428572,7.9857144,7.6285715,0.00018883497,0.0016140044,-7.345365000000001e-25,1.1175871e-08,0.0,True
1999-11-01,2.80577360217865,3.5,10.942858,13.714286,8.242857,86.21429,0.59999996,0.55714285,0.90000004,8.114285,9.9,0.00015034527,0.001626201,-7.345365000000001e-25,1.4901161e-08,0.0,True
1999-11-08,2.8,11.8,8.085714,11.542857,5.7428575,85.51429,0.47142857,0.44285718,0.64285713,8.171429,8.042857,0.00012934208,0.0016476735,-7.345365000000001e-25,9.313226e-09,0.0,True
1999-11-15,2.784794353823916,1.0,4.428571,8.400001,0.31428573,87.328575,0.27142859,0.24285714,0.2857143,8.171429,4.3285713,1.5318394e-05,0.0016773939,-7.345365000000001e-25,0.0,0.0,True
1999-11-22,2.800713583545598,32.4,1.6,3.3857143,-0.6,88.22858,0.21428572,0.21428572,0.3285714,8.771428,1.1285714,0.00022339821,0.0017093644,0.00027900081,0.0003585834,0.00080072135,True
1999-11-29,2.794016583163633,6.4,7.2000003,9.014286,4.9,91.85714,0.25714287,0.25714287,0.42857143,9.285714,5.2714286,0.00026274472,0.0017560422,7.591361e-05,0.0004427191,0.0,True
1999-12-06,2.8815814108561306,76.2,5.7571425,7.9714284,2.9428573,85.87142,0.87142855,0.87142855,0.6857143,10.4,4.3714285,0.0055612177,0.0024898946,0.00013664222,0.0008907635,0.00113355,True
1999-12-13,2.94,51.4,6.357143,8.571428,4.5571427,88.0,0.6285715,0.6285715,0.5142857,11.442857,5.257143,0.003568925,0.003120482,3.7465776e-05,0.00034868345,0.0005925633,True
1999-12-20,2.957328784312031,17.8,1.5857143,3.5,-0.40000004,88.07143,0.2857143,0.2857143,0.29999998,11.114285,1.1,0.00049190223,0.0043766126,0.002152159,0.0032737628,0.0055856593,True
1999-12-27,3.0247459021403573,24.5,2.8428574,4.928571,0.08571429,88.75715,0.4142857,0.4142857,0.4,10.914286,1.6285714,0.0033666268,0.0060562342,0.0016533193,0.0042349063,0.0027917996,True
2000-01-03,2.967860339450996,14.3,3.6571429,5.285714,1.2857143,94.97143,0.075,0.075,0.14285715,10.85,1.05,0.000731647,0.007897839,0.0007221528,0.0015479289,4.7273934e-06,True
2000-01-10,2.96,7.8999996,4.2428575,6.4714284,2.3285716,92.72857,0.25714287,0.25714287,0.25714284,10.542857,3.3428571,0.0002899319,0.009281859,2.8099332e-06,1.9241124e-05,0.0,True
2000-01-17,2.959513257718499,1.7,3.0714285,4.114286,1.1428572,87.12858,0.28571433,0.28571433,0.41428572,10.214286,1.7714286,6.3844025e-05,0.009927399,4.1921932e-05,0.00011537224,0.000118136406,True
2000-01-24,2.9049796405128,14.800001,1.7285715,3.9857142,-0.51428574,79.21429,0.37142858,0.37142858,0.4857143,10.242857,1.8714286,0.00019765645,0.009730101,0.0015277124,0.00088022277,0.005120214,True
2000-01-31,2.967898433590117,22.3,4.5285716,6.057143,2.2142856,89.01428,0.71428573,0.71428573,0.5714286,10.657143,3.0285714,0.002437383,0.009837672,0.0011305582,0.00426862,2.9936433e-05,True
2000-02-07,2.943059092635276,8.5,6.828572,8.2,4.8428574,87.52857,0.6857143,0.6857143,0.62857145,10.542857,5.8142858,0.0003709793,0.009965122,3.1789145e-07,4.45731e-06,0.0,True
2000-02-14,2.93,26.800001,5.1285715,7.371429,3.2285714,82.42857,0.9571429,0.9571429,0.82857144,10.557143,4.285714,0.0013746023,0.0106415525,6.2704086e-05,0.0003340356,0.0004603453,True
2000-02-21,2.9296139821109914,16.5,2.6571429,5.1142855,0.18571432,87.64286,0.5714286,0.5857143,0.4857143,10.642858,2.7571428,0.0006063655,0.011795968,0.001680851,0.0038078018,0.0052215382,True
2000-02-28,2.947995765771508,8.2,4.6714287,7.9,1.4,85.84286,0.8428572,0.8428572,0.82857144,10.314285,4.1857142,0.00039229542,0.012808785,0.00045927367,0.0019803438,0.000411544,True
2000-03-06,2.975385100552652,34.2,4.4857144,6.914286,1.6142857,83.21429,1.0857143,1.0857143,1.0,10.714286,3.9857142,0.0028119013,0.013796702,0.0016121126,0.004428113,0.006130673,False
2000-03-13,3.07,39.6,6.857143,9.0,4.542857,88.15714,0.9,0.9,0.8428572,11.014286,6.4857144,0.0029184222,0.016291402,0.00011281172,0.001725452,1.2349337e-05,True
2000-03-20,3.0984044126489056,10.3,5.3428574,7.1857147,2.9857144,89.08571,0.9428572,0.9428572,0.9142857,10.5,5.857143,0.0004543662,0.018277548,2.6055745e-06,1.5659258e-05,1.565367e-05,True
2000-03-27,3.1071387566650177,10.200001,6.2714286,9.528572,3.1000001,86.91429,1.042857,0.9857143,1.1142857,10.157143,7.5857143,0.00024242699,0.017284796,-7.345365000000001e-25,3.5390258e-08,0.0,False
2000-04-03,3.0596607619156866,5.7999997,6.4857144,9.257143,3.6714287,81.65714,1.1,1.0285714,1.3000001,10.142858,6.785714,5.1893294e-05,0.0150978565,1.3113022e-06,7.828698e-06,7.797033e-06,True
2000-04-10,3.009591587332076,0.1,5.8,9.328572,2.457143,75.61428,1.6285714,1.3285714,1.7571429,9.585714,8.171429,3.2141805e-05,0.012882791,-7.345365000000001e-25,0.0,0.0,True
2000-04-17,2.98,5.8999996,7.2714286,11.17143,2.6000001,79.557144,1.457143,1.3428571,1.6857141,9.342857,7.8285713,0.00023065507,0.010942936,-7.345365000000001e-25,0.0,0.0,True
2000-04-24,2.9943719777558906,18.8,11.828572,16.314287,7.971429,82.75714,1.9857142,1.7428571,2.1,9.114285,13.185715,0.00037315488,0.009444945,-7.345365000000001e-25,7.450581e-09,0.0,True
2000-05-01,2.9548958157268985,0.0,14.442857,19.142857,9.2,80.1,2.4857142,2.0857143,2.6571429,8.814285,16.042856,8.930266e-05,0.008292109,-7.345365000000001e-25,1.4901161e-08,0.0,True
2000-05-08,2.9645684198910804,0.0,15.528572,21.0,9.914286,69.6,3.4857142,2.6142857,3.8999999,7.9428573,17.642857,2.5987625e-05,0.0073266327,-7.345365000000001e-25,1.8626451e-08,0.0,True
2000-05-15,2.94,0.0,17.185715,22.885715,9.599999,57.885715,4.385714,2.1571429,4.857143,6.6857142,20.057142,0.0,0.0063494146,-7.345365000000001e-25,7.450581e-09,0.0,True
2000-05-22,2.935292005222621,20.6,13.342857,17.642857,9.242857,73.74286,2.8,1.7857143,3.1714287,6.3285713,16.585714,0.0002386719,0.005483933,-7.345365000000001e-25,3.7252903e-09,0.0,True
2000-05-29,2.948084660470941,26.9,12.7,16.414286,8.857142,76.8,2.8714287,2.442857,2.7571428,6.6,14.485714,0.00053210557,0.004847966,-7.345365000000001e-25,1.4901161e-08,0.0,True
2000-06-05,2.9208217642516403,27.199999,13.885715,17.671429,9.114286,79.14286,2.5714285,2.085714,2.7428572,6.6,16.642857,0.0008100867,0.00438641,-7.345365000000001e-25,1.1175871e-08,0.0,True
2000-06-12,2.93,2.7,15.67143,19.885715,11.0,74.75714,3.4285715,2.5142858,3.6571429,6.8,18.357143,0.00070512295,0.0040599033,-7.345365000000001e-25,1.4901161e-08,0.0,True
2000-06-19,2.871579816680341,6.3,15.985715,20.014286,11.228571,72.74286,3.5714285,1.9714285,3.7,6.0285716,18.8,8.678436e-05,0.0037795678,-7.345365000000001e-25,1.1175871e-08,0.0,True
2000-06-26,2.8641285995231947,36.8,17.042858,20.6,13.985715,74.98572,3.5428574,2.2857144,3.6714284,5.785714,19.257143,0.0005887002,0.003476806,-7.345365000000001e-25,1.4901161e-08,0.0,True
2000-07-03,2.846174223633424,12.3,13.728571,16.4,10.828572,77.88572,2.4142857,1.7857143,2.6571429,5.885714,15.442857,0.00015893579,0.0032690465,-7.345365000000001e-25,1.4901161e-08,0.0,True
2000-07-10,2.861549442682397,13.699999,15.057143,18.0,12.642858,79.1,2.4285715,1.8571428,2.4857142,5.9857144,17.485714,0.00018265843,0.0030819923,-7.345365000000001e-25,2.2351742e-08,0.0,True
2000-07-17,2.86,12.0,14.057143,16.785715,11.5,82.971436,2.1571429,1.7857143,2.3428571,6.4,15.957143,0.00032444298,0.0029353648,-7.345365000000001e-25,2.2351742e-08,0.0,True
2000-07-24,2.8403604631538206,7.6000004,15.300001,17.87143,12.585714,84.74286,2.2571428,1.6714286,2.4714284,6.0857143,17.5,0.00010058284,0.002807714,-7.345365000000001e-25,2.6077032e-08,0.0,True
2000-07-31,2.846573239427463,60.4,16.428572,18.87143,14.371429,85.41429,1.8285714,1.5285714,2.1571429,6.9428573,18.657143,0.00023771822,0.0026900321,-7.345365000000001e-25,2.2351742e-08,0.0,False
2000-08-07,2.862263453336883,11.8,16.528572,20.042858,13.228571,83.27143,2.4428573,2.057143,2.5857143,7.2,19.514286,0.00036572665,0.002584517,-7.345365000000001e-25,1.8626451e-08,0.0,True
2000-08-14,2.82,5.7000003,17.300001,20.728573,12.971429,80.62858,2.357143,1.8571428,2.642857,6.7,19.385714,0.00013374537,0.0024981052,-7.345365000000001e-25,1.8626451e-08,0.0,True
2000-08-21,2.797841515425697,10.1,17.2,20.885714,14.057143,79.185715,2.2714286,1.8857143,2.5714285,6.4714284,20.028572,0.00024501234,0.0024060607,-7.345365000000001e-25,1.3038516e-08,0.0,False
2000-08-28,2.808332232667702,6.2,16.057142,19.514286,11.485715,74.37142,2.2285714,1.5857143,2.642857,6.357143,17.985714,0.00022852421,0.0023139194,-7.345365000000001e-25,2.0489097e-08,0.0,True
2000-09-04,2.76038650353588,20.2,14.2,18.171429,10.757143,79.41429,1.8714285,1.4714286,2.3142858,6.385714,16.671429,0.0006251484,0.0022337735,-7.345365000000001e-25,7.450581e-09,0.0,True
2000-09-11,2.75,17.2,15.1,17.885715,11.914286,85.85714,1.3285714,1.1571428,1.542857,7.071429,16.142857,0.0009005666,0.0021888688,-7.345365000000001e-25,1.6763806e-08,0.0,True
2000-09-18,2.7636022996854925,20.2,15.271429,17.942858,13.114286,90.04286,1.057143,0.9714285,1.2285715,7.1285715,16.12857,0.002170369,0.002189517,-7.345365000000001e-25,2.4214387e-08,0.0,True
2000-09-25,2.7466003343581167,4.1,11.214286,15.471429,7.8,77.62858,1.3857143,1.1285714,1.8714286,7.114286,13.071428,0.00013914704,0.0022528768,-7.345365000000001e-25,9.313226e-09,0.0,True
2000-10-02,2.754214853874928,28.3,14.785714,18.185715,11.285714,87.185715,0.95714283,0.88571423,1.2714285,7.4714284,15.114285,0.00029098988,0.0023245662,-7.345365000000001e-25,1.8626451e-08,0.0,True
2000-10-09,2.754769924344091,14.5,10.6285715,14.371429,7.371429,86.457146,0.71428573,0.6857143,0.94285715,7.714286,11.542857,0.0001219511,0.0024051443,-7.345365000000001e-25,9.313226e-09,0.0,True
2000-10-16,2.7468535185900413,12.1,11.014285,14.771429,7.614286,84.35714,0.9285714,0.88571423,1.0285714,8.042857,10.257143,0.00022423267,0.0024656132,-7.345365000000001e-25,1.1175871e-08,0.0,False
2000-10-23,2.702382803982828,5.9,11.785714,14.742858,8.271429,87.01429,0.5285714,0.4857143,0.7714286,7.9714284,10.842857,0.00020092726,0.0025350675,-7.345365000000001e-25,1.3038516e-08,0.0,True
2000-10-30,2.71,18.4,10.7,12.942857,9.042857,86.07143,1.1285714,1.1142857,0.9857143,8.971429,10.2,0.0010829717,0.0026388168,-7.345365000000001e-25,1.3038516e-08,0.0,True
2000-11-06,2.706593799537796,13.6,7.4000006,9.828572,5.0,84.25714,0.51428574,0.51428574,0.7285714,9.514286,6.6571426,0.0002098456,0.0030007586,-7.345365000000001e-25,5.5879354e-09,0.0,False
2000-11-13,2.7,12.1,8.257143,10.028572,6.4428573,83.92857,0.61428577,0.61428577,0.7571429,9.857142,7.142857,0.00037349015,0.0033950284,-7.345365000000001e-25,1.1175871e-08,0.0,True
2000-11-20,2.725455803574537,4.5,6.214286,8.1,3.914286,87.34286,0.37142855,0.35714287,0.5,9.942857,5.714286,0.00017379224,0.0037547424,-7.345365000000001e-25,0.0,0.0,True
2000-11-27,2.729964333835781,5.2999997,5.6857147,8.342857,2.7142856,87.98572,0.3,0.3,0.44285718,9.814285,4.4428573,0.00014087558,0.004075676,-7.345365000000001e-25,0.0,0.0,True
2000-12-04,2.7054786175024352,8.1,9.157143,11.385714,6.057143,87.91429,0.27142859,0.27142859,0.45714286,9.985714,7.285714,0.0003452897,0.0043600798,-7.345365000000001e-25,3.7252903e-09,0.0,True
2000-12-11,2.7048086306079187,29.099998,9.1,11.0,7.1714287,86.0,0.4857143,0.4857143,0.67142856,10.1,7.2,0.0010450557,0.0046946555,-7.345365000000001e-25,3.7252903e-09,0.0,True
2000-12-18,2.71,20.5,6.5,8.571428,4.8142858,86.17143,0.6285714,0.6285714,0.6857143,10.914286,5.714286,0.0021141097,0.0058954433,3.5989851e-06,2.4748966e-05,2.6773661e-05,True
2000-12-25,2.7064833681015807,0.0,-2.1571429,-0.28571427,-4.257143,89.27143,0.014285714,0.014285714,0.18571429,10.357142,-0.55714285,1.2822449e-05,0.007221073,0.0002698217,5.412847e-06,0.0012912303,True
2001-01-01,2.6804155663823126,5.9,-0.071428575,1.2428571,-2.0714285,90.67143,0.116666675,0.116666675,0.24285714,10.333333,-0.5,0.00026603043,0.0076072738,0.0045263595,0.0030444749,0.0067631193,True
2001-01-08,2.68,15.4,5.2571435,7.085714,3.0142858,88.57143,0.38571426,0.38571426,0.44285718,10.6285715,2.7,0.0022978485,0.008087829,0.0006480728,0.0052214134,0.0,True
2001-01-15,2.67676089406255,1.5,-0.14285712,2.1714287,-2.1142857,92.471436,0.08571429,0.08571429,0.18571429,10.342857,0.64285713,5.7525933e-05,0.008662075,0.00013752778,2.3562461e-05,0.00043780357,True
2001-01-22,2.660738094088885,6.6,-1.8714286,-0.55714285,-3.8714287,91.22857,0.028571429,0.028571429,0.17142858,10.271428,-1.1714286,6.556511e-06,0.008782707,0.0033214036,7.410161e-05,0.0062957853,True
2001-01-29,2.663628135343165,12.3,3.8285713,5.5285716,1.2857143,90.557144,0.24285717,0.24285717,0.3857143,10.5,1.2285714,0.0007857233,0.008710846,0.0009648346,0.006625168,0.0001684837,True
2001-02-05,2.650594936270072,28.2,-0.8142858,1.1999999,-3.142857,88.9,0.12857144,0.12857144,0.3285714,10.471429,0.12857144,0.0022500902,0.0091367215,0.0024258182,0.00721409,0.013656061,True
2001-02-12,2.67,16.5,5.7000003,8.785714,2.0428572,86.67143,0.68571424,0.68571424,0.67142856,10.942857,4.1285715,0.0023830235,0.01180774,0.0009827046,0.009231532,0.0009733066,True
2001-02-19,2.6420879916897047,5.3,3.1857142,5.2571425,0.62857145,92.84286,0.37142864,0.3571429,0.40000004,10.3714285,3.6714287,0.00016459823,0.013039462,1.5349615e-05,5.4514036e-05,2.8308481e-05,True
2001-02-26,2.626611622026192,12.0,1.4,3.7857144,-0.72857136,85.67143,0.5,0.4857143,0.6571428,10.271428,2.0428572,0.00023441017,0.012908056,0.0033754678,0.0014853198,0.011631448,True
2001-03-05,2.6085351503142866,0.7,-0.48571435,1.9285715,-2.6857145,81.48572,0.44285712,0.42857143,0.7,10.214286,0.7714286,8.761138e-05,0.012305453,0.008977147,0.0032923669,0.0019990616,True
2001-03-12,2.62,7.9,6.428571,9.485715,3.2857144,84.27143,0.82857144,0.8142857,0.9857143,10.071428,5.5,0.0013799071,0.011463165,0.002143525,0.007121833,3.9488077e-07,True
2001-03-19,2.6772701890674746,62.3,2.8142858,5.3,0.95714283,87.17143,0.81428576,0.8000001,0.8428572,10.485714,4.1571426,0.0004554093,0.010815531,0.0034701142,0.0020241085,0.025985405,True
2001-03-26,2.6750677127770044,1.2,0.3,2.5142858,-1.9285715,79.91429,0.71428573,0.7,0.9857143,10.557143,1.5142857,0.00069493055,0.010463908,0.017880786,0.014464185,0.0037525296,True
2001-04-02,2.677562764410562,12.0,6.7999997,10.685715,2.3714287,76.88572,1.3714286,1.3142856,1.6142857,10.1,6.1857142,0.001857467,0.010862827,0.0033098913,0.008296493,5.032122e-05,True
2001-04-09,2.6504889730938777,15.200001,8.328572,12.257143,4.4857144,79.38572,1.6285715,1.5857142,1.8000001,9.942857,8.785714,0.00080373883,0.011116572,6.414595e-07,8.49925e-06,0.0,True
2001-04-16,2.66,18.2,4.9428573,7.3428574,2.2714286,75.72857,1.3714285,1.2857144,1.5714285,9.928572,6.3714285,0.00048550963,0.011182949,0.00082189695,0.005199246,0.005728932,True
2001-04-23,2.68,15.6,4.914286,8.085714,1.6285715,80.97143,1.6714284,1.5999998,1.6999999,10.257143,6.857143,0.0007328987,0.011296965,0.00012656052,0.00071329623,3.7692487e-05,True
2001-04-30,2.6632085012544264,21.8,9.728572,13.414286,5.7285714,81.38572,1.8571428,1.7571428,2.0571427,10.171429,11.214286,0.00073571503,0.011399336,2.2138867e-07,2.3245811e-06,0.0,False
2001-05-07,2.640451974416892,2.3,10.114286,14.457144,5.7571425,72.84286,2.642857,2.3,2.8857143,9.585714,13.057143,7.1406364e-05,0.010968745,-7.345365000000001e-25,3.7252903e-09,0.0,True
2001-05-14,2.63,0.0,15.271429,20.657145,8.157143,65.04286,3.9714286,2.9285715,4.285714,8.385715,17.814285,5.5134296e-07,0.009944871,-7.345365000000001e-25,3.7252903e-09,0.0,True
2001-05-21,2.6310505343549093,15.8,11.614286,15.271429,8.6,78.91429,2.4428573,2.0714285,2.957143,8.014286,14.657143,0.00032749772,0.008665122,-7.345365000000001e-25,3.7252903e-09,0.0,True
2001-05-28,2.6200383773330738,13.8,13.557143,17.528572,8.6,79.37144,2.942857,2.0857143,3.1285713,7.1857142,17.557142,6.9990754e-05,0.007547155,-7.345365000000001e-25,0.0,0.0,True
2001-06-04,2.608412546534813,26.8,12.185715,14.542857,9.757143,81.17143,2.2857144,1.9428571,2.5571427,7.285714,14.1,0.0015625507,0.0066357628,-7.345365000000001e-25,7.450581e-09,0.0,True
2001-06-11,2.625088007598406,9.2,12.114286,15.300001,8.571428,73.28571,2.7714286,2.3714283,3.2,7.614286,15.342857,0.00018331409,0.006100036,-7.345365000000001e-25,3.7252903e-09,0.0,True
2001-06-18,2.632682471327416,77.799995,13.542857,17.128572,9.900001,76.87144,2.885714,2.5142858,3.2571428,7.357143,16.971428,0.0027872175,0.0056697503,-7.345365000000001e-25,1.4901161e-08,0.0,True
2001-06-25,2.663164395110194,9.5,13.5,15.957144,10.157144,78.471436,2.7142856,2.1714287,2.9285715,7.6,16.8,0.00025738776,0.0053394586,-7.345365000000001e-25,1.8626451e-08,0.0,True
2001-07-02,2.65,24.0,17.585714,21.5,13.157144,78.44286,3.3999999,2.6714287,3.6571429,7.4428573,20.814285,0.0034904182,0.005060442,-7.345365000000001e-25,2.2351742e-08,0.0,True
2001-07-09,2.6691908738097694,10.2,21.17143,25.285715,16.585714,72.11429,4.1,2.7285714,4.714286,6.8,23.214285,0.00014553964,0.004809484,-7.345365000000001e-25,2.9802322e-08,0.0,True
2001-07-16,2.63,18.2,15.8714285,19.428572,12.528571,78.01429,2.8999999,2.7,3.2571428,7.5857143,18.314285,0.0029060692,0.004572332,-7.345365000000001e-25,2.6077032e-08,0.0,True
2001-07-23,2.6421687889998147,18.5,17.528572,21.52857,13.385715,76.15714,2.957143,2.5285716,3.5142858,7.6,20.171429,0.0009982586,0.0044295713,-7.345365000000001e-25,2.2351742e-08,0.0,True
2001-07-30,2.621392399104375,8.5,19.77143,23.514286,15.314286,76.77143,3.6000001,2.7714288,4.385714,7.0857143,23.942858,0.00013621897,0.004283108,-7.345365000000001e-25,2.2351742e-08,0.0,True
2001-08-06,2.6301116031131992,31.099998,17.071428,20.614286,12.742858,77.12858,2.7,2.2428572,3.1142857,6.857143,19.585714,0.00049445033,0.004102707,-7.345365000000001e-25,2.0489097e-08,0.0,True
2001-08-13,2.69,57.2,15.957143,18.385715,13.657143,82.51429,2.2571428,2.2,2.4428573,8.414286,17.27143,0.008298069,0.0042975023,-7.345365000000001e-25,3.1664968e-08,0.0,True
2001-08-20,2.676937149888466,0.7,20.457144,25.0,15.742858,76.1,2.7857144,2.357143,3.6,8.442857,22.142857,0.00012536347,0.004405901,-7.345365000000001e-25,2.6077032e-08,0.0,True
2001-08-27,2.65273437350553,24.9,20.857143,25.514286,15.957143,74.77143,2.9285715,2.357143,3.5857143,7.885714,23.242857,0.0024743527,0.0045083165,-7.345365000000001e-25,1.4901161e-08,0.0,True
2001-09-03,2.604061501006567,14.0,15.757143,18.642857,12.771429,79.77143,1.7142859,1.5428572,2.3142858,7.9142857,17.542856,0.00043913722,0.0044013485,-7.345365000000001e-25,2.0489097e-08,0.0,True
2001-09-10,2.63,119.7,13.5,16.242857,10.971429,84.1,1.7714285,1.7714285,1.8428571,9.6,14.2,0.015444979,0.007926814,-7.345365000000001e-25,2.2351742e-08,0.0,True
2001-09-17,2.7465319127870886,41.1,12.342857,15.1285715,9.728572,85.74286,1.3428572,1.3571428,1.5571429,10.857142,13.342857,0.012873143,0.009796642,-7.345365000000001e-25,1.6763806e-08,0.0,True
2001-09-24,2.839140086790889,33.2,12.028572,14.414286,9.557143,89.08572,1.0,1.0,1.1999999,11.1,12.542857,0.002234593,0.012514256,-7.345365000000001e-25,9.313226e-09,0.0,False
2001-10-01,2.8974526288388365,27.6,13.542857,16.6,10.742858,89.814285,0.94285715,0.92857134,1.1714286,10.814285,13.9,0.0014283806,0.013487048,-7.345365000000001e-25,9.313226e-09,0.0,True
2001-10-08,2.9248752905605646,12.2,13.942858,17.114286,11.642858,86.1,0.9142857,0.90000004,1.3857143,10.642858,14.1285715,0.0016243756,0.014270015,-7.345365000000001e-25,1.8626451e-08,0.0,True
2001-10-15,2.92,13.200001,14.842857,17.985714,11.885715,85.67143,0.9142858,0.85714287,1.3428571,10.157143,14.385715,0.00024925917,0.013636626,-7.345365000000001e-25,1.3038516e-08,0.0,True
2001-10-22,2.91,2.9,11.857142,14.67143,8.985715,88.82857,0.58571434,0.50000006,0.8428572,9.8714285,12.471429,0.00012379885,0.012597665,-7.345365000000001e-25,1.6763806e-08,0.0,True
2001-10-29,2.906780216314244,9.3,11.400001,13.271429,9.828572,89.58572,0.5857143,0.5857143,0.78571427,10.085714,10.942857,0.0003406778,0.011452481,-7.345365000000001e-25,1.8626451e-08,0.0,True
2001-11-05,2.888780046038678,33.2,11.1,13.1,9.071428,80.28571,0.9285714,0.94285715,1.3571428,10.2,9.928572,0.0003374219,0.010582775,-7.345365000000001e-25,1.3038516e-08,0.0,False
2001-11-12,2.9289543501281115,26.8,5.8285713,8.114286,3.114286,82.94286,0.61428577,0.61428577,0.8142857,10.8,5.3142858,0.0020779744,0.010458626,-7.345365000000001e-25,1.0430813e-07,1.0430813e-07,False
2001-11-19,2.96,4.1,5.657143,8.114286,2.4714286,90.042854,0.22857144,0.22857144,0.27142859,10.328571,4.8,4.7028065e-05,0.010837883,-7.345365000000001e-25,5.5879354e-09,0.0,True
2001-11-26,2.969584570955591,23.7,5.8,8.171429,2.7857144,89.42857,0.4,0.3857143,0.41428572,10.685715,4.885714,0.0014198571,0.010635443,-7.345365000000001e-25,3.7252903e-09,0.0,True
2001-12-03,3.04972358338976,30.099998,5.4714284,7.2428575,3.4857142,94.5,0.18571429,0.18571429,0.24285714,10.857142,4.8285713,0.0013769493,0.010894552,4.3028876e-06,3.200397e-05,3.0640513e-05,True
2001-12-10,3.11,26.4,2.9714286,5.0285716,0.7428571,92.88572,0.18571429,0.18571429,0.15714286,10.914286,2.4142857,0.0025393367,0.013951622,5.8185487e-06,1.2140721e-05,2.4255365e-05,True
2001-12-17,3.065997869787832,0.8,0.2571429,2.9428573,-2.3285716,92.12858,0.08571429,0.08571429,0.114285715,10.257143,0.42857143,2.618134e-05,0.0145181045,1.42880845e-05,2.4467707e-05,4.3246895e-05,True
2001-12-24,3.0833517117576514,41.1,0.88571423,3.5857143,-2.2857144,87.11428,0.18571429,0.18571429,0.41428572,10.9,0.1,0.0028799698,0.013567947,0.0010202839,0.0028393604,0.0050531365,True
2001-12-31,3.1612952409749617,50.0,0.22857144,2.8428571,-1.8571428,92.91429,0.2857143,0.2857143,0.2,11.414286,0.51428574,0.0017532036,0.012206331,0.0043404764,0.005727142,0.011306312,False
2002-01-07,3.155413036774111,3.5,-0.15714288,2.5142858,-3.2714288,86.35714,0.15714286,0.15714286,0.22857143,10.442857,-0.54285717,0.0003990829,0.015989259,0.003812733,0.008453069,7.084757e-05,True
2002-01-14,3.14,1.2,1.1428572,2.7142856,-0.4857143,94.57143,0.114285715,0.114285715,0.114285715,10.285714,-0.042857144,0.0001398921,0.015541494,0.0010708059,0.0019208174,0.0013205297,True
2002-01-21,3.152149964171049,16.5,4.557143,6.057143,2.5714285,92.35714,0.3285714,0.3285714,0.41428572,10.457143,2.1714287,0.0004002154,0.014327437,0.0001598994,0.0006287601,8.203089e-06,True
2002-01-28,3.215221294098848,31.900002,7.3,9.057143,4.6857142,83.98572,0.98571426,0.98571426,0.90000004,10.985714,5.9,0.0017992631,0.013289958,5.1089696e-08,7.338822e-07,0.0,True
2002-02-04,3.18145222233153,16.4,9.385715,12.185715,6.957143,77.52857,1.0571429,1.042857,1.3714286,10.7,7.428571,0.0007525012,0.013706461,-7.2791902999999985e-25,1.8626451e-09,0.0,True
2002-02-11,3.22,36.0,8.342857,9.714286,6.1285715,87.15715,0.87142855,0.88571423,0.8428572,10.671429,7.3285713,0.0041860566,0.014919445,-7.2791902999999985e-25,7.450581e-09,0.0,True
2002-02-18,3.2326045659687668,4.8,3.0857143,6.371429,-0.1285714,79.64286,0.7999999,0.7857142,0.71428573,10.571428,3.9571428,0.0014738962,0.018763274,-7.2791902999999985e-25,2.9802322e-08,3.7252903e-08,True
2002-02-25,3.3218032243439946,55.6,3.1000001,6.014286,0.5857143,83.28571,1.1428572,1.1428572,0.88571423,11.085714,3.0142858,0.007999949,0.019742273,0.0037693863,0.012604872,0.0167289,True
2002-03-04,3.3669000945288827,15.7,4.785714,7.0285716,1.9428571,84.92857,1.0857142,1.0857142,0.9285714,11.085714,4.3,0.009708345,0.028980203,0.0004769053,0.0045730174,0.00059014186,True
2002-03-11,3.35,10.4,7.2714286,9.471429,4.9857144,80.3,1.3142856,1.3142856,1.3857143,10.3,6.614286,0.0013010055,0.024485469,6.897109e-06,6.617792e-05,0.0,True
2002-03-18,3.350989825014558,8.9,5.785714,9.085714,3.0571427,82.72858,0.95714283,0.9285714,1.1714286,10.1,5.9857144,0.00019851327,0.019209594,1.4759246e-07,7.171184e-07,7.301569e-07,True
2002-03-25,3.385868060394593,5.5,4.3714285,6.9428573,1.9,80.85714,1.1999999,1.1428572,1.2285715,10.214286,5.9142857,0.00029484928,0.015652679,8.5149495e-08,1.13621354e-07,1.1324883e-06,True
2002-04-01,3.3469461332574384,0.0,6.9857144,12.385715,1.2857143,67.50001,1.7285713,1.4428571,1.9857142,9.6,8.3,5.2005053e-06,0.013360761,3.292447e-07,9.778887e-07,0.0,True
2002-04-08,3.294618909836273,0.0,7.6,12.642858,3.0142858,63.54286,2.442857,1.8285713,2.7142856,8.728572,9.857142,1.3411045e-07,0.011214867,-7.2791902999999985e-25,0.0,0.0,True
2002-04-15,3.27,11.0,7.1,9.900001,3.5428574,80.700005,1.3571427,1.0714284,1.6571429,8.157143,8.885715,0.00019356608,0.009437561,-7.2791902999999985e-25,0.0,0.0,True
2002-04-22,3.259986250434015,3.6999998,8.814286,12.028571,5.5142856,83.685715,1.4285713,1.2285715,1.7428571,8.528571,10.471429,0.00016245246,0.008152559,-7.2791902999999985e-25,0.0,0.0,True
2002-04-29,3.233890871630944,35.5,9.142858,12.271429,6.3285713,85.01429,1.9285715,1.7714287,1.7857143,8.8,11.528571,0.0010893941,0.0072035566,-7.2791902999999985e-25,7.450581e-09,0.0,False
2002-05-06,3.242150493895364,19.5,10.271429,12.585714,7.4428573,86.64286,1.442857,1.4285715,1.6714286,9.985714,10.785714,0.0003476441,0.0066490993,-7.2791902999999985e-25,0.0,0.0,True
2002-05-13,3.210421209782808,4.7999997,13.542857,18.014286,8.900001,83.0,2.3285713,2.0571427,2.7142856,9.742857,15.385715,7.212162e-05,0.0063110963,-7.2791902999999985e-25,1.1175871e-08,0.0,True
2002-05-20,3.23927339853221,2.8,14.042857,17.7,9.985715,78.11428,2.8571427,2.3714287,3.1285713,8.942857,17.042856,0.0001578182,0.005909167,-7.2791902999999985e-25,1.8626451e-08,0.0,True
2002-05-27,3.23,7.2,16.0,20.47143,11.357142,71.957146,3.2857144,2.7857146,3.7142856,8.257143,18.214285,0.000113487244,0.0054378733,-7.2791902999999985e-25,1.8626451e-08,0.0,True
2002-06-03,3.2295508945145297,7.9,14.442858,18.34286,9.942858,72.57143,3.2285714,2.4857144,3.4857142,7.6285715,17.614286,0.00016183406,0.004974149,-7.2791902999999985e-25,7.450581e-09,0.0,True
2002-06-10,3.1933005178014287,12.3,17.757143,21.2,14.657144,76.3,3.0000002,2.1857142,3.457143,7.0142856,19.6,0.0003844425,0.004513696,-7.2791902999999985e-25,2.2351742e-08,0.0,True
2002-06-17,3.17,14.6,16.528572,20.057144,12.971429,79.21429,3.0142856,2.5142858,3.4857142,7.3714285,18.471428,0.0005146712,0.004174739,-7.2791902999999985e-25,2.2351742e-08,0.0,True
2002-06-24,3.152617400653169,24.699999,17.814287,21.9,13.985715,75.98572,3.4857142,2.9285712,3.8142858,7.3428574,20.442858,0.0007189587,0.0038810521,-7.2791902999999985e-25,1.8626451e-08,0.0,True
2002-07-01,3.131755147497917,39.2,14.857142,17.585714,12.271429,77.314285,3.0142856,2.6285713,3.2285714,7.3285713,16.8,0.0031702816,0.003649734,-7.2791902999999985e-25,1.8626451e-08,0.0,True
2002-07-08,3.163946319166421,33.3,15.800001,19.128572,12.528571,81.12858,2.642857,2.5,2.8999999,8.842857,17.057142,0.00088866055,0.0037060902,-7.2791902999999985e-25,2.2351742e-08,0.0,True
2002-07-15,3.16,26.3,18.442858,23.27143,14.014287,75.91429,3.2714286,3.0571427,3.8285713,9.357142,20.757143,0.0029186457,0.0040092915,-7.2791902999999985e-25,1.8626451e-08,0.0,True
2002-07-22,3.217853194638124,65.8,16.442858,18.442858,14.1285715,80.34286,2.3,2.142857,2.642857,10.271428,18.0,0.008859336,0.0057263672,-7.2791902999999985e-25,2.9802322e-08,0.0,False
2002-07-29,3.200198175575765,9.9,18.785715,22.514286,14.614286,77.18572,3.1142857,2.757143,3.7285714,9.771428,20.028572,0.0003361404,0.006674826,-7.2791902999999985e-25,2.9802322e-08,0.0,True
2002-08-05,3.178600274793925,58.7,21.0,25.5,17.028572,76.91429,3.142857,2.8,3.957143,9.3,23.114286,0.0041623414,0.007034488,-7.2791902999999985e-25,2.2351742e-08,0.0,True
2002-08-12,3.1996179426108755,32.8,19.142857,22.742859,16.171429,83.01428,2.3285716,2.2285714,2.7571428,10.328571,21.385714,0.0026079118,0.0072780326,-7.2791902999999985e-25,1.8626451e-08,0.0,True
2002-08-19,3.17,0.3,20.828571,25.057144,16.300001,76.85714,3.0571427,2.514286,3.9428573,9.428572,23.385714,3.5740435e-05,0.0076112896,-7.2791902999999985e-25,2.2351742e-08,0.0,True
2002-08-26,3.165312259158138,11.1,20.34286,24.357143,16.442858,79.11428,2.4857142,2.142857,3.2285714,9.185715,23.142857,0.00037247688,0.007216543,-7.2791902999999985e-25,2.2351742e-08,0.0,True
2002-09-02,3.147887936884315,0.0,18.685715,22.357143,14.985715,76.1,2.2285714,1.8,3.0142858,9.2,21.442858,3.876537e-05,0.0067245513,-7.2791902999999985e-25,1.6763806e-08,0.0,True
2002-09-09,3.124914345662646,9.0,18.257143,22.885715,13.6285715,72.5,2.3142855,1.8142856,3.1714287,8.5,19.62857,0.00011046231,0.0061904043,-7.2791902999999985e-25,2.2351742e-08,0.0,True
2002-09-16,3.11672941128612,5.3999996,16.77143,20.571428,12.6285715,76.65715,1.7714287,1.3000001,2.5571427,8.257143,18.414286,0.00096675754,0.0056587607,-7.2791902999999985e-25,1.8626451e-08,0.0,True
2002-09-23,3.06,34.8,13.7,16.057142,11.900001,79.557144,1.2428571,1.0428572,1.7571429,8.042857,14.742857,0.00025544316,0.0052100495,-7.2791902999999985e-25,1.4901161e-08,0.0,True
2002-09-30,3.045206173131921,11.5,12.514285,15.657143,9.014286,79.44286,1.0428572,0.91428566,1.4571428,8.2,13.042857,0.000112354755,0.004841946,-7.2791902999999985e-25,1.4901161e-08,0.0,True
2002-10-07,3.0761800435816813,46.2,11.271429,15.000001,7.428571,81.17143,0.9857144,0.90000004,1.3285714,8.542857,12.357142,0.0009280592,0.004543647,-7.2791902999999985e-25,9.313226e-09,0.0,False
2002-10-14,3.1,1.6,5.914286,8.785714,3.2428572,76.67143,0.7714286,0.7142858,1.2142857,9.457143,7.0142856,2.4557114e-05,0.004340239,-7.2791902999999985e-25,1.8626451e-09,0.0,True
2002-10-21,3.059178797524749,54.6,6.7000003,9.685715,4.142857,87.314285,0.61428577,0.61428577,0.75714284,10.114285,7.214286,0.0023323968,0.0042057633,-7.2791902999999985e-25,3.7252903e-09,0.0,False
2002-10-28,3.10343581397268,60.2,9.528571,12.485715,6.1,83.17143,1.2571429,1.2571429,1.1285714,11.3,8.528571,0.0022160932,0.0043878853,-7.2791902999999985e-25,1.1175871e-08,0.0,True
2002-11-04,3.1693100859629384,26.0,5.728572,7.8285713,3.5285716,87.28571,0.44285718,0.44285718,0.5857143,11.157143,5.8285713,0.0023371577,0.0061100274,-7.2791902999999985e-25,3.7252903e-09,0.0,True
2002-11-11,3.197801271137972,22.400002,3.614286,5.7428575,1.0857143,89.52857,0.35714287,0.35714287,0.44285712,11.1,3.6,0.0017737895,0.008546174,1.0785602e-06,5.673617e-06,5.5357814e-06,True
2002-11-18,3.24,21.5,7.785714,9.285714,5.414286,89.94286,0.24285717,0.24285717,0.5428571,10.885715,6.4428573,0.000958249,0.010139316,-7.2791902999999985e-25,1.6763806e-08,0.0,True
2002-11-25,3.232755579674737,7.2,2.8999999,5.071429,0.22857143,92.71429,0.15714286,0.15714286,0.18571429,10.557143,3.2285714,0.00013537705,0.0113264695,1.4685449e-05,4.1471794e-05,4.239753e-05,True
2002-12-02,3.1865314230397206,7.7,6.057143,7.5285716,4.428571,94.68572,0.20000002,0.20000002,0.22857143,10.342857,5.257143,0.00014184415,0.011305578,9.650276e-08,1.3075769e-06,0.0,True
2002-12-09,3.174648251145196,0.6,1.0428572,3.0428574,-0.8714286,83.98572,0.15714286,0.15714286,0.45714286,10.271428,1.9,2.7880073e-05,0.010898665,4.1904903e-05,1.4528632e-07,0.000116840005,True
2002-12-16,3.16,3.9,-4.5000005,-2.357143,-6.642857,79.98572,0.0,0.0,0.37142858,10.214286,-2.9142857,2.5302172e-05,0.010300815,0.00026538258,0.0,0.0027244613,True
2002-12-23,3.1491168307201662,6.0,-1.1999999,0.44285712,-3.4285715,94.614296,0.028571429,0.028571429,0.18571429,10.314285,-1.2857143,0.0001142323,0.009583898,0.0033453987,0.0011884924,0.0026945882,True
2002-12-30,3.220045248001377,39.8,3.0285716,4.728572,1.5571429,94.314285,0.114285715,0.114285715,0.27142859,11.071428,0.5714286,0.0025249422,0.009052709,0.0024948744,0.0065804385,0.0026510619,True
2003-01-06,3.3196497254408315,31.6,-2.9714284,0.114285745,-6.457143,90.41429,0.0,0.0,0.21428572,11.2,-0.2,0.0024236292,0.010480642,0.0063846395,0.0011130087,0.009805504,True
2003-01-13,3.2901174073148263,14.299999,-3.4285715,-1.1857145,-7.2000003,90.828575,0.071428575,0.071428575,0.114285715,10.457143,-0.5857143,0.0018786937,0.011416383,0.0103286505,0.009201378,0.0015635267,True
2003-01-20,3.34,7.3,5.0,6.471429,3.0428574,87.17143,0.45714283,0.45714283,0.59999996,10.442857,2.7,0.0003065616,0.012091108,0.00032101927,0.00334033,9.6820295e-06,True
2003-01-27,3.31,11.9,5.071429,6.8428574,3.0428574,91.21429,0.3,0.3,0.41428572,10.3714285,3.9285715,0.00025501102,0.012341306,7.095791e-07,5.794689e-06,0.0,True
2003-02-03,3.31,16.8,-0.45714292,1.9285715,-3.257143,88.15714,0.31428573,0.31428573,0.40000004,10.685715,0.98571426,0.000409469,0.012121171,0.002997739,0.0017659422,0.0069268197,True
2003-02-10,3.31,14.6,0.11428569,2.3714287,-2.3428571,92.32857,0.25714284,0.25714284,0.25714287,10.485714,0.37142858,0.00028511137,0.011917882,0.004486016,0.0052765477,0.002315253,True
2003-02-17,3.31,0.0,-2.5,0.38571426,-5.1285715,79.57143,0.21428573,0.21428573,0.5,10.157143,-0.62857145,2.30968e-06,0.011632159,0.0017639456,7.275492e-05,0.00035113096,True
2003-02-24,3.28,0.0,-0.18571432,3.2571428,-2.8714287,85.185715,0.38571426,0.34285715,0.55714285,10.042857,-0.42857143,2.2873282e-05,0.011089832,0.0016988062,0.0010151844,0.00033871084,True
2003-03-03,3.28,4.4,1.8428572,5.585715,-1.057143,84.8,0.61428565,0.54285717,0.7285714,9.785714,1.5571429,0.00014452636,0.010254338,0.00039300465,0.00082922354,9.447336e-06,True
2003-03-10,3.29,34.4,5.642857,8.042857,3.4714286,86.64286,0.8142857,0.78571427,0.85714287,10.157143,4.6285715,0.0018673465,0.009410813,1.0467711e-05,5.029887e-05,0.0,True
2003-03-17,3.29,0.2,4.114286,8.028571,0.5142857,82.41429,1.0857143,1.0142857,1.0571429,10.228572,5.614286,6.068498e-05,0.008910969,-7.2791902999999985e-25,5.5879354e-09,0.0,True
2003-03-24,3.25,0.0,4.971429,9.714286,0.18571429,66.77143,1.5142857,1.2428571,1.6999999,9.614285,5.9714284,1.07735395e-05,0.008476093,1.4418647e-06,3.354624e-06,4.3176115e-06,True
2003-03-31,3.25,0.0,6.785714,12.3714285,1.7285715,80.22858,1.5285714,1.1857141,1.5285714,8.928572,9.071428,3.553927e-06,0.00787621,2.8383164e-08,5.904585e-07,0.0,True
2003-04-07,3.25,5.7999997,4.6285715,7.657143,0.82857144,69.72858,1.7571428,1.4714286,1.8142856,8.728572,6.1571426,0.00016887486,0.0072291195,4.8024312e-06,7.208437e-07,3.937632e-05,True
2003-04-14,3.17,2.3,5.442857,10.071428,0.25714287,67.08572,1.9999999,1.5428572,2.1857142,8.1285715,6.9,4.5374036e-05,0.0066029355,0.00022217774,0.000733871,0.0007218309,True
2003-04-21,3.17,11.5,11.6285715,17.228573,5.6571426,59.24286,3.442857,2.2999997,3.5857143,7.0857143,12.228572,2.3186207e-05,0.0059465393,4.7116052e-07,6.6533685e-06,0.0,True
2003-04-28,3.17,24.5,12.914286,17.97143,7.3857145,68.328575,2.7,1.6,2.9714284,7.071429,13.6285715,0.001256451,0.005309455,-7.2791902999999985e-25,7.450581e-09,0.0,True
2003-05-05,3.17,21.7,12.814286,17.128572,8.5,74.51428,2.8,2.6571429,2.7571428,8.385715,13.7,0.003102623,0.0048508197,-7.2791902999999985e-25,1.4901161e-08,0.0,True
2003-05-12,3.17,10.4,11.614286,16.028572,6.157143,76.200005,2.5714285,2.1142857,2.6285713,7.8142858,15.014286,0.00021549314,0.0045652688,-7.2791902999999985e-25,0.0,0.0,True
2003-05-19,3.115,49.9,10.528572,14.028572,6.557143,78.700005,2.3857143,2.2,2.4857142,7.571429,13.4,0.001524441,0.0043264106,-7.2791902999999985e-25,7.450581e-09,0.0,True
2003-05-26,3.17,37.4,13.028572,16.2,10.214286,85.6,2.0714285,2.0428572,2.2,9.457143,14.728572,0.0032053739,0.0041962713,-7.2791902999999985e-25,1.4901161e-08,0.0,True
2003-06-02,3.14,0.0,17.628572,22.885715,10.657143,69.35714,4.1285715,3.2,4.6285715,8.657143,21.22857,1.7136335e-07,0.0042791367,-7.2791902999999985e-25,1.1175871e-08,0.0,True
2003-06-09,3.14,40.899998,18.742857,23.828571,14.214286,77.72857,3.4428573,2.8142855,3.8285716,7.9428573,21.828571,0.0002976656,0.0041220114,-7.2791902999999985e-25,2.2351742e-08,0.0,True
2003-06-16,3.155,0.0,16.171429,19.728573,10.900001,74.24286,3.4999998,2.5,3.6285713,7.542857,20.3,5.1796436e-05,0.0038987473,-7.2791902999999985e-25,1.4901161e-08,0.0,True
2003-06-23,3.1,21.4,16.842857,20.800001,12.8,75.471436,3.3999999,2.5428574,3.7142856,6.885714,19.357143,0.00069226325,0.0036537796,-7.2791902999999985e-25,2.2351742e-08,0.0,True
2003-06-30,3.1,8.3,17.357143,21.114286,12.742858,71.72857,3.6285717,1.9285716,3.9428573,6.3,20.642857,8.5905194e-05,0.0034145787,-7.2791902999999985e-25,1.4901161e-08,0.0,True
2003-07-07,3.1,20.9,15.814286,18.27143,13.942858,83.41429,2.3142855,2.0000002,2.5142858,7.042857,17.557142,0.0005555451,0.003197655,-7.2791902999999985e-25,2.6077032e-08,0.0,True
2003-07-14,3.055,1.5,17.557142,21.314287,13.085714,73.299995,3.628571,2.5,4.142857,6.4714284,20.657143,4.7139823e-05,0.0030390099,-7.2791902999999985e-25,2.6077032e-08,0.0,True
2003-07-21,3.0,5.4999995,22.100002,27.442858,16.77143,68.98572,4.5285716,2.357143,5.2000003,5.6571426,24.2,0.00012895465,0.002851665,-7.2791902999999985e-25,2.6077032e-08,0.0,True
2003-07-28,3.0,16.8,19.37143,23.800001,15.171428,75.1,3.4,2.0142856,3.7428572,5.3428574,22.62857,0.00033555925,0.0026598796,-7.2791902999999985e-25,2.2351742e-08,0.0,True
2003-08-04,3.0,0.3,20.657145,25.442858,15.742858,70.15714,3.7142856,0.8285714,4.3428574,5.042857,24.142857,1.2457371e-05,0.002489522,-7.2791902999999985e-25,1.8626451e-08,0.0,True
2003-08-11,2.94,0.0,23.328571,29.557144,16.028572,57.014286,4.8142853,0.6,5.7999997,4.757143,25.557142,2.9802322e-08,0.002299063,-7.2791902999999985e-25,2.2351742e-08,0.0,True
2003-08-18,2.94,7.8,19.84286,23.528574,15.828572,65.942856,3.357143,0.61428577,4.357143,4.5857143,22.471428,6.642938e-05,0.00211256,-7.2791902999999985e-25,2.2351742e-08,0.0,True
2003-08-25,2.92,6.7,17.928572,21.171429,14.442858,75.5,2.3571427,0.61428577,2.9857142,4.742857,19.62857,8.329749e-05,0.0019664168,-7.325276e-25,2.7939677e-08,0.0,True
2003-09-01,2.92,21.9,14.928572,17.328571,12.257143,77.40001,1.9285715,1.1714286,2.4285715,5.1857142,16.328571,0.00028713793,0.0018424541,-7.345365000000001e-25,1.6763806e-08,0.0,True
2003-09-08,2.88,12.2,15.400001,19.171429,11.400001,79.814285,1.9,1.5285714,2.142857,5.5,16.87143,0.00020046532,0.0017363876,-7.345365000000001e-25,1.3038516e-08,0.0,True
2003-09-15,2.85,12.8,14.285714,18.457144,9.957143,80.74286,1.6285714,1.3571428,1.8857143,6.457143,15.885715,0.00024481118,0.001648061,-7.345365000000001e-25,1.3038516e-08,0.0,True
2003-09-22,2.85,7.2,17.785715,23.157145,12.542857,74.6,2.057143,1.542857,2.7,6.0142856,18.385714,3.454089e-05,0.0015736669,-7.345365000000001e-25,1.6763806e-08,0.0,True
2003-09-29,2.85,33.3,11.6285715,15.685715,7.728572,75.185715,1.4714288,1.2571428,1.8,6.114286,12.828571,0.00036643445,0.0015077069,-7.345365000000001e-25,9.313226e-09,0.0,True
2003-10-06,2.85,32.8,10.057143,14.0,5.8857145,84.0,1.0,0.88571435,1.1571429,6.7,10.828571,0.0002707541,0.0014566332,-7.345365000000001e-25,1.1175871e-08,0.0,True
2003-10-13,2.85,28.699999,10.257143,12.914286,7.3428574,81.64286,1.1142857,1.1142857,1.3000001,8.757143,9.557143,0.0016522333,0.0014304817,-7.345365000000001e-25,9.313226e-09,0.0,True
2003-10-20,2.85,2.7,5.4857144,9.800001,1.0714285,81.44286,0.6571428,0.5714286,0.7571429,8.742857,6.642857,2.271682e-05,0.0014286935,-7.345365000000001e-25,0.0,0.0,True
2003-10-27,2.85,20.5,2.642857,5.6,-1.1571429,82.34286,0.54285717,0.51428574,0.5857143,8.828571,3.5285714,0.00023865327,0.001432769,0.00034427075,0.0013237,0.0015336014,True
2003-11-03,2.89,12.799999,6.471429,9.114286,3.6000001,87.67143,0.55714285,0.5428571,0.62857145,9.071428,5.5571427,0.00023332238,0.0014438406,5.671524e-05,0.00023185089,0.0,True
2003-11-10,2.89,0.2,6.085715,9.142858,3.4857144,86.78571,0.42857143,0.4142857,0.54285717,9.5,5.9142857,3.873557e-05,0.001474224,-7.345365000000001e-25,1.8626451e-08,0.0,True
2003-11-17,2.89,7.2,5.071429,7.214286,2.957143,89.67143,0.2714286,0.2714286,0.4,9.442857,4.142857,0.00012035668,0.00151553,-7.345365000000001e-25,3.7252903e-09,0.0,True
2003-11-24,2.85,23.9,9.571428,11.442858,7.8,91.35714,0.38571426,0.38571426,0.5285714,10.014286,8.528571,0.0010053217,0.0015590414,-7.345365000000001e-25,9.313226e-09,0.0,True
2003-12-01,2.85,0.90000004,5.542857,7.7571435,2.7428572,93.07143,0.18571429,0.18571429,0.22857143,10.3,5.3714285,0.00017671287,0.0016770065,-7.345365000000001e-25,2.1606684e-07,2.0489097e-07,True
2003-12-08,2.85,0.2,4.0,6.285714,1.6714287,83.799995,0.25714287,0.25714287,0.5,10.071428,3.5428572,4.156679e-05,0.0018576682,-7.345365000000001e-25,1.8626451e-09,0.0,True
2003-12-15,2.85,50.600002,2.6857145,5.2571425,-0.88571423,86.200005,0.44285718,0.42857143,0.3857143,10.671429,1.4142857,0.0046149045,0.0025917962,0.00011598496,0.00058627315,0.0007098131,True
2003-12-22,2.87,7.8,3.7000003,6.2571435,1.4428571,85.200005,0.40000004,0.40000004,0.5428571,10.742857,2.2571428,0.00083922595,0.002503574,7.822968e-05,0.00016274862,0.000505954,True
2003-12-29,2.87,18.9,4.557143,6.3142858,2.357143,89.4,0.34285715,0.34285715,0.44285718,10.585714,3.3,0.0017265528,0.0030409396,0.00026091508,0.0010256916,0.0005304776,True
2004-01-05,2.87,3.9,-1.3142856,0.25714284,-3.0,90.61428,0.05,0.05,0.2,10.75,1.0,1.1458993e-05,0.0036675334,0.00075587205,5.2627176e-05,0.0030884352,True
2004-01-12,2.87,24.3,4.2285714,6.2428575,2.0428572,92.957146,0.27142856,0.27142856,0.31428573,10.757143,1.5571429,0.0017439649,0.0043503195,0.00087342376,0.0041954797,0.0009011142,True
2004-01-19,2.94,36.9,3.7000003,5.3,1.8428572,89.72857,0.51428574,0.51428574,0.42857143,11.414286,2.8857143,0.0032357424,0.005747795,0.0002603247,0.0013786796,0.0020169169,True
2004-01-26,2.94,9.6,-0.37142855,1.557143,-1.7857143,85.557144,0.14285715,0.14285715,0.3857143,10.7,0.042857144,5.6624413e-05,0.008401863,0.0033765293,0.0012127832,0.0066179484,True
2004-02-02,2.975,46.0,2.1714287,4.214286,-0.37142864,91.22858,0.5285714,0.5285714,0.5,10.9,1.5857143,0.007445164,0.01057566,0.0074926727,0.01749506,0.011809699,True
2004-02-09,3.12,63.9,7.657143,9.642858,5.371429,86.61428,0.8714286,0.88571435,0.85714287,11.485714,6.5571427,0.0036979914,0.014567807,0.00012499945,0.00047255494,0.0007136613,True
2004-02-16,3.13,16.3,4.0285716,6.1714287,1.8571428,91.200005,0.3285714,0.3285714,0.45714286,10.914286,3.557143,0.0012981445,0.021012641,0.00014310224,0.0006942954,0.00023099408,True
2004-02-23,3.085,0.8,1.4285715,3.9857144,-1.0428572,75.314285,0.75714284,0.6714286,0.84285706,10.057143,1.8714286,1.2144446e-05,0.019439176,1.935164e-05,1.0980293e-05,9.999797e-05,True
2004-03-01,3.05,4.6,-0.042857137,2.9428573,-3.142857,86.8,0.58571434,0.55714285,0.55714285,10.1,0.47142857,0.00015741587,0.015998729,0.0057261614,0.0032435674,0.0083402805,True
2004-03-08,3.05,2.6,1.1285714,3.8,-1.3571428,76.35714,0.78571427,0.7285715,0.9285714,9.842857,1.9285715,0.00011173636,0.013333067,0.0014582418,0.0042958558,0.0011704266,True
2004-03-15,3.05,7.2,4.9857144,7.5285716,2.414286,80.84286,0.95714283,0.9285714,1.1285714,9.657143,4.0,0.00018753111,0.011426643,0.00075985136,0.002064906,0.0010109022,True
2004-03-22,3.07,26.300001,8.642858,12.014285,5.9000006,83.52857,1.4285715,1.3714286,1.3571428,9.985714,8.171429,0.0014113486,0.0100445,1.6462235e-07,3.3043325e-06,0.0,True
2004-03-29,3.07,0.6,4.7428575,7.871429,1.5714285,79.9,1.1428572,1.0714285,1.3285714,10.028571,6.114286,5.147606e-05,0.009378135,-7.2791902999999985e-25,5.9604645e-08,5.9604645e-08,True
2004-04-05,3.07,17.7,9.0,13.371429,4.5,70.62858,2.1142857,1.857143,2.3857143,9.428572,9.1285715,0.0003047213,0.008826174,-7.2791902999999985e-25,1.8626451e-09,0.0,True
2004-04-12,3.08,10.8,6.0,8.342857,3.6571429,82.58571,1.4142858,1.3428571,1.5285714,9.914286,7.6857142,0.00027881563,0.008276083,-7.2791902999999985e-25,3.7252903e-09,0.0,True
2004-04-19,3.07,0.7,10.3,15.1428585,4.957143,68.17143,2.2857141,1.8571427,2.5571427,9.185715,12.028571,4.0225685e-05,0.0078002065,-7.2791902999999985e-25,0.0,0.0,True
2004-04-26,3.04,0.6,10.271429,14.614286,5.914286,79.8,2.1571429,1.7142857,2.1857142,8.514286,13.414286,5.0894916e-05,0.0072058365,-7.2791902999999985e-25,5.5879354e-09,0.0,True
2004-05-03,3.03,1.3000001,12.8,17.657145,8.585714,69.35714,2.7999997,2.1714287,3.3142858,7.742857,14.6285715,8.8483095e-05,0.006553784,-7.2791902999999985e-25,9.313226e-09,0.0,True
2004-05-10,3.03,9.1,11.814286,14.800001,8.857142,80.9,1.7285715,1.5142858,2.0428572,7.9,13.557143,0.00031368434,0.0059224293,-7.2791902999999985e-25,1.1175871e-08,0.0,True
2004-05-17,3.0,0.0,11.1,13.357142,8.728572,83.21429,1.8714286,1.4,2.0428572,7.6285715,13.757143,2.2560358e-05,0.005417876,-7.2791902999999985e-25,3.7252903e-09,0.0,True
2004-05-24,3.0,5.6,10.800001,14.014287,7.085715,72.14286,2.9714284,2.0285714,3.1000001,6.7714286,14.3,8.676946e-05,0.004931666,-7.2791902999999985e-25,3.7252903e-09,0.0,True
2004-05-31,2.97,16.6,12.942857,16.642857,7.9000006,69.457146,3.1000001,1.4714286,3.3714287,6.1857142,15.657143,6.206334e-05,0.004472375,-7.2791902999999985e-25,7.450581e-09,0.0,True
2004-06-07,2.97,9.3,14.742857,18.885715,11.014285,80.02857,2.885714,1.6000001,3.2,6.2,17.985714,0.00014593452,0.004023321,-7.2791902999999985e-25,1.1175871e-08,0.0,True
2004-06-14,2.97,24.099998,16.114286,19.5,12.914286,79.12858,2.9428573,2.0714285,3.142857,6.3714285,19.171429,0.0019492358,0.0036450103,-7.2791902999999985e-25,2.2351742e-08,0.0,True
2004-06-21,2.95,26.299997,13.071428,16.27143,10.17143,77.51429,2.8428571,2.385714,3.042857,6.285714,15.6285715,0.00045140833,0.0033380538,-7.2791902999999985e-25,1.1175871e-08,0.0,True
2004-06-28,2.95,30.0,14.414286,17.428572,11.428572,80.84286,2.885714,2.6000001,2.8714287,7.3,15.914286,0.0006032735,0.0031117871,-7.2791902999999985e-25,1.4901161e-08,0.0,True
2004-07-05,3.05,84.8,14.657144,18.1,11.414286,83.07143,2.8428571,2.6857145,2.7571428,8.071428,16.942858,0.0017935932,0.0029803216,-7.2791902999999985e-25,2.6077032e-08,0.0,True
2004-07-12,3.07,39.6,14.871429,18.142857,11.542857,81.042854,2.5571427,2.3857143,2.6857142,9.085714,17.157143,0.00091025233,0.0029634535,-7.2791902999999985e-25,2.6077032e-08,0.0,True
2004-07-19,3.1,38.4,16.5,19.828571,13.585714,82.08572,2.4857142,2.357143,2.6857145,9.314285,18.37143,0.0009640008,0.003151603,-7.284705e-25,2.2351742e-08,0.0,True
2004-07-26,3.0598542669924336,23.1,16.985714,20.4,13.742858,81.71429,2.5714285,2.3714287,3.0571427,9.5,19.914286,0.0022005439,0.0033984706,-7.345365000000001e-25,2.2351742e-08,0.0,True
2004-08-02,3.027432575581625,0.8,18.657145,22.742857,13.914286,74.64286,3.3714283,2.7,4.042857,8.828571,21.72857,2.4288893e-05,0.0036050677,-7.345365000000001e-25,1.8626451e-08,0.0,False
2004-08-09,2.995005702506802,0.0,22.857143,28.142857,17.228573,64.51429,4.642857,3.1285713,5.3857145,7.5142856,24.942858,7.599592e-07,0.0035536364,-7.345365000000001e-25,2.6077032e-08,0.0,True
2004-08-16,2.977186077985829,24.9,19.814285,23.5,15.957144,78.42857,2.6428568,1.8142856,3.2,7.114286,22.0,0.00045701116,0.003366299,-7.345365000000001e-25,2.2351742e-08,0.0,True
2004-08-23,2.971894532377658,13.0,17.4,20.728573,13.814285,76.9,2.4142857,2.2142856,2.957143,7.4142857,18.757143,0.002970323,0.0032302737,-7.345365000000001e-25,2.2351742e-08,0.0,True
2004-08-30,3.003438007010605,22.9,15.5,18.84286,12.342857,83.97143,1.8571428,1.8428571,2.085714,8.528571,16.614286,0.0023712665,0.003193304,-7.345365000000001e-25,2.9802322e-08,0.0,True
2004-09-06,3.006578339271648,15.1,17.27143,22.485716,11.67143,77.3,2.2571428,1.9714288,2.7,9.2,18.314285,0.00071587414,0.003499955,-7.345365000000001e-25,2.2351742e-08,0.0,True
2004-09-13,2.982556130422409,7.4,16.057142,20.457142,11.342857,71.74286,2.2428572,1.8714285,2.8,8.328571,17.914286,0.000120677054,0.00374344,-7.345365000000001e-25,1.3038516e-08,0.0,True
2004-09-20,2.98165825709124,23.2,14.214286,17.985716,10.142858,75.12858,1.8285713,1.6714287,2.3428571,7.9857144,14.771428,0.00023558736,0.0037089214,-7.345365000000001e-25,1.3038516e-08,0.0,True
2004-09-27,3.05,80.4,12.657143,14.857142,10.442857,82.88572,1.5999998,1.5857142,1.6428572,10.328571,12.3714285,0.009500369,0.00536409,-7.345365000000001e-25,2.2351742e-08,0.0,True
2004-10-04,3.057998347563044,15.700001,12.8714285,15.885715,9.771429,83.88572,1.0142858,1.0000001,1.3571428,10.414286,12.9,0.00580509,0.008945517,-7.345365000000001e-25,1.6763806e-08,0.0,True
2004-10-11,3.0294685522505675,0.1,10.400001,14.014287,7.085715,80.74286,0.90000004,0.8428572,1.2857143,9.957143,10.842857,7.9885125e-05,0.0074440986,-7.345365000000001e-25,3.7252903e-09,0.0,True
2004-10-18,3.01742317124117,21.8,8.057143,11.1,4.928571,83.21429,0.6999999,0.64285713,0.9857143,9.828571,8.2,0.00044761598,0.0074394196,-7.345365000000001e-25,1.8626451e-09,0.0,True
2004-10-25,3.030326634443762,26.7,12.228572,15.0,9.5,83.07143,0.9714286,0.9857143,1.2714285,10.557143,11.0,0.0018872991,0.0073693395,-7.345365000000001e-25,1.3038516e-08,0.0,True
2004-11-01,3.04,8.4,9.414286,10.942857,7.2571425,91.47143,0.37142855,0.34285715,0.51428574,10.4,9.514286,0.00043697655,0.007868528,-7.345365000000001e-25,5.5879354e-09,0.0,True
2004-11-08,3.037900622349254,12.8,8.071428,10.357142,5.6714287,85.557144,0.49999997,0.49999997,0.62857145,10.271428,7.357143,0.00032252073,0.008560687,-7.345365000000001e-25,1.8626451e-09,0.0,True
2004-11-15,3.0255773457701136,22.9,5.3857145,7.6,2.9285715,87.78571,0.34285715,0.34285715,0.4857143,10.614285,4.614286,0.000848718,0.009116918,-7.345365000000001e-25,3.7252903e-09,0.0,True
2004-11-22,3.105905439773721,57.9,5.7285714,8.314286,2.5142858,88.12858,0.5714286,0.5714286,0.5,11.114285,4.6571426,0.005810231,0.012528598,0.0004069408,0.0024809148,0.0026450418,True
2004-11-29,3.1096826881584905,16.2,3.7714288,6.214286,0.78571427,90.971436,0.22857144,0.22857144,0.27142859,10.657143,3.3714285,0.00024914742,0.016000599,5.668118e-05,0.0002414994,6.698072e-06,True
2004-12-06,3.097276037131843,4.8,4.457143,6.114286,2.7,94.94286,0.114285715,0.114285715,0.22857143,10.357142,3.9142857,0.0001688376,0.0159534,5.160059e-06,2.6287511e-05,2.1800399e-05,True
2004-12-13,3.073845417190699,0.1,2.9857142,4.5,1.1714286,96.87144,0.08571429,0.08571429,0.18571429,10.242857,2.8714285,2.7149916e-05,0.014859892,1.7029899e-07,9.033829e-07,9.3504786e-07,True
2004-12-20,3.0766924806388283,10.0,3.3999999,5.3857145,1.2714285,87.44286,0.3285714,0.3285714,0.41428572,10.428572,2.3428571,0.00036808848,0.013315789,0.00041330428,0.00062305294,0.0015928,False
2004-12-27,3.091216526928172,12.9,2.7285714,4.857143,0.25714287,89.67143,0.42857146,0.42857146,0.3857143,10.6285715,2.2142856,0.000583753,0.012138404,0.00029708658,0.0010391567,0.00021126121,True
2005-01-03,3.131797934436978,25.1,4.2714286,6.7571435,1.6000001,90.557144,0.15,0.15,0.47142857,10.625,1.7,0.0005160868,0.011574499,0.00079694815,0.0035851225,0.0034046695,True
2005-01-10,3.1356067333316733,5.3,7.971429,9.6285715,5.928571,82.01429,0.8285714,0.8285714,1.0571429,10.342857,6.2285714,0.00021110475,0.011310153,7.095791e-07,8.299947e-06,0.0,False
2005-01-17,3.1371011934578537,15.3,4.585715,6.7285714,2.2142856,86.97143,0.48571426,0.47142857,0.5,10.228572,3.7,0.00024445355,0.011053093,-7.345365000000001e-25,1.0430813e-07,1.2665987e-07,True
2005-01-24,3.15,23.9,3.5571427,5.371429,1.0857142,83.328575,0.7571429,0.7571429,0.7,10.828571,2.4285715,0.0015249923,0.01104328,0.00023684048,0.00070579164,0.001376003,True
2005-01-31,3.132246097387487,4.4,0.40000004,1.8428571,-1.6000001,90.92857,0.12857142,0.12857142,0.34285715,10.328571,0.14285715,0.00019178912,0.01171793,0.0021319957,0.0041677617,0.0039317645,True
2005-02-07,3.14,1.2,2.542857,4.471429,0.40000004,84.67143,0.42857143,0.42857143,0.47142857,10.214286,2.2,4.9725175e-05,0.011491425,8.0664955e-05,0.00046904758,0.0,True
2005-02-14,3.19,25.0,2.1,5.1571426,-0.4285714,86.98572,0.5857143,0.5857143,0.58571434,10.685715,1.6714286,0.0024794862,0.011024788,6.1057865e-05,4.1037798e-05,0.0003362745,True
2005-02-21,3.15,10.7,0.22857144,2.0142858,-1.4714286,85.42857,0.27142859,0.27142859,0.55714285,10.485714,0.35714287,9.75132e-05,0.010867335,0.0021625587,0.0018207319,0.0055208094,True
2005-02-28,3.19,11.6,-0.7714286,0.65714294,-2.7571428,84.98572,0.27142859,0.27142859,0.5857143,10.342857,0.042857144,7.972121e-05,0.010603219,0.011268502,0.0026809108,0.014768865,True
2005-03-07,3.14,2.6,-2.757143,0.14285718,-7.328572,85.28571,0.08571429,0.08571429,0.5285714,10.328571,-0.028571429,0.000109024346,0.010138907,0.017614337,0.0044962056,0.0067894086,True
2005-03-14,3.17,16.3,2.1714287,5.085715,-0.90000004,86.67143,0.88571423,0.88571423,0.8,10.385715,1.9285715,0.0011253357,0.009633049,0.004798946,0.012274131,0.00092099234,True
2005-03-21,3.165,13.200001,6.3285713,9.528572,2.9,79.38572,1.2285713,1.1714286,1.3000001,10.271428,6.285714,0.0002706796,0.009635441,0.00021961189,0.001634391,0.0,True
2005-03-28,3.18,10.599999,8.414286,12.285714,3.9285715,82.52857,1.1571429,1.0571429,1.3857143,10.071428,8.471429,0.00016465783,0.009564936,-7.345365000000001e-25,2.644956e-07,0.0,True
2005-04-04,3.16,15.2,8.857142,14.728572,3.2285714,59.07143,2.5142858,2.1571429,2.7857144,9.771428,8.728572,8.97944e-05,0.009190321,-7.345365000000001e-25,0.0,0.0,True
2005-04-11,3.12,6.3,7.2428575,10.400001,3.6571429,78.28571,1.757143,1.5857143,1.8285713,9.085714,8.585714,0.00020837784,0.008547209,-7.345365000000001e-25,0.0,0.0,True
2005-04-18,3.125,11.0,11.214286,15.800001,6.8,79.88572,1.9428571,1.6285715,2.1,8.814285,12.028571,0.000157848,0.007862516,-7.345365000000001e-25,5.5879354e-09,0.0,True
2005-04-25,3.11,9.5,7.4000006,11.971429,2.2,64.28571,2.6285713,2.085714,2.8857143,8.3,10.414286,5.6393445e-05,0.0071582645,-7.345365000000001e-25,0.0,0.0,True
2005-05-02,3.13,19.9,12.485715,16.84286,7.8285713,81.1,2.1142857,1.8142856,2.3428571,8.171429,14.014286,0.00034417212,0.0064851567,-7.345365000000001e-25,7.450581e-09,0.0,True
2005-05-09,3.11,16.1,9.3714285,12.471429,5.828572,83.22858,1.9714285,1.8999999,1.8857143,8.485714,11.8,0.0011818558,0.0059579536,-7.345365000000001e-25,3.7252903e-09,0.0,True
2005-05-16,3.09,14.9,9.714286,13.071428,5.3857145,77.22858,2.2142856,2.0,2.5142858,8.585714,11.928572,0.00033523142,0.0056774765,-7.345365000000001e-25,3.7252903e-09,0.0,True
2005-05-23,3.09,8.1,12.185715,16.142857,7.8714285,74.1,2.8285713,2.5,2.9714284,8.242857,14.642858,0.00028625876,0.0054814294,-7.345365000000001e-25,7.450581e-09,0.0,True
2005-05-30,3.04,10.1,16.285715,21.52857,11.457143,73.47143,3.7571428,2.857143,3.8714287,7.3428574,19.5,0.00018768758,0.005209945,-7.345365000000001e-25,1.4901161e-08,0.0,True
2005-06-06,3.05,18.199999,12.67143,15.757143,9.857142,77.51429,2.3857143,2.2,2.642857,7.642857,14.314285,0.0007758513,0.004910372,-7.345365000000001e-25,1.1175871e-08,0.0,True
2005-06-13,3.04,14.4,11.242857,13.714286,8.271429,77.9,2.6857142,2.3285713,2.5857143,7.5571427,14.585714,0.00026884675,0.004676968,-7.345365000000001e-25,3.7252903e-09,0.0,True
2005-06-20,3.0,1.3,17.742857,22.4,11.171428,70.185715,4.1,3.1285717,4.2714286,7.1,20.571428,1.15484e-05,0.0044195578,-7.345365000000001e-25,1.4901161e-08,0.0,True
2005-06-27,2.98,13.0,17.942858,22.185715,12.814285,74.98572,3.985714,2.5,4.0142856,5.885714,22.72857,8.067489e-05,0.004096806,-7.345365000000001e-25,1.4901161e-08,0.0,True
2005-07-04,2.975,20.0,18.071428,22.128572,13.257143,78.67143,3.4857144,2.0571427,3.4428573,5.5,21.642857,0.00029152632,0.0037815943,-7.345365000000001e-25,2.2351742e-08,0.0,True
2005-07-11,2.94,11.200001,18.0,21.985716,13.571428,79.5,3.2571428,2.2428572,3.3285713,5.8,20.8,0.00044620037,0.0034951717,-7.345365000000001e-25,1.8626451e-08,0.0,True
2005-07-18,2.9454220331530987,6.3999996,19.128572,23.0,15.214286,76.41429,3.4142857,1.5,3.7428572,5.2,22.671429,4.0113926e-05,0.00322482,-7.345365000000001e-25,2.2351742e-08,0.0,True
2005-07-25,2.94,52.6,15.985715,18.528574,13.814286,84.6,2.414286,2.1142857,2.3857143,6.7285714,17.557142,0.003431499,0.003023915,-7.345365000000001e-25,2.9802322e-08,0.0,True
2005-08-01,2.95,39.899998,17.257143,20.9,14.157143,84.90001,2.3571432,2.142857,2.4428573,7.5142856,19.342857,0.0035735145,0.0031750947,-7.345365000000001e-25,2.2351742e-08,0.0,True
2005-08-08,2.97,61.800003,14.514287,17.942858,10.971429,83.74286,2.1857142,2.142857,2.3285713,8.542857,16.342857,0.0008286536,0.0030641332,-7.345365000000001e-25,1.4901161e-08,0.0,True
2005-08-15,3.06,38.9,15.0,17.128572,13.185715,85.78571,1.6999999,1.6142857,2.0142858,9.171429,15.828571,0.0006404072,0.0034820288,-7.345365000000001e-25,2.6077032e-08,0.0,True
2005-08-22,3.02,4.8,18.0,21.628572,14.285714,83.34286,2.2142856,1.9142858,2.6285713,8.971429,19.914286,0.00013379753,0.0039352477,-7.345365000000001e-25,1.4901161e-08,0.0,True
2005-08-29,3.0,11.4,15.457143,19.185715,11.357142,81.957146,2.0285714,1.8857144,2.3714287,8.942857,17.27143,0.0009420514,0.004112549,-7.345365000000001e-25,1.4901161e-08,0.0,True
2005-09-05,2.96,0.0,17.928572,23.442858,12.557143,77.457146,2.5,2.0,3.0,8.457143,20.171429,4.927069e-05,0.004167415,-7.345365000000001e-25,1.4901161e-08,0.0,True
2005-09-12,2.96,29.5,18.242857,22.428572,14.0,80.28571,2.0285714,1.5714285,2.4714284,7.785714,19.957144,2.1487474e-05,0.004055612,-7.345365000000001e-25,2.6077032e-08,0.0,True
2005-09-19,2.94,18.0,13.400001,16.7,9.328572,80.1,1.4428571,1.2571429,1.7714285,7.928571,14.928572,0.0002117604,0.0039117187,-7.345365000000001e-25,1.4901161e-08,0.0,True
2005-09-26,2.925,0.4,14.457144,19.800001,9.114285,81.21429,1.4285715,1.1,1.8000001,7.785714,16.014286,5.9455633e-05,0.0037490875,-7.345365000000001e-25,1.1175871e-08,0.0,True
2005-10-03,2.92,33.2,12.3,15.800001,8.657144,84.68572,1.0857142,1.0571429,1.2857143,8.342857,12.7,0.00076802075,0.003604591,-7.345365000000001e-25,2.0489097e-08,0.0,True
2005-10-10,2.9,0.2,13.557143,18.014286,9.514287,86.25714,0.9142857,0.75714296,1.2285715,8.557143,13.742857,9.775162e-06,0.003515862,-7.345365000000001e-25,1.3038516e-08,0.0,True
2005-10-17,2.88,0.0,11.0,16.142857,6.2714286,80.471436,0.9142857,0.7,1.1571429,8.228572,11.857142,1.3411045e-07,0.003437169,-7.345365000000001e-25,7.450581e-09,0.0,True
2005-10-24,2.89,38.199997,10.2,13.7,6.6714287,85.92857,0.7428571,0.67142856,0.85714287,8.442857,9.857142,0.0022926629,0.0033510402,-7.345365000000001e-25,9.313226e-09,0.0,True
2005-10-31,2.905,7.7000003,14.414286,18.4,11.314286,83.88572,0.91428566,0.91428566,1.0571429,10.285714,12.428572,0.0015710741,0.0033258796,-7.345365000000001e-25,2.0489097e-08,0.0,True
2005-11-07,2.88,15.999999,11.6,14.085714,8.6285715,85.25715,0.67142856,0.67142856,0.85714287,10.114285,10.442857,0.00029315054,0.0033973083,-7.345365000000001e-25,1.4901161e-08,0.0,True
2005-11-14,2.87,4.9,9.2,11.614286,6.214286,87.44286,0.44285718,0.44285718,0.59999996,10.057143,8.314285,5.9112906e-05,0.003485158,-7.345365000000001e-25,3.7252903e-09,0.0,True
2005-11-21,2.94,49.5,4.1,7.2428575,0.9714286,90.5,0.3285714,0.3285714,0.27142856,10.642858,3.5,0.0006867647,0.0036006942,-7.345365000000001e-25,1.937151e-07,1.8626451e-07,True
2005-11-28,2.98,21.3,1.7,2.8285713,-0.0285714,94.91429,0.17142858,0.17142858,0.20000002,10.7,1.8571428,0.00040064752,0.0039740205,0.0023113433,0.0013091024,0.0059649013,True
2005-12-05,2.965,10.4,2.6000001,4.5,0.8142857,89.97143,0.21428573,0.21428573,0.3285714,10.4,1.4857143,0.0004005581,0.0045960173,0.0014619316,0.004371943,3.8076192e-05,True
2005-12-12,2.92,3.5,4.4428573,5.714286,2.5285716,94.28571,0.12857144,0.12857144,0.17142858,10.385715,3.2571428,0.00010680407,0.0051697865,2.1894773e-05,0.00013355538,0.0,True
2005-12-19,2.98,36.1,4.585714,6.857143,1.9285715,87.34286,0.4714286,0.4714286,0.4857143,10.728572,2.7857144,0.0012803748,0.0056246296,0.0013049046,0.003638886,0.006000627,True
2005-12-26,3.01,11.5,4.871429,6.4857144,2.4714284,91.77143,0.18571429,0.18571429,0.27142859,10.6285715,3.4142857,0.00031358004,0.0064799115,0.0002946286,0.0024763234,0.0003306195,True
2006-01-02,3.005,18.199999,0.08571427,1.8285714,-2.4285715,92.51428,0.04,0.04,0.25714287,10.4,0.12,0.0003367141,0.007278107,0.0039872327,0.009988513,0.011688791,True
2006-01-09,2.97,0.3,-1.0000001,0.21428572,-2.3857143,93.07143,0.042857144,0.042857144,0.20000002,10.3,0.0,2.4273992e-05,0.007684663,0.0026476327,0.0005456954,0.0013645813,True
2006-01-16,2.95,2.4,-0.17142855,2.4285715,-2.957143,91.5,0.15714286,0.15714286,0.2,10.257143,-0.4,0.00011143088,0.0077959746,0.0012932846,0.0022640303,1.8030405e-06,True
2006-01-23,2.93,12.0,-0.042857103,2.3857143,-2.4,87.21429,0.17142858,0.17142858,0.37142855,10.5,-0.35714287,0.00043819845,0.0077326223,0.0006804693,0.0022022948,0.0016602427,True
2006-01-30,2.965,1.6999999,-1.8714286,0.9714286,-5.142857,87.8,0.114285715,0.114285715,0.31428573,10.328571,-1.7142857,4.29675e-05,0.007774785,0.0010865813,0.00075610727,0.0014166497,True
2006-02-06,2.94,5.4,0.5285714,2.542857,-1.5714285,92.64286,0.15714286,0.15714286,0.2857143,10.214286,-0.17142858,0.000100918114,0.007724054,0.00079259416,0.001533702,0.002419304,True
2006-02-13,2.97,10.6,2.1857142,4.042857,0.08571427,89.17143,0.5285714,0.5285714,0.44285718,10.442857,0.8,0.00037665665,0.0076077357,0.00039065452,0.0019940753,0.00045509636,True
2006-02-20,2.98,11.8,3.3,5.3142858,0.78571427,92.5,0.34285712,0.34285712,0.41428572,10.414286,2.3428571,0.00040432066,0.007605344,0.00011067164,0.0004415717,0.00011954829,True
2006-02-27,2.97,3.6,-0.071428575,1.8000001,-2.3285713,83.18572,0.4857143,0.4857143,0.64285713,10.142858,0.55714285,1.1205673e-05,0.007760331,0.00080839224,0.00021209195,0.001601167,True
2006-03-06,2.97,17.5,-0.17142858,2.6142857,-3.0714285,91.75715,0.5,0.5,0.4714286,10.314285,0.14285715,0.00016918778,0.0076790154,0.00892294,0.004009489,0.01734415,True
2006-03-13,2.955,29.5,-2.5285716,0.15714286,-6.3714285,82.68572,0.25714287,0.25714287,0.64285713,10.4,0.14285715,1.6629696e-05,0.0074905455,0.020746436,0.0005423222,0.016629346,True
2006-03-20,2.98,0.0,-0.5714286,1.4571428,-3.2285714,86.41429,0.44285718,0.41428572,0.6857143,10.185715,0.35714287,0.0002971217,0.0072491765,0.02334639,0.012703875,0.0010863952,True
2006-03-27,3.04,31.2,4.357143,7.728572,0.67142856,79.942856,1.2857143,1.1714286,1.2285715,10.114285,4.8428574,0.0044945776,0.0076701343,0.006735291,0.0124704,0.00036923215,True
2006-04-03,3.13,28.4,7.8285713,10.714286,4.542857,85.62858,1.2285713,1.2285713,1.2285715,10.8714285,7.4,0.0027335733,0.008542791,7.5896583e-06,8.57953e-05,0.0,True
2006-04-10,3.1,11.8,5.3,8.2,2.542857,79.38572,1.557143,1.5571429,1.6,10.357142,6.071429,0.001408264,0.010412671,2.8950828e-07,1.7751008e-06,1.7955899e-06,True
2006-04-17,3.07,10.7,7.3,10.471429,3.8428571,82.1,1.5857143,1.5142858,1.6,10.0,8.357142,0.00032818317,0.011023998,-7.345365000000001e-25,1.8626451e-09,0.0,True
2006-04-24,3.06,11.5,9.0,12.471429,5.3857145,84.72857,1.3999999,1.3142856,1.4571428,9.814285,10.314285,0.00034812093,0.010755859,-7.345365000000001e-25,1.8626451e-09,0.0,True
2006-05-01,3.08,25.6,9.085714,12.971429,4.957143,80.14286,2.0285714,1.8142856,2.0571427,9.571428,11.557143,0.00027495623,0.010266222,-7.345365000000001e-25,5.5879354e-09,0.0,True
2006-05-08,3.06,0.0,16.1,21.87143,10.242857,57.514286,4.642857,3.5571427,4.785714,8.8714285,16.657143,1.4320016e-05,0.009437375,-7.345365000000001e-25,7.450581e-09,0.0,True
2006-05-15,3.03,1.6,13.385715,18.442858,6.971429,64.61429,3.6571429,2.2285714,3.757143,7.4,17.414286,1.6018748e-05,0.008259393,-7.345365000000001e-25,3.7252903e-09,0.0,True
2006-05-22,3.04,34.9,13.242858,16.528572,10.528572,82.24286,2.3,1.9857142,2.4285715,7.742857,14.457143,0.0026256293,0.00720419,-7.345365000000001e-25,2.2351742e-08,0.0,True
2006-05-29,3.04,21.8,10.828572,13.871429,7.414286,81.65715,2.1571429,2.057143,2.2857144,8.657143,12.571428,0.00071100146,0.006579347,-7.345365000000001e-25,7.450581e-09,0.0,True
2006-06-05,3.04,10.7,10.857142,13.1,8.385715,78.4,2.3428571,2.0285714,2.5714285,8.457143,13.314285,0.000119805336,0.006237179,-7.345365000000001e-25,7.450581e-09,0.0,True
2006-06-12,3.0,0.0,16.7,21.600002,9.285714,66.84286,4.414286,3.142857,4.6714287,7.4,20.485714,1.1920929e-06,0.005846113,-7.345365000000001e-25,7.450581e-09,0.0,True
2006-06-19,3.0,4.2,18.014286,23.0,12.942858,73.47143,3.3857143,1.7571428,3.7142856,6.1857142,21.242857,6.915629e-05,0.0052897185,-7.345365000000001e-25,1.8626451e-08,0.0,True
2006-06-26,2.98,12.1,17.442858,21.257143,12.828572,75.87144,3.1571429,1.7142857,3.2857144,5.9714284,19.842857,0.00014725327,0.0047804415,-7.345365000000001e-25,2.2351742e-08,0.0,True
2006-07-03,2.95,1.0,17.942858,22.542858,11.285714,66.957146,4.2714286,1.4857143,4.6857142,5.714286,21.028572,2.7924776e-05,0.0042879134,-7.345365000000001e-25,1.1175871e-08,0.0,True
2006-07-10,2.92,5.1000004,21.314287,26.357143,15.814286,69.34286,4.2428575,1.3714285,4.8285713,5.385714,24.12857,2.321601e-05,0.0037603155,-7.345365000000001e-25,1.8626451e-08,0.0,True
2006-07-17,2.9,14.6,18.800001,23.52857,12.242858,65.200005,4.457143,1.3571428,4.785714,5.3,22.985714,3.0830503e-05,0.0033383816,-7.345365000000001e-25,1.8626451e-08,0.0,True
2006-07-24,2.88,3.4,21.857143,26.828571,15.842858,73.6,4.3857145,0.84285706,4.714286,4.9857144,25.914286,2.901256e-05,0.0029262751,-7.345365000000001e-25,2.6077032e-08,0.0,True
2006-07-31,2.88,48.4,22.114286,27.071428,16.728573,72.6,3.8999999,1.3142859,4.2285714,5.071429,25.357143,0.000117748976,0.0025783852,-7.345365000000001e-25,1.8626451e-08,0.0,True
2006-08-07,2.89,15.4,18.6,22.67143,14.614286,78.14286,3.1571429,2.4714286,3.5571427,5.714286,20.9,0.00015883893,0.0023174584,-7.345365000000001e-25,2.6077032e-08,0.0,True
2006-08-14,2.91,58.3,15.785714,18.985716,12.414286,81.07143,2.042857,1.6285714,2.3999999,6.0,18.328571,0.0037112013,0.002112165,-7.345365000000001e-25,2.2351742e-08,0.0,True
2006-08-21,2.91,27.1,17.557144,21.385715,14.157144,83.314285,2.2142859,2.1571429,2.5285716,8.514286,19.142857,0.0030643493,0.001977563,-7.345365000000001e-25,2.4214387e-08,0.0,True
2006-08-28,2.96,72.200005,16.314287,19.757143,13.428572,84.21429,1.8857143,1.8571427,2.2,9.957143,18.071428,0.0030497164,0.0019298941,-7.345365000000001e-25,1.6763806e-08,0.0,True
2006-09-04,3.04,47.1,16.657145,19.428572,14.185715,81.557144,1.9714285,1.9428569,2.3428571,10.714286,16.842857,0.002563715,0.0021561831,-7.345365000000001e-25,2.9802322e-08,0.0,True
2006-09-11,3.02,19.300001,16.828571,20.042858,12.957144,76.957146,1.8857144,1.7571428,2.6571429,9.971429,17.614286,0.0010259748,0.0026927888,-7.345365000000001e-25,1.8626451e-08,0.0,True
2006-09-18,2.97,0.0,19.314287,24.557144,14.714286,71.4,2.2428572,1.7428571,3.1000001,9.085714,20.042856,1.4603138e-06,0.0029672459,-7.345365000000001e-25,2.6077032e-08,0.0,True
2006-09-25,2.94,0.1,17.157145,22.62857,11.857142,72.64286,1.942857,1.4714285,2.5714285,8.442857,18.185715,1.1280179e-05,0.0029844046,-7.345365000000001e-25,1.8626451e-08,0.0,True
2006-10-02,2.93,11.4,16.171429,19.614286,12.957144,84.62858,1.1142857,0.95714283,1.5,8.242857,16.757143,0.000117480755,0.0029204935,-7.345365000000001e-25,1.8626451e-08,0.0,True
2006-10-09,2.93,25.7,13.400001,16.114286,10.357142,86.78571,1.0714285,1.0571429,1.1999999,9.114285,13.471429,0.0008073896,0.0028605312,-7.345365000000001e-25,1.6763806e-08,0.0,True
2006-10-16,2.9,0.2,12.542857,15.300001,9.8,89.58571,0.62857145,0.5285715,0.8428572,9.1285715,13.542857,4.0844083e-05,0.002835609,-7.345365000000001e-25,1.1175871e-08,0.0,True
2006-10-23,2.89,16.8,13.214286,16.485714,10.271429,85.32857,0.82857144,0.7714285,1.0285714,8.957143,12.757143,0.0003118366,0.0028210878,-7.345365000000001e-25,1.6763806e-08,0.0,True
2006-10-30,2.9000000000000004,15.9,12.942858,15.742857,9.557143,84.5,0.85714287,0.8428572,1.1,9.842857,12.085714,0.00073482096,0.0028613657,-7.345365000000001e-25,1.6763806e-08,0.0,True
2006-11-06,2.94,23.3,8.171429,10.5,4.8142858,82.32857,0.7285714,0.7285714,0.9714286,10.157143,7.114286,0.0008225292,0.0031066686,9.269941e-06,5.0773844e-05,4.959479e-05,True
2006-11-13,3.01,41.7,8.3714285,10.957144,5.5285716,83.87144,0.8428572,0.82857144,0.87142855,10.428572,7.1857142,0.0013322383,0.0034794435,-7.345365000000001e-25,5.5879354e-09,0.0,True
2006-11-20,3.01,16.6,9.228571,11.328572,6.471429,89.12858,0.45714286,0.45714286,0.5857143,10.685715,7.9428573,0.0005252287,0.004263982,-7.345365000000001e-25,5.5879354e-09,0.0,True
2006-11-27,3.02,12.0,8.971429,11.371429,5.914286,87.35714,0.4714286,0.4714286,0.62857145,10.757143,7.214286,0.00092579424,0.0052413046,-7.345365000000001e-25,9.313226e-09,0.0,True
2006-12-04,3.0,3.9,8.328572,10.171428,5.8428574,87.64286,0.37142858,0.37142858,0.5428571,10.314285,6.9428573,0.000143677,0.006135203,-7.345365000000001e-25,0.0,0.0,True
2006-12-11,2.99,18.0,8.057143,9.914286,5.8,85.98572,0.7285714,0.7285714,0.6857143,10.771428,6.742857,0.0011065006,0.0065794066,-7.345365000000001e-25,3.7252903e-09,0.0,True
2006-12-18,3.0,12.500001,6.9714284,8.642858,4.8857145,87.957146,0.38571426,0.38571426,0.54285717,10.6,5.6857142,0.00032497942,0.007288143,-7.345365000000001e-25,0.0,0.0,True
2006-12-25,2.965,1.7,6.457143,7.6714287,4.871429,90.1,0.14285715,0.14285715,0.34285715,10.328571,4.742857,3.0979514e-05,0.007811323,-7.345365000000001e-25,0.0,0.0,True
2007-01-01,3.0,23.2,5.2714286,7.1714287,3.3857143,87.84286,0.41666666,0.4,0.5857143,10.416667,3.9666667,0.0019918531,0.007922493,0.00033701034,0.0019230098,0.0018684343,True
2007-01-08,3.06,23.599998,6.857143,8.3,5.0,90.299995,0.5285715,0.5285715,0.5285714,10.928572,5.7714286,0.0007891208,0.00867302,3.2356806e-07,2.7827919e-06,0.0,True
2007-01-15,3.05,11.1,8.7,10.957144,6.1285715,81.38572,1.1571429,1.1571429,1.1142857,11.0,7.1714287,0.003218159,0.011860557,-7.345365000000001e-25,3.7252903e-09,0.0,True
2007-01-22,3.17,69.5,6.6142855,9.071428,3.9285715,83.94286,1.0571429,1.0571429,0.8142857,11.457143,5.6857142,0.011676043,0.017042354,1.1977695e-06,7.450581e-09,1.4994293e-05,True
2007-01-29,3.19,15.1,1.4714286,3.6000001,-1.2142857,84.62858,0.44285712,0.44285712,0.5285714,10.771428,0.95714283,0.00064477324,0.019801639,0.00055793923,0.0016982462,0.0018416569,True
2007-02-05,3.16,8.3,5.957143,7.2428575,4.471429,90.200005,0.41428575,0.41428575,0.5714286,10.385715,5.0571427,0.00015637279,0.018413402,7.896197e-06,8.339062e-05,0.0,True
2007-02-12,3.16,16.3,0.7571429,2.757143,-1.2142857,88.67143,0.27142859,0.27142859,0.41428572,10.385715,0.98571426,0.0004619807,0.016339421,0.0027173588,0.0040180087,0.0061217993,True
2007-02-19,3.16,7.0,4.357143,6.928571,1.8000001,89.27143,0.47142857,0.47142857,0.51428574,10.571428,3.8142858,0.00034673512,0.014716111,0.0003013554,0.0019170083,0.0,True
2007-02-26,3.1500000000000004,20.2,5.7000003,7.642857,3.3142858,89.5,0.5285714,0.5285714,0.62857145,10.585714,4.8142858,0.0010565743,0.013778217,1.498631e-06,9.069219e-06,0.0,True
2007-03-05,3.23,26.6,6.085714,8.742857,2.957143,84.48572,1.0142858,1.0142858,0.9142857,11.071428,5.5857143,0.0025202185,0.014444187,3.7181944e-06,5.3880736e-05,5.1535666e-05,True
2007-03-12,3.22,12.1,7.8142858,11.057143,4.414286,83.38572,1.0428572,1.042857,1.1428572,10.485714,7.1571426,0.0008113608,0.01586701,-7.345365000000001e-25,9.313226e-09,0.0,True
2007-03-19,3.23,18.3,6.7571425,10.071428,3.3,84.314285,1.3571428,1.2857143,1.1857144,10.071428,7.5,0.0004749447,0.015691638,0.00017538524,0.000705624,0.0020905584,True
2007-03-26,3.2,2.8000002,7.057143,11.042857,3.3857143,72.08572,1.7714285,1.6428572,1.9285715,10.142858,6.8142858,0.00020235032,0.01448071,0.00025654407,0.0014988612,0.00014071167,True
2007-04-02,3.17,0.6,9.257143,15.485715,3.6714287,66.65714,2.4285715,1.8714285,2.5285716,9.2,10.271428,7.018447e-06,0.013023391,-7.345365000000001e-25,2.8312206e-07,0.0,True
2007-04-09,3.17,0.2,8.071429,10.8,4.7714286,78.37144,1.6,1.2142857,1.7714285,8.528571,9.6285715,3.889948e-05,0.01124084,-7.345365000000001e-25,3.7252903e-09,0.0,True
2007-04-16,3.14,0.0,13.357142,19.37143,7.657143,70.58572,3.0285714,2.0571427,3.1285713,7.7285714,14.142858,1.7672777e-05,0.0096248165,-7.345365000000001e-25,7.450581e-09,0.0,True
2007-04-23,3.13,5.4,9.328572,13.742858,4.6285715,67.47143,2.4714284,1.1857144,2.642857,6.9428573,11.942857,3.0860305e-05,0.008161619,-7.345365000000001e-25,0.0,0.0,True
2007-04-30,3.105,0.2,15.114286,20.742859,8.342857,65.34286,3.7,1.1428572,3.7857144,6.428571,17.328571,4.477799e-05,0.006945938,-7.345365000000001e-25,1.1175871e-08,0.0,True
2007-05-07,3.1,6.4,11.8714285,16.9,5.428571,72.571434,3.1714284,0.7714286,3.1857142,6.114286,16.3,0.00011022389,0.0059015527,-7.345365000000001e-25,0.0,0.0,True
2007-05-14,3.09,26.5,12.471429,15.842857,8.742857,78.700005,2.5714285,2.1857142,2.642857,7.1285715,13.471429,0.0021027774,0.005146131,-7.345365000000001e-25,2.2351742e-08,0.0,True
2007-05-21,3.05,15.6,13.042857,17.242857,8.0,73.44286,2.8857143,2.3999999,3.2,7.6571426,15.585714,0.001259461,0.004660368,-7.345365000000001e-25,1.4901161e-08,0.0,True
2007-05-28,3.06,8.8,14.957144,18.928572,10.400001,79.87144,2.4857142,1.9285713,2.9428573,7.257143,18.314285,0.0010636151,0.0042931587,-7.345365000000001e-25,3.7252903e-09,0.0,True
2007-06-04,3.03,12.8,15.214286,19.242857,11.114286,74.78571,2.8285713,2.2714286,3.3285713,7.571429,17.9,0.00028513372,0.004009381,-7.345365000000001e-25,1.8626451e-08,0.0,True
2007-06-11,2.99,0.0,21.2,26.9,14.6,68.35714,4.4428573,2.7142856,5.1571426,6.4857144,23.528572,9.283423e-06,0.0037468746,-7.345365000000001e-25,1.4901161e-08,0.0,True
2007-06-18,2.99,31.8,16.27143,19.614286,13.17143,85.457146,2.257143,1.7714285,2.3857143,6.5857143,19.485714,0.00092731416,0.0034576207,-7.345365000000001e-25,1.4901161e-08,0.0,True
2007-06-25,2.98,19.3,17.157145,21.557144,12.842857,81.35714,2.7571428,2.4714284,3.0571427,7.3285713,20.028572,0.0066794977,0.0032749847,-7.345365000000001e-25,7.450581e-09,0.0,True
2007-07-02,3.01,47.6,14.742858,18.171429,11.028572,81.61428,2.614286,2.557143,2.7428572,9.328571,15.942857,0.0087272,0.00354366,-7.345365000000001e-25,1.8626451e-08,0.0,True
2007-07-09,3.02,42.5,15.285714,18.628572,12.2,82.35714,2.7714288,2.6714284,2.9857142,10.2,17.4,0.0049839914,0.0054544806,-7.345365000000001e-25,2.2351742e-08,0.0,True
2007-07-16,3.01,20.5,18.071428,22.742859,13.67143,79.88572,3.142857,2.857143,3.4857142,9.928572,19.671429,0.0022802204,0.007272348,-7.345365000000001e-25,2.6077032e-08,0.0,True
2007-07-23,3.0,30.8,17.885715,22.171429,13.785714,75.557144,3.2999997,2.9285715,3.8285713,8.985714,21.528572,0.0003440231,0.007545933,-7.345365000000001e-25,2.6077032e-08,0.0,True
2007-07-30,3.03,63.0,15.985715,19.385714,13.1,81.27143,2.7142856,2.6714287,2.857143,10.385715,17.428572,0.0059442967,0.007571861,-7.345365000000001e-25,2.6077032e-08,0.0,True
2007-08-06,3.0,0.8,18.042858,22.628572,12.928572,69.84286,3.5142858,2.9714284,4.2,9.7,19.814285,9.2335045e-05,0.008271158,-7.345365000000001e-25,2.2351742e-08,0.0,True
2007-08-13,2.9850000000000003,0.4,18.228573,21.114286,15.342857,82.91429,2.2285714,1.8142855,2.8,8.828571,20.828571,0.00019975007,0.008187525,-7.345365000000001e-25,2.6077032e-08,0.0,True
2007-08-20,2.97,24.6,17.285715,21.585714,13.142858,77.24286,2.4857144,2.2142856,2.8142858,8.5,18.77143,0.001040712,0.007680349,-7.345365000000001e-25,2.2351742e-08,0.0,True
2007-08-27,2.96,21.6,17.557142,20.685715,14.085715,82.814285,1.942857,1.7285715,2.5857143,8.785714,19.471428,0.00035108626,0.0072859228,-7.345365000000001e-25,2.4214387e-08,0.0,True
2007-09-03,2.98,35.1,14.257143,16.957142,11.400001,78.557144,1.7857143,1.6714287,2.3285713,8.9,15.385715,0.0004521683,0.006932676,-7.345365000000001e-25,1.4901161e-08,0.0,True
2007-09-10,2.97,14.299999,14.442858,16.571428,11.828572,78.75715,1.8285714,1.7142857,2.2571428,9.257143,15.3,0.0010601059,0.0066253915,-7.345365000000001e-25,2.2351742e-08,0.0,True
2007-09-17,2.96,14.2,13.7,16.37143,10.314286,78.91429,1.342857,1.2857141,1.9571428,9.528571,14.071428,0.00028978288,0.0064331368,-7.345365000000001e-25,1.8626451e-08,0.0,True
2007-09-24,2.95,11.599999,14.385715,17.87143,10.6285715,80.0,1.4714286,1.4142858,1.8571428,9.614285,14.485714,0.0002719015,0.0063169524,-7.345365000000001e-25,1.8626451e-08,0.0,True
2007-10-01,2.94,25.199999,12.428572,15.071428,9.814285,88.12858,0.9142857,0.90000004,1.1571429,10.042857,12.928572,0.0041564703,0.00684987,-7.345365000000001e-25,1.6763806e-08,0.0,True
2007-10-08,2.93,1.4,11.114286,14.528572,6.8857145,85.185715,0.6714286,0.6714286,1.0571429,10.228572,11.657143,0.0006328374,0.0070300847,-7.345365000000001e-25,1.1175871e-08,0.0,True
2007-10-15,2.91,0.1,10.342857,14.028571,6.2000003,79.04286,0.78571427,0.6857143,1.1142857,9.8714285,10.828571,2.206862e-05,0.007467605,-7.345365000000001e-25,9.313226e-09,0.0,True
2007-10-22,2.9,23.900002,8.442858,11.385715,4.357143,81.44286,0.74285716,0.7142858,0.9142857,10.157143,8.457143,0.0009425208,0.007393986,-7.345365000000001e-25,7.450581e-09,0.0,True
2007-10-29,2.9,7.8999996,8.1285715,10.0,6.0428576,86.057144,0.4571429,0.42857143,0.7285714,10.1,7.542857,0.0014703125,0.007365659,-7.345365000000001e-25,7.450581e-09,0.0,True
2007-11-05,2.88,11.8,9.957144,11.814286,6.971429,89.11428,0.5,0.4857143,0.61428577,10.3714285,9.071428,0.0004363954,0.0075248703,-7.345365000000001e-25,1.1175871e-08,0.0,True
2007-11-12,2.98,49.899998,6.9714284,9.057143,3.9714286,80.74286,1.0428572,1.0428572,0.9714286,10.957143,5.6714287,0.0045209974,0.008777462,1.2868926e-05,9.161979e-05,0.00010692701,True
2007-11-19,2.99,25.3,3.7428572,5.6857142,1.4,89.457146,0.25714287,0.25714287,0.35714287,10.671429,3.0,0.00023818016,0.012072623,5.5574237e-06,1.9012019e-05,1.4677644e-06,True
2007-11-26,2.96,17.4,4.8428574,7.3142858,1.9285715,85.02857,0.42857143,0.42857143,0.55714285,10.314285,3.4714286,0.00029476732,0.012593448,2.7304604e-06,7.7765435e-06,5.4456294e-05,True
2007-12-03,3.01,30.5,6.071429,7.714286,4.257143,87.14286,0.61428577,0.61428577,0.5714286,10.757143,4.4714284,0.0042506307,0.012674853,1.0870752e-05,4.6551228e-05,0.0,True
2007-12-10,3.09,41.8,7.114286,9.014286,4.957143,90.82857,0.55714285,0.55714285,0.4857143,11.4,6.071429,0.013909787,0.017755106,6.4656847e-06,7.886812e-05,8.203834e-05,True
2007-12-17,3.01,0.0,2.3428571,3.5428574,0.44285712,88.27143,0.12857144,0.12857144,0.22857143,10.457143,1.9714285,3.4160912e-05,0.020940877,1.561074e-05,1.3137236e-05,0.00012170151,True
2007-12-24,2.995,2.1,-1.057143,0.8142858,-2.7142856,96.85714,0.014285714,0.014285714,0.14285715,10.214286,-0.35714287,3.9748847e-05,0.018155493,0.00031274272,0.00026401877,0.00035097823,True
2007-12-31,2.96,2.7,4.4,5.914286,2.914286,88.51428,0.2857143,0.2857143,0.45714286,10.2,1.9571428,7.738918e-05,0.015049957,4.918235e-05,0.00020580739,0.0,True
2008-01-07,2.99,14.9,0.84285706,2.5857143,-1.3000001,87.557144,0.24285714,0.24285714,0.47142857,10.357142,0.08571429,0.00028166175,0.01269348,0.0005344493,0.0009945258,0.0013388097,True
2008-01-14,2.98,3.7,5.8,8.071428,3.4,84.814285,0.51428574,0.51428574,0.6857143,10.414286,3.8428571,0.00019208342,0.011111289,3.1312306e-05,0.00024926662,0.0,True
2008-01-21,2.9850000000000003,48.6,7.114286,9.6,4.414286,89.87144,0.61428577,0.59999996,0.5857143,10.857142,5.957143,0.010586686,0.012166083,3.933339e-05,6.65281e-05,0.0032498986,True
2008-01-28,3.09,10.4,6.285714,8.0,4.0,89.78571,0.5714286,0.5714286,0.5714286,11.0,5.142857,0.0010242388,0.013236299,0.0007049186,0.0038588755,0.0006182939,True
2008-02-04,3.08,9.5,3.957143,6.0,1.9142858,82.28571,0.75714284,0.75714284,0.8142857,10.485714,2.9571428,0.00041343272,0.015274584,0.00058329676,0.0012953784,0.0021074153,True
2008-02-11,3.04,6.1,5.7571425,9.885715,2.4857144,80.34286,0.7,0.6714286,0.71428573,10.442857,4.1714287,0.00035518408,0.015305042,0.0001109725,0.00077714026,8.0209225e-05,True
2008-02-18,3.03,0.5,2.2714286,4.328572,-0.5714286,86.58572,0.41428572,0.37142858,0.4857143,10.014286,2.0428572,2.5451183e-05,0.014667898,1.4134815e-06,3.6302954e-06,1.4305115e-06,True
2008-02-25,3.01,7.2999997,6.1857142,8.414286,3.642857,87.52857,0.7571429,0.7285714,0.81428576,9.885715,5.4857144,0.00023791194,0.013225585,-7.345365000000001e-25,3.4458935e-07,0.0,True
2008-03-03,3.07,42.1,6.3428574,8.571428,3.5285716,85.84286,1.1571429,1.1571429,0.9285714,10.585714,5.6571426,0.0028850436,0.011847496,6.369182e-06,1.3621524e-05,0.00034037232,True
2008-03-10,3.11,5.8,5.928571,8.328572,2.7285714,79.35714,1.1,1.0714285,1.1714286,10.457143,5.2714286,0.00032305717,0.011584088,0.00016444638,0.000644641,0.0003478825,True
2008-03-17,3.11,23.099998,5.8,7.7428575,3.0142858,83.77143,1.3,1.2857143,1.1,10.542857,5.542857,0.0008647591,0.011883989,1.3169788e-06,2.7362257e-06,4.6893954e-05,True
2008-03-24,3.13,20.6,2.4285715,5.2000003,-0.71428573,78.52857,1.0857142,1.0571429,1.1714286,10.5,3.3,0.0006305948,0.012507185,0.0006789877,0.0013987105,0.0044513904,True
2008-03-31,3.14,19.4,5.3714285,9.014286,1.8714286,80.957146,1.5,1.5142858,1.4142857,10.314285,5.571429,0.00066165626,0.012711011,0.0030450765,0.008242503,0.0054665804,True
2008-04-07,3.12,16.8,5.928571,8.6285715,2.6285717,86.77143,1.1714286,1.1714286,1.1142857,10.271428,7.0571427,0.0004677847,0.012785666,2.968879e-06,2.3450702e-05,3.516674e-06,True
2008-04-14,3.11,1.8,5.8428574,9.971429,1.1999999,78.814285,1.4571428,1.3142856,1.6,9.8714285,7.9428573,0.00013227761,0.012572594,3.973643e-07,1.6726553e-06,0.0,True
2008-04-21,3.08,0.7,6.571429,10.142858,2.6285717,76.84286,1.942857,1.5571429,1.9285715,9.3714285,8.5,6.9737434e-05,0.011725113,-7.345365000000001e-25,0.0,0.0,True
2008-04-28,3.065,7.9,11.528572,16.585714,6.2571435,72.38572,2.5857143,2.085714,2.6571429,8.6,12.814285,0.0012071505,0.010474667,-7.345365000000001e-25,0.0,0.0,True
2008-05-05,3.04,7.9,11.757143,16.542858,6.3,74.35714,2.857143,2.3428571,2.9857142,8.271428,14.542857,4.646182e-05,0.009199746,-7.345365000000001e-25,3.7252903e-09,0.0,True
2008-05-12,3.01,0.0,16.47143,22.042858,9.6285715,60.87143,4.5,2.742857,4.642857,7.0,19.457144,2.9802322e-08,0.00797721,-7.345365000000001e-25,0.0,0.0,True
2008-05-19,3.0,1.7,12.142858,16.385715,7.3142858,70.314285,3.0857143,1.2142857,3.3857143,6.2714286,16.685715,3.7521124e-05,0.006806448,-7.345365000000001e-25,7.450581e-09,0.0,True
2008-05-26,2.9850000000000003,7.7,12.7,16.9,7.357143,66.41429,3.5000002,1.1714287,3.6285713,5.9428573,16.157143,0.00013837218,0.0058474615,-7.345365000000001e-25,7.450581e-09,0.0,True
2008-06-02,2.95,0.0,18.77143,24.485716,13.157143,66.15714,4.214286,0.9285714,4.6857142,5.742857,19.8,2.6218593e-05,0.0050255135,-7.345365000000001e-25,1.8626451e-08,0.0,True
2008-06-09,2.96,53.1,18.97143,24.47143,13.542857,63.885715,4.7285714,1.0285715,5.071429,5.6,21.857143,5.0470233e-05,0.0043121055,-7.345365000000001e-25,7.450581e-09,0.0,True
2008-06-16,2.96,16.9,13.042857,16.814287,9.257143,74.07143,3.2142856,1.3000001,3.357143,5.4714284,16.657143,0.00025115907,0.0037507936,-7.345365000000001e-25,7.450581e-09,0.0,True
2008-06-23,2.9400000000000004,11.3,15.7,20.128572,11.114286,71.828575,3.7142854,1.6571428,3.8,5.4142857,18.142857,0.0001033321,0.0033314526,-7.345365000000001e-25,1.4901161e-08,0.0,True
2008-06-30,2.91,9.9,16.142859,20.300001,11.857142,74.85714,3.6857142,1.5428572,3.7285714,5.2285714,19.0,9.302795e-05,0.002971679,-7.345365000000001e-25,2.2351742e-08,0.0,True
2008-07-07,2.98,76.4,18.414288,23.34286,13.471429,75.62858,3.9,2.1714284,3.9857142,6.0142856,21.12857,0.006909609,0.0026728585,-7.345365000000001e-25,2.6077032e-08,0.0,True
2008-07-14,2.95,15.3,16.085714,19.742859,12.271429,81.67143,2.8857143,2.6857145,2.8999999,7.7,17.742857,0.0030727834,0.0025279298,-7.345365000000001e-25,2.6077032e-08,0.0,True
2008-07-21,3.05,67.6,15.471429,18.128572,13.014285,85.90001,2.2,2.1714287,2.1,8.1,16.62857,0.0043756366,0.0024788454,-7.345365000000001e-25,2.6077032e-08,0.0,True
2008-07-28,3.0,0.0,20.085714,25.37143,14.685715,74.28571,3.9142857,3.1857145,4.4428573,8.342857,21.7,3.937632e-05,0.0026399791,-7.345365000000001e-25,2.2351742e-08,0.0,True
2008-08-04,3.0,43.6,20.085714,24.628572,16.214285,76.52857,3.7285714,3.2142856,3.9285715,7.8142858,22.471428,0.006213434,0.0026976988,-7.345365000000001e-25,2.6077032e-08,0.0,True
2008-08-11,3.02,26.5,17.77143,21.885715,14.342857,81.62858,2.614286,2.542857,2.9857142,9.271428,19.3,0.0029156357,0.003122121,-7.345365000000001e-25,2.6077032e-08,0.0,True
2008-08-18,2.98,4.9,16.34286,19.885715,12.071428,78.14286,2.3857143,2.2428572,2.8999999,9.1285715,18.428572,0.00048325956,0.003164485,-7.345365000000001e-25,2.2351742e-08,0.0,True
2008-08-25,3.08,63.8,16.242857,19.571428,13.785714,86.314285,1.7714285,1.8,2.0,9.8714285,17.114286,0.007819071,0.0054513663,-7.345365000000001e-25,2.6077032e-08,0.0,True
2008-09-01,3.05,9.7,17.2,20.328571,13.914286,82.78571,1.8000001,1.6142857,2.2,9.885715,18.157143,0.0002644658,0.0043567866,-7.345365000000001e-25,2.7939677e-08,0.0,True
2008-09-08,3.01,16.5,15.614286,19.357143,12.014287,81.07143,1.7285713,1.642857,2.1714284,9.657143,16.114286,0.00071285665,0.004762456,-7.345365000000001e-25,2.4214387e-08,0.0,True
2008-09-15,2.98,0.6,14.900001,19.142857,11.0,77.22858,1.8000001,1.5428572,2.3714287,9.242857,16.5,2.3126602e-05,0.004862964,-7.345365000000001e-25,1.4901161e-08,0.0,True
2008-09-22,2.95,0.1,11.7,15.1,7.585715,80.61428,1.0571429,0.82857144,1.5,8.728572,13.6,2.6524067e-05,0.0047897175,-7.345365000000001e-25,1.8626451e-09,0.0,True
2008-09-29,2.935,7.8,11.857142,15.357142,8.671429,88.38572,0.94285715,0.8,1.1714286,8.485714,13.214286,9.2715025e-05,0.0046573654,-7.345365000000001e-25,7.450581e-09,0.0,True
2008-10-06,3.15,111.5,10.0,12.485715,7.785714,87.22858,1.2285715,1.2142857,1.0428572,10.857142,10.157143,0.006093152,0.005180791,-7.345365000000001e-25,1.1175871e-08,0.0,True
2008-10-13,3.09,0.3,12.585714,16.27143,9.1,88.61428,0.7285714,0.68571424,0.94285715,10.4,12.442857,5.8740377e-05,0.0061284006,-7.345365000000001e-25,1.3038516e-08,0.0,True
2008-10-20,3.11,30.2,11.385715,13.6,8.857142,85.47143,0.82857144,0.8428572,0.98571426,10.6,10.8,0.0031829625,0.0074398816,-7.345365000000001e-25,1.4901161e-08,0.0,True
2008-10-27,3.115,16.2,9.257143,11.8,6.5428576,86.65715,0.6571428,0.6571428,0.7285714,10.6285715,8.857142,0.00050240755,0.008531705,-7.345365000000001e-25,1.1175871e-08,0.0,True
2008-11-03,3.09,4.0,5.3285713,7.6,2.7857144,92.557144,0.2857143,0.2857143,0.35714287,10.571428,5.5142856,0.00020129979,0.009190157,-7.345365000000001e-25,3.7252903e-09,0.0,True
2008-11-10,3.09,42.9,9.314286,10.957144,7.514286,91.51429,0.47142857,0.47142857,0.55714285,10.3,8.357142,0.0005956143,0.009453364,-7.345365000000001e-25,7.450581e-09,0.0,True
2008-11-17,3.17,11.6,8.1285715,10.185715,5.7571425,90.08571,0.5285715,0.5285715,0.4857143,10.857142,7.4857144,0.0024223477,0.011261441,-7.345365000000001e-25,7.450581e-09,0.0,True
2008-11-24,3.215,36.4,4.085715,6.514286,1.4428571,85.185715,0.58571434,0.58571434,0.5428571,10.914286,3.6,0.0013783425,0.011816859,0.0025595427,0.0017423742,0.0074143372,True
2008-12-01,3.21,1.1,3.2142856,5.0285716,1.1142857,93.11428,0.17142858,0.17142858,0.25714287,10.385715,2.6285715,0.00026848912,0.013223149,0.0012579134,0.0054266937,1.4986843e-05,True
2008-12-08,3.19,11.4,3.5428574,5.2571425,1.6571429,95.57143,0.15714286,0.15714286,0.17142858,10.357142,2.6571429,0.00037117302,0.013228536,0.0006495714,0.0022631604,0.0021857992,True
2008-12-15,3.18,3.3,1.2285715,2.7857144,-0.2857143,95.74286,0.08571429,0.08571429,0.14285715,10.3714285,0.8857143,0.000121980906,0.01290556,0.00030184927,0.000610834,0.000631392,True
2008-12-22,3.17,5.0,4.6142855,6.3428574,2.5,93.02857,0.3,0.3,0.27142856,10.328571,3.3,0.0001667887,0.01227618,2.6674497e-05,8.93455e-05,5.2154064e-08,True
2008-12-29,3.165,1.1,1.5714285,3.114286,-0.5428571,91.38572,0.08571429,0.08571429,0.17142858,10.257143,1.6142857,1.7277896e-05,0.01142627,7.447742e-06,3.5762787e-07,2.7325004e-05,True
2009-01-05,3.19,20.9,-1.4142858,1.0428572,-4.585714,93.14286,0.0,0.0,0.071428575,10.2,-2.45,0.0004711002,0.010518976,0.00023364453,0.00037557632,0.00071751326,True
2009-01-12,3.17,2.2,-0.85714287,1.7571429,-4.6714287,81.32857,0.29999998,0.29999998,0.5285714,10.328571,-1.4857143,5.06714e-05,0.009855539,0.001218177,0.0005328655,0.0013002902,True
2009-01-19,3.18,10.1,2.7571428,4.3428574,1.2142857,95.67143,0.22857143,0.22857143,0.25714287,10.357142,0.6857143,0.0004493147,0.00935594,0.00018432026,0.0009534098,3.2037497e-07,True
2009-01-26,3.2,10.7,1.8857143,3.9285715,-0.25714284,91.97143,0.29999998,0.29999998,0.27142859,10.528571,0.9142857,0.00031858683,0.009015188,0.00021489461,0.00073928013,0.00095855445,True
2009-02-02,3.175,1.0,-1.5142858,-0.04285715,-2.957143,91.27143,0.14285715,0.14285715,0.37142858,10.257143,-0.3857143,1.296401e-06,0.008893505,0.0006041186,2.5661662e-05,0.0011868738,True
2009-02-09,3.15,5.0,1.9857143,4.157143,0.028571436,93.057144,0.25714287,0.25714287,0.34285715,10.2,0.3,0.0002053082,0.008678444,0.00076736725,0.0024496801,0.0015461035,True
2009-02-16,3.16,29.5,0.5,2.2571428,-1.7571429,93.442856,0.2714286,0.2714286,0.3,10.557143,0.18571429,0.000594154,0.008406676,0.007884758,0.010775471,0.0149263255,True
2009-02-23,3.215,9.7,2.0714285,3.9285715,0.11428571,92.14286,0.41428572,0.41428572,0.42857143,10.5,1.6428572,0.000741452,0.008364081,0.002941722,0.006104404,0.001743909,True
2009-03-02,3.22,14.9,4.857143,6.857143,2.857143,93.62858,0.45714286,0.45714286,0.5142857,10.357142,4.6857142,0.00031743944,0.008776121,3.8884937e-05,0.00018569268,0.0,True
2009-03-09,3.2,11.0,4.9428573,7.142857,2.1571429,85.44286,0.81428576,0.8000001,0.85714287,10.3,4.6,0.0003079772,0.009026535,1.19493125e-05,8.702092e-05,0.00014080852,True
2009-03-16,3.21,15.8,5.3714285,7.614286,3.3285713,93.471436,0.61428565,0.61428565,0.62857145,10.542857,5.642857,0.00049445033,0.009259909,8.566039e-06,5.7978556e-05,0.0,True
2009-03-23,3.21,15.0,5.142857,7.785714,1.9428571,83.58572,1.2714287,1.1714286,1.1285714,10.071428,6.4,0.00033278763,0.0096721575,7.095791e-07,1.7620623e-06,6.0230494e-05,True
2009-03-30,3.26,37.0,4.357143,6.6857147,1.8428572,85.700005,1.0857142,1.0857142,1.0857143,10.7,5.0142856,0.0022677258,0.010440417,0.0006620146,0.0039133728,0.003769312,True
2009-04-06,3.22,0.0,8.985715,13.757143,4.3,80.1,1.5999998,1.3714286,1.7714285,9.928572,9.728572,8.46386e-06,0.011905506,2.6793707e-06,2.0636246e-05,0.0,True
2009-04-13,3.21,9.900001,13.17143,19.385714,8.085714,71.87143,2.7285712,2.2142856,2.9142857,9.171429,13.914286,0.00010545552,0.011323944,-7.345365000000001e-25,1.1175871e-08,0.0,True
2009-04-20,3.16,0.0,11.642858,17.37143,6.3,66.04286,3.0571427,2.2142854,3.3142858,8.114285,14.428572,2.1606684e-07,0.010035567,-7.345365000000001e-25,0.0,0.0,True
2009-04-27,3.15,5.5,12.228572,17.014286,6.7428575,68.057144,3.042857,1.8000001,3.1142857,7.214286,14.514286,2.7999282e-05,0.00863497,-7.345365000000001e-25,3.7252903e-09,0.0,True
2009-05-04,3.1,9.8,11.2,15.271429,7.585714,82.34286,2.2142856,1.5714284,2.2857144,7.1285715,14.3,0.00028388947,0.00742542,-7.345365000000001e-25,0.0,0.0,True
2009-05-11,3.04,14.1,11.114286,14.428572,6.957143,78.57143,2.5428574,2.0714288,2.5714285,7.1857142,13.557143,0.00024840236,0.0065016374,-7.345365000000001e-25,7.450581e-09,0.0,True
2009-05-18,3.08,9.4,12.67143,16.728573,8.314286,65.41429,3.2714286,2.3142855,3.4857142,6.642857,15.071428,0.0002291426,0.0057344437,-7.345365000000001e-25,7.450581e-09,0.0,True
2009-05-25,3.0700000000000003,11.299999,13.742858,18.442858,9.214286,72.4,3.3428571,2.2,3.6000001,6.3142858,17.557142,0.00015184283,0.0051184893,-7.345365000000001e-25,3.7252903e-09,0.0,True
2009-06-01,3.05,10.2,15.185715,19.742859,10.857142,70.38572,4.2285714,2.2285717,4.2,5.9142857,17.928572,0.00022671372,0.004591197,-7.345365000000001e-25,1.8626451e-08,0.0,True
2009-06-08,3.05,20.6,11.67143,14.485715,8.257143,71.14286,2.9285715,1.0285714,3.2142856,5.614286,15.428572,0.00020353496,0.0041306466,-7.345365000000001e-25,0.0,0.0,True
2009-06-15,3.1,61.5,12.67143,15.800001,9.400001,79.25714,2.5571427,2.2142856,2.6142857,7.457143,14.9,0.0045302585,0.0038026944,-7.345365000000001e-25,7.450581e-09,0.0,True
2009-06-22,3.075,17.5,13.7,16.757143,9.757143,73.87144,3.2714286,2.7142856,3.5,7.214286,17.214285,0.000252977,0.0035988986,-7.345365000000001e-25,1.1175871e-08,0.0,True
2009-06-29,3.03,0.3,17.657145,21.814287,13.742858,76.38572,3.7142856,2.6285713,4.0,6.3428574,20.614286,5.273521e-05,0.0034035295,-7.345365000000001e-25,1.8626451e-08,0.0,True
2009-07-06,2.995,16.9,20.37143,24.37143,16.057142,77.65715,3.9857142,1.8714285,4.4428573,5.4428573,24.3,4.723668e-05,0.00318636,-7.345365000000001e-25,2.2351742e-08,0.0,True
2009-07-13,3.01175,46.8,15.442858,18.87143,12.1285715,81.42857,2.8428574,2.357143,2.8714287,5.9857144,17.6,0.0010332987,0.0029853731,-7.345365000000001e-25,2.6077032e-08,0.0,True
2009-07-20,3.003,33.9,17.97143,22.27143,14.2,78.9,3.357143,2.7571428,3.5714285,6.0,20.72857,0.00049187243,0.0028452054,-7.345365000000001e-25,2.2351742e-08,0.0,True
2009-07-27,3.024375,32.8,17.857143,21.671429,14.228572,79.57143,3.085714,2.8142858,3.1571426,6.8285713,19.77143,0.0019549131,0.0027492493,-7.345365000000001e-25,2.2351742e-08,0.0,True
2009-08-03,3.004875,10.0,17.34286,21.428572,12.800001,75.74286,3.085714,2.6285717,3.357143,6.885714,19.685715,0.0010666996,0.002720505,-7.345365000000001e-25,2.2351742e-08,0.0,True
2009-08-10,2.975,4.5,19.628572,23.414286,15.271429,75.0,3.2142856,2.385714,3.642857,6.1,22.62857,9.715557e-05,0.002685681,-7.345365000000001e-25,1.4901161e-08,0.0,True
2009-08-17,2.9575,15.1,17.842857,21.542858,14.5,75.971436,2.7714288,1.9857143,3.3142858,5.642857,20.2,0.00018705428,0.0026273727,-7.345365000000001e-25,2.6077032e-08,0.0,True
2009-08-24,2.93925,9.8,19.057144,24.757143,13.085715,68.17143,3.485714,2.0285716,3.957143,5.0285716,20.8,0.00012412667,0.0025392845,-7.345365000000001e-25,2.2351742e-08,0.0,True
2009-08-31,2.9238888888888885,16.6,16.957144,21.042858,12.8,76.557144,2.2571428,1.4857142,2.7142856,5.257143,17.928572,0.0006207377,0.002445981,-7.345365000000001e-25,2.2351742e-08,0.0,True
2009-09-07,2.913125,14.700001,15.857142,20.114286,12.900001,77.6,2.1428573,1.8571427,2.6714287,6.042857,15.942857,0.00044591725,0.002382338,-7.345365000000001e-25,2.4214387e-08,0.0,True
2009-09-14,2.889,2.8,15.985715,19.514286,12.471429,76.58572,1.8571428,1.3857143,2.5142858,6.0571427,17.028572,3.85046e-05,0.002341196,-7.345365000000001e-25,2.2351742e-08,0.0,True
2009-09-21,2.869125,0.0,14.485715,19.17143,9.442857,77.88572,1.6,1.0285715,2.1142857,5.5571427,16.314285,2.1010637e-06,0.0022981316,-7.345365000000001e-25,1.4901161e-08,0.0,True
2009-09-28,2.852375,5.7999997,14.257143,17.87143,10.185715,83.057144,1.1714286,0.6571428,1.6571429,5.1571426,15.2,5.8576465e-05,0.0022488162,-7.345365000000001e-25,1.8626451e-08,0.0,True
2009-10-05,2.861,39.899998,11.485715,13.957144,7.8428574,80.44286,1.2857143,1.2142857,1.4571428,5.8285713,11.571428,0.0004094392,0.0022032037,-7.345365000000001e-25,1.3038516e-08,0.0,True
2009-10-12,2.852125,13.0,10.157144,13.014287,6.9428573,82.35714,0.84285724,0.82857144,1.0857143,7.5857143,10.571428,0.0013807416,0.0021694452,-7.345365000000001e-25,7.450581e-09,0.0,True
2009-10-19,2.842375,6.1,6.642857,9.385715,2.8714287,77.18572,0.8142857,0.7428571,1.0857142,8.114285,6.4142857,7.6159835e-05,0.0021691844,-7.345365000000001e-25,1.8626451e-09,0.0,True
2009-10-26,2.829,15.8,8.285714,10.057143,6.228572,86.68572,0.5571428,0.5142857,0.7714286,8.142858,7.9142857,0.00018584356,0.0021897182,-7.345365000000001e-25,9.313226e-09,0.0,True
2009-11-02,2.83625,26.5,8.7,11.014287,6.1857142,90.700005,0.4,0.3857143,0.5,8.814285,8.471429,0.0046699345,0.0022595897,-7.345365000000001e-25,3.7252903e-09,0.0,True
2009-11-09,2.86775,19.8,6.7999997,8.5,5.0142856,93.85714,0.34285715,0.34285715,0.40000004,10.557143,6.8142858,0.0004885644,0.0024034828,-7.345365000000001e-25,5.5879354e-09,0.0,True
2009-11-16,2.860875,18.7,8.6285715,10.542857,6.8142858,91.457146,0.4,0.4,0.55714285,10.842857,7.642857,0.0015354306,0.0028918013,-7.345365000000001e-25,9.313226e-09,0.0,True
2009-11-23,2.873625,20.3,10.242858,12.057143,8.1285715,85.442856,0.6857143,0.6571428,0.90000004,10.757143,8.7,0.0044760406,0.0037879348,-7.345365000000001e-25,1.1175871e-08,0.0,True
2009-11-30,2.87875,12.200001,8.2,9.857142,5.8857145,85.28571,0.67142856,0.67142856,0.8,10.771428,7.1,0.0014505237,0.0049772263,-7.345365000000001e-25,5.5879354e-09,0.0,True
2009-12-07,2.857,10.8,4.6285715,7.071429,1.957143,89.88572,0.27142856,0.27142856,0.31428573,10.528571,3.7714286,0.0007349923,0.0061903447,6.8119596e-07,4.1909516e-06,4.030764e-06,True
2009-12-14,2.87175,19.6,3.5428574,4.6285715,1.4142857,93.700005,0.14285715,0.14285715,0.25714287,10.957143,3.4857142,0.002084531,0.0073452443,6.414595e-07,5.029142e-08,3.0137599e-05,True
2009-12-21,2.8683333333333336,10.5,-3.6285713,-1.2428571,-5.928571,88.75715,0.0,0.0,0.22857143,10.414286,-0.3857143,7.44313e-06,0.008630045,0.004938097,1.3485551e-06,0.010166619,True
2009-12-28,2.881875,26.2,1.2,3.0,-1.0571429,94.58571,0.21428572,0.21428572,0.24285714,10.728572,0.5285714,0.0011023581,0.008793686,0.008329556,0.013499467,0.005421128,True
2010-01-04,2.889375,1.0,-2.414286,-0.72857136,-4.857143,90.48572,0.1,0.1,0.29999998,10.5,0.033333335,1.6763806e-06,0.0095351115,0.0055773715,3.192015e-05,0.0074697435,True
2010-01-11,2.8515,4.8,-2.4857142,-0.9285714,-4.914286,91.957146,0.057142857,0.057142857,0.25714284,10.3,-0.014285714,1.0579824e-06,0.009635739,0.0114919,0.0,0.011398293,True
2010-01-18,2.8275,4.9,-1.3571428,-0.10000001,-2.7285714,90.78571,0.014285714,0.014285714,0.34285715,10.342857,0.014285714,0.00015501678,0.0093284175,0.017678402,0.003934726,0.0033329166,True
2010-01-25,2.8184444444444443,0.3,-4.5142856,-2.7571428,-6.2999997,89.814285,0.028571429,0.028571429,0.27142859,10.328571,-0.8857143,0.00010944903,0.008902378,0.013207696,0.00286006,0.0018962361,True
2010-02-01,2.800375,17.1,-2.0428572,0.61428577,-5.642857,89.557144,0.14285715,0.14285715,0.3285714,10.485714,-0.82857144,0.00019983202,0.008520402,0.015259732,0.0038936306,0.012328152,True
2010-02-08,2.792,8.400001,-1.1999999,0.37142858,-3.7285714,91.82857,0.17142858,0.17142858,0.3285714,10.571428,-0.014285714,0.00033719838,0.008192271,0.023800096,0.009546259,0.0108811855,True
2010-02-15,2.7795,6.8,-4.1714287,-2.3,-7.157143,89.48572,0.0,0.0,0.3285714,10.3,-0.15714286,1.4901161e-08,0.008008078,0.026030172,0.0,0.009737495,True
2010-02-22,2.781,17.8,-0.3,1.9857142,-2.6571429,88.5,0.2857143,0.2857143,0.45714286,10.3714285,0.014285714,0.0025345087,0.00779365,0.024299178,0.014118189,0.006761525,True
2010-03-01,2.91975,27.4,2.9142857,5.371429,0.6714286,92.457146,0.5714286,0.5714286,0.5,10.814285,1.7428571,0.0041929483,0.0095140785,0.009097723,0.022902142,0.004657544,True
2010-03-08,2.946,4.6,-0.028571453,2.6000001,-3.3285713,83.07143,0.65714294,0.6428572,0.7285714,10.542857,1.0428572,0.000127092,0.01353132,0.003280526,0.0013463218,0.0055571645,True
2010-03-15,2.928125,8.2,1.6142857,3.5857143,-0.7142858,93.34286,0.5,0.5,0.5142857,10.228572,1.7857143,0.00036233664,0.013626561,0.0026935395,0.0055311937,0.00030851364,True
2010-03-22,2.919888888888889,8.3,7.9,11.471429,4.457143,83.700005,1.2428572,1.1999999,1.2428571,10.271428,7.2285714,0.00039619207,0.012845561,6.730216e-05,0.00034686178,3.7364662e-06,True
2010-03-29,2.931875,21.1,8.828571,12.771429,4.614286,79.88572,1.457143,1.4000002,1.5857143,10.342857,9.114285,0.00048655272,0.012139685,-7.345365000000001e-25,7.450581e-09,0.0,True
2010-04-05,2.95,17.3,7.557143,11.800001,4.071429,76.58572,1.8,1.7714285,1.7857143,10.214286,8.071428,0.00055883825,0.011493437,7.549922e-07,7.4245036e-06,7.636845e-06,True
2010-04-12,2.924875,1.1,8.5,12.357142,5.0285716,76.057144,1.9142857,1.6285715,2.0857143,9.6285715,9.785714,1.9580126e-05,0.010903142,-7.345365000000001e-25,2.4214387e-08,0.0,True
2010-04-19,2.897375,0.0,7.0285716,11.457144,2.3,74.957146,2.3714283,1.8,2.3285713,8.8,10.571428,2.0563602e-06,0.010071643,-7.345365000000001e-25,0.0,0.0,True
2010-04-26,2.8706666666666667,8.2,8.328572,12.7,3.7142856,73.25714,2.4142857,1.9142857,2.385714,8.114285,10.428572,0.00022090971,0.008990385,-7.345365000000001e-25,0.0,0.0,True
2010-05-03,2.8465,16.8,11.014287,14.800001,6.614286,77.185715,2.357143,1.8857143,2.3857143,7.714286,13.0,0.0003388971,0.00792373,-7.345365000000001e-25,7.450581e-09,0.0,True
2010-05-10,2.8395,9.6,7.1714287,9.542857,4.2428575,79.17143,1.7428571,1.4142857,1.9142857,7.8714285,9.514286,0.0002066642,0.0070930794,-7.345365000000001e-25,0.0,0.0,True
2010-05-17,2.82275,9.6,8.385715,10.642858,5.5285716,79.41429,1.9714285,1.6285714,2.1714284,7.9857144,10.471429,0.0019635558,0.006546505,-7.345365000000001e-25,0.0,0.0,True
2010-05-24,2.8,4.6,11.214286,14.385715,8.5,86.08572,2.6857142,2.0142858,2.2571428,7.3,14.885715,0.000106588006,0.0061172545,-7.345365000000001e-25,7.450581e-09,0.0,True
2010-05-31,2.7867777777777776,19.6,11.742858,15.614286,7.514286,72.65714,2.714286,2.0714288,2.957143,6.8,14.842857,0.00050090253,0.005653627,-7.345365000000001e-25,3.7252903e-09,0.0,True
2010-06-07,2.76875,1.6,14.185715,18.300001,9.157143,77.185715,3.4714286,2.4714284,3.4857142,6.542857,18.385714,4.5508146e-05,0.005208716,-7.345365000000001e-25,1.1175871e-08,0.0,True
2010-06-14,2.767125,35.2,15.385715,18.9,12.271429,82.77143,2.4714284,2.0714285,2.7285714,6.885714,17.77143,0.00067427754,0.004820794,-7.345365000000001e-25,1.1175871e-08,0.0,True
2010-06-21,2.7556666666666665,2.5,12.771429,16.171429,8.8714285,77.057144,3.042857,2.1000001,3.2285714,6.214286,16.657143,5.6147575e-05,0.0045221522,-7.345365000000001e-25,7.450581e-09,0.0,True
2010-06-28,2.73275,0.0,16.814285,21.2,10.585715,71.942856,4.3285713,1.4571428,4.542857,5.542857,21.514286,8.1956387e-07,0.0042021945,-7.345365000000001e-25,1.4901161e-08,0.0,True
2010-07-05,2.707125,1.4,20.942858,26.17143,15.014287,67.685715,4.6857147,1.1142857,4.9714284,5.1285715,24.285715,4.5597553e-05,0.0038144737,-7.345365000000001e-25,2.2351742e-08,0.0,True
2010-07-12,2.685625,13.799999,21.87143,27.84286,16.214285,68.71429,4.7428575,1.1999999,5.071429,5.042857,24.685715,0.00011704862,0.003427215,-7.345365000000001e-25,2.2351742e-08,0.0,True
2010-07-19,2.672625,13.8,20.585714,25.757143,14.871429,66.85715,4.7285714,2.4857144,5.1714287,5.4428573,23.4,0.00017786026,0.003057599,-7.345365000000001e-25,2.2351742e-08,0.0,True
2010-07-26,2.656375,6.1000004,19.057144,23.328571,14.285714,69.828575,3.7285714,1.557143,4.242857,4.928571,22.071428,0.00010430813,0.002740197,-7.345365000000001e-25,1.8626451e-08,0.0,True
2010-08-02,2.638875,12.499999,17.328571,20.771427,13.800001,78.98572,2.6857142,1.8285714,3.0857143,5.214286,19.571428,0.00029037893,0.0025011897,-7.345365000000001e-25,2.2351742e-08,0.0,True
2010-08-09,2.622875,4.7,17.257143,21.5,12.614286,78.75714,2.5142858,1.6000001,2.9857142,5.1,20.2,0.00013490021,0.002307184,-7.345365000000001e-25,1.4901161e-08,0.0,True
2010-08-16,2.609125,15.599999,18.085714,21.757143,13.442857,78.67143,2.5,1.6857144,3.0285716,5.142857,20.257143,0.0001643151,0.0021384656,-7.345365000000001e-25,2.6077032e-08,0.0,True
2010-08-23,2.616625,20.9,18.257143,22.485716,13.900001,81.0,2.142857,1.9571427,2.7285714,6.642857,18.914286,0.003669113,0.002000451,-7.345365000000001e-25,2.9802322e-08,0.0,True
2010-08-30,2.618875,49.3,14.285714,17.514286,11.142858,81.5,1.957143,1.9428571,2.2142856,8.7,15.342857,0.0029666573,0.0019112006,-7.345365000000001e-25,2.6077032e-08,0.0,True
2010-09-06,2.621625,8.1,13.900001,17.485716,9.242858,75.48572,1.8428571,1.6714286,2.457143,9.685715,15.471429,9.1567636e-05,0.0019150823,-7.345365000000001e-25,1.4901161e-08,0.0,True
2010-09-13,2.6131111111111114,43.699997,15.057143,17.97143,12.514285,83.957146,1.3428571,1.2571429,1.7571429,9.571428,15.585714,0.00036260486,0.0019439757,-7.345365000000001e-25,2.2351742e-08,0.0,True
2010-09-20,2.68125,68.1,12.800001,15.414286,10.442858,86.67143,1.5714287,1.5714287,1.4571428,11.114285,12.985714,0.011419579,0.0036956742,-7.345365000000001e-25,2.6077032e-08,0.0,True
2010-09-27,2.714375,28.5,13.785714,16.928572,10.3,85.471436,1.042857,1.042857,1.4,10.685715,14.3714285,0.0028192103,0.0035609677,-7.345365000000001e-25,9.313226e-09,0.0,True
2010-10-04,2.711625,0.4,11.242857,14.442858,7.8142858,80.37144,0.91428566,0.9,1.3571428,10.357142,11.757143,8.85278e-05,0.0046977103,-7.345365000000001e-25,1.4901161e-08,0.0,True
2010-10-11,2.671875,1.5,12.242858,16.228573,8.4,83.98572,0.8571428,0.7571429,1.2142857,9.8714285,13.114285,5.7026744e-05,0.005291708,-7.345365000000001e-25,1.1175871e-08,0.0,True
2010-10-18,2.6574444444444447,18.4,7.957143,11.185715,3.9428573,83.4,0.6571428,0.59999996,0.87142855,9.828571,8.6,0.0002014786,0.005360909,-7.345365000000001e-25,1.8626451e-09,0.0,True
2010-10-25,2.71975,60.800003,7.8142858,10.085714,5.1285715,83.542854,1.0000001,1.0000001,0.9857143,10.914286,7.2,0.002735585,0.0056436807,-7.345365000000001e-25,1.1175871e-08,0.0,True
2010-11-01,2.74825,7.6,9.328572,10.857142,7.328572,89.17143,0.42857143,0.42857143,0.6571428,10.571428,8.542857,0.00035212934,0.007064961,-7.345365000000001e-25,1.1175871e-08,0.0,True
2010-11-08,2.822875,58.3,8.3,10.242857,5.428571,89.57143,0.64285713,0.64285713,0.55714285,11.228572,8.357142,0.010907464,0.011239402,-7.345365000000001e-25,9.313226e-09,0.0,True
2010-11-15,2.848875,21.5,6.928571,8.8714285,4.5,89.58572,0.55714285,0.55714285,0.6,10.8714285,6.1714287,0.002905555,0.014022507,8.946374e-06,0.00016450137,0.00015735254,True
2010-11-22,2.854625,7.5,5.114286,6.3857145,3.6428573,92.98572,0.21428572,0.21428572,0.31428573,10.642858,4.928571,0.00041101873,0.015889294,-7.345365000000001e-25,3.7252903e-09,0.0,True
2010-11-29,2.8428750000000003,5.5,-0.8714286,0.7,-2.7714286,87.92857,0.10000001,0.10000001,0.25714287,10.385715,0.55714285,0.00015932322,0.016045086,0.0007356859,1.8756837e-05,0.0020340048,True
2010-12-06,2.822625,9.5,-2.6142857,-1.0142858,-4.9714284,88.58572,0.014285714,0.014285714,0.2857143,10.385715,-0.9714286,0.00010955334,0.014924608,0.005919394,0.0031110682,0.009742074,True
2010-12-13,2.845375,21.8,-0.35714284,2.1285713,-3.2857144,91.85714,0.18571427,0.18571427,0.2857143,10.6285715,0.057142857,0.0013055056,0.013369419,0.005783609,0.008532984,0.0033901334,True
2010-12-20,2.867625,7.6000004,-5.1857142,-3.1000001,-8.457143,94.057144,0.0,0.0,0.071428575,10.542857,-0.3857143,1.0676682e-05,0.012497671,0.008436016,0.000119205564,0.009602383,True
2010-12-27,2.84375,12.6,-4.3714285,-2.1000001,-7.142857,93.21429,0.0,0.0,0.14285715,10.4,-0.028571429,1.7993152e-05,0.011666864,0.019452441,0.0,0.017322816,True
2011-01-03,2.845625,1.4,-1.957143,0.21428564,-4.057143,94.01428,0.025,0.025,0.114285715,10.3,0.0,0.00042690337,0.010695495,0.021964272,0.01575715,0.0008296743,True
2011-01-10,2.897125,10.1,1.5,3.4714286,-0.58571434,91.72858,0.20000002,0.20000002,0.31428573,10.542857,0.82857144,0.001518324,0.010135941,0.008598555,0.015888544,0.0032013953,True
2011-01-17,2.940555555555556,25.3,5.714286,7.6714287,3.857143,93.35714,0.3,0.3,0.4,10.8,4.114286,0.0025093108,0.011471003,0.00044955526,0.0014464036,2.4337322e-05,True
2011-01-24,2.95275,7.0,1.8142859,4.1285715,-0.21428573,98.01429,0.10000001,0.10000001,0.20000002,10.457143,1.7285714,0.00015193969,0.013059594,3.1783467e-05,9.790622e-05,0.00011132285,True
2011-01-31,2.944375,1.5,-1.5142858,0.042857118,-3.557143,91.52857,0.1,0.1,0.27142859,10.328571,-0.028571429,0.00014683604,0.013057031,0.00032210918,6.5462664e-05,0.00077740103,True
2011-02-07,2.9926250000000003,51.4,5.071429,6.914286,2.8857143,90.557144,0.6714286,0.6714286,0.59999996,10.8,3.357143,0.005188212,0.01372721,0.00025549956,0.0008286759,0.000114388764,True
2011-02-14,3.041125,9.499999,2.2857144,3.9,0.22857144,87.328575,0.42857146,0.42857146,0.55714285,10.542857,2.6714287,0.00015993416,0.015471749,0.0015978586,0.0020124484,0.0073346533,True
2011-02-21,3.018,1.7,-1.0857143,0.5714286,-2.5285716,80.21429,0.17142858,0.17142858,0.6857143,10.342857,0.34285715,0.00018881261,0.01500123,0.0039903945,0.0045540575,0.0027161464,True
2011-02-28,2.99475,0.1,0.10000006,2.914286,-2.2857144,67.814285,0.51428574,0.48571426,1.1428572,10.157143,-0.114285715,6.818771e-05,0.01386442,0.0023223332,0.0017104447,0.0008757077,True
2011-03-07,2.983,0.1,0.15714283,3.057143,-2.257143,83.4,0.64285713,0.5714286,0.7571429,9.914286,0.94285715,2.130866e-05,0.012391262,0.0008190643,0.000890838,0.00010147318,True
2011-03-14,2.9810000000000003,4.5,6.0285716,9.828572,2.3,76.07143,1.0857143,0.9714285,1.3000001,9.614285,4.9857144,0.00015038997,0.0109178275,0.00011803423,0.00038263388,0.0,True
2011-03-21,2.961428571428572,0.1,4.157143,7.2999997,0.44285718,85.700005,0.82857144,0.6857143,0.95714283,9.514286,4.8714285,6.251037e-06,0.009652786,7.947286e-08,9.406358e-07,0.0,True
2011-03-28,2.951,0.5,4.9000006,8.771429,0.78571427,80.828575,1.4285715,1.1142857,1.3571428,8.957143,7.242857,4.5001507e-06,0.008584194,-7.345365000000001e-25,3.7252903e-09,0.0,True
2011-04-04,2.943142857142857,5.6,9.757143,14.514285,5.2000003,80.27143,1.6428573,1.3857143,1.7142857,8.642858,9.985714,0.00018845499,0.0076459125,-7.345365000000001e-25,9.313226e-09,0.0,True
2011-04-11,2.932,3.3,9.214286,13.371429,5.514286,81.700005,1.7571428,1.3428571,1.7571429,8.3,10.714286,5.298853e-05,0.0068756565,-7.345365000000001e-25,1.8626451e-09,0.0,True
2011-04-18,2.9221428571428567,2.8,8.614286,12.7,3.757143,77.47143,2.1714284,1.6857141,2.1285713,7.8,11.428572,0.00010805577,0.0062058643,-7.345365000000001e-25,0.0,0.0,True
2011-04-25,2.906142857142857,0.0,15.2,21.657145,8.285714,55.785713,4.1285715,2.3,4.3,6.742857,16.057142,0.0,0.005559258,-7.345365000000001e-25,3.7252903e-09,0.0,True
2011-05-02,2.885,0.2,11.6285715,16.9,6.5428576,58.914288,3.7571428,1.1571429,3.8714287,6.0,14.342857,6.5118074e-06,0.004925169,-7.345365000000001e-25,3.7252903e-09,0.0,True
2011-05-09,2.864857142857143,1.8,13.2,18.800001,6.057143,54.157143,4.542857,0.8000001,4.5142856,5.6714287,15.042857,7.137656e-06,0.0043584257,-7.345365000000001e-25,0.0,0.0,True
2011-05-16,2.849285714285714,24.9,12.571428,16.442858,8.857142,76.48572,2.7999997,0.9142857,2.8142858,5.5857143,15.571428,0.00032290816,0.003843166,-7.345365000000001e-25,7.450581e-09,0.0,True
2011-05-23,2.8431428571428574,8.5,13.985715,18.0,9.414286,77.15715,2.8428571,1.8714286,2.9285715,5.885714,16.171429,0.00012181699,0.0034759194,-7.345365000000001e-25,1.1175871e-08,0.0,True
2011-05-30,2.8264285714285715,9.0,14.171428,18.714285,10.0,70.828575,3.457143,1.6142857,3.585714,5.542857,15.685715,0.00013493001,0.00314074,-7.345365000000001e-25,1.1175871e-08,0.0,True
2011-06-06,2.806142857142857,6.8999996,16.314287,21.385715,10.642858,76.1,3.8714287,1.6714286,3.8999999,5.385714,19.714285,0.00011590123,0.0028580502,-7.345365000000001e-25,2.2351742e-08,0.0,True
2011-06-13,2.793142857142857,17.0,14.428572,18.328571,9.642858,78.14286,2.8428571,2.1285713,2.857143,5.857143,18.014286,0.00034829974,0.0026180372,-7.345365000000001e-25,1.1175871e-08,0.0,True
2011-06-20,2.788,36.2,15.014287,18.542858,10.857142,80.62858,2.9571426,2.4285715,2.8857143,5.957143,17.528572,0.0016121641,0.0024235994,-7.345365000000001e-25,2.6077032e-08,0.0,True
2011-06-27,2.7881428571428573,20.0,15.771429,19.5,11.471429,80.52857,3.0857143,2.7000003,3.1857142,6.542857,17.942858,0.0014061332,0.002302289,-7.345365000000001e-25,2.2351742e-08,0.0,True
2011-07-04,2.770285714285714,3.0,16.314287,18.914288,13.314286,77.08571,2.9285715,2.2428572,3.2285714,5.8285713,18.542856,0.00012794137,0.0022069514,-7.345365000000001e-25,2.6077032e-08,0.0,True
2011-07-11,2.746857142857143,7.5,17.257143,22.37143,12.3714285,77.98572,3.3428571,2.3999999,3.5714285,5.6571426,20.185715,0.00011654943,0.002131015,-7.345365000000001e-25,1.4901161e-08,0.0,True
2011-07-18,2.7565714285714287,47.7,16.542858,20.114286,12.571428,80.90001,2.714286,2.385714,2.7571428,6.785714,18.071428,0.0061705112,0.0026124194,-7.345365000000001e-25,2.6077032e-08,0.0,True
2011-07-25,2.743142857142857,14.5,15.3714285,18.028572,12.8714285,81.9,2.3428571,2.0142856,2.457143,7.214286,17.414286,0.00043471903,0.0020302609,-7.345365000000001e-25,2.2351742e-08,0.0,True
2011-08-01,2.7275714285714288,2.4,16.47143,18.97143,13.771429,80.700005,2.2285714,1.7714285,2.5,7.071429,18.828571,4.286319e-05,0.0020551607,-7.345365000000001e-25,2.6077032e-08,0.0,True
2011-08-08,2.712,37.9,18.5,22.628572,14.300001,81.17143,2.942857,2.6,3.0857143,6.8428574,20.442858,0.0014174283,0.00205528,-7.345365000000001e-25,2.6077032e-08,0.0,True
2011-08-15,2.782857142857143,62.3,15.757143,18.214287,13.714286,88.41429,2.0,1.9428571,1.9142857,8.857142,16.914286,0.0097260475,0.004482977,-7.345365000000001e-25,2.2351742e-08,0.0,True
2011-08-22,2.7971428571428567,3.2,16.642857,20.52857,12.414286,80.6,2.2857144,2.1285715,2.6571429,9.185715,18.928572,0.0048017055,0.0029999614,-7.345365000000001e-25,2.4214387e-08,0.0,True
2011-08-29,2.782857142857143,45.0,17.114286,21.642857,14.042857,85.12858,2.1142857,2.0857143,2.3285713,9.757143,18.657143,0.0113355,0.0044705346,-7.345365000000001e-25,2.6077032e-08,0.0,True
2011-09-05,2.798714285714286,25.4,15.757143,19.77143,11.928572,81.88572,1.7857141,1.7142857,2.2,10.071428,16.928572,0.0016835406,0.0062715933,-7.345365000000001e-25,2.0489097e-08,0.0,True
2011-09-12,2.837,30.7,16.142857,19.257143,13.414286,85.40001,1.7142857,1.6999999,1.8857143,10.771428,16.428572,0.010485068,0.011017896,-7.345365000000001e-25,2.2351742e-08,0.0,True
2011-09-19,2.8127142857142857,8.3,13.557143,16.4,10.485715,80.01429,1.457143,1.3857144,1.9,10.114285,14.471429,0.00028558075,0.011159882,-7.345365000000001e-25,1.6763806e-08,0.0,True
2011-09-26,2.775,2.2,14.442858,18.457144,10.414286,80.98572,1.3285714,1.1714286,1.8142856,9.728572,14.914286,5.4970384e-05,0.010777555,-7.345365000000001e-25,1.8626451e-08,0.0,True
2011-10-03,2.7465714285714284,0.0,16.428572,22.357143,11.442858,80.65714,1.3428571,1.0428572,1.7571429,9.228572,17.185715,2.965331e-06,0.009971052,-7.345365000000001e-25,1.1175871e-08,0.0,True
2011-10-10,2.742857142857143,42.1,12.2,15.2,8.400001,83.4,1.1857141,1.1428572,1.3428571,9.728572,12.428572,0.0030341446,0.009072565,-7.345365000000001e-25,1.6763806e-08,0.0,True
2011-10-17,2.7612857142857146,4.0,9.028571,13.028572,4.728572,79.314285,0.85714287,0.82857144,1.1142857,10.414286,9.3714285,0.0006085187,0.0092345625,-7.345365000000001e-25,5.5879354e-09,0.0,True
2011-10-24,2.771142857142857,22.900002,7.5,10.814285,4.3428574,81.057144,0.8714286,0.85714287,0.9714286,10.6,7.385714,0.001008898,0.00943362,-7.345365000000001e-25,7.450581e-09,0.0,True
2011-10-31,2.7565714285714287,0.0,10.67143,13.357142,7.7000003,88.18572,0.4714286,0.41428572,0.7285714,10.042857,9.757143,6.1258674e-05,0.009554237,-7.345365000000001e-25,1.4901161e-08,0.0,True
2011-11-07,2.735428571428572,0.0,10.1,12.314286,7.585715,88.14286,0.40000004,0.3285714,0.7,9.842857,9.7,4.4971704e-05,0.00926353,-7.345365000000001e-25,1.1175871e-08,0.0,True
2011-11-14,2.709285714285714,0.0,3.414286,5.7000003,1.2571429,92.85714,0.20000002,0.17142858,0.2857143,9.685715,4.757143,1.5944242e-05,0.00878913,8.5149495e-08,2.477318e-07,8.2701445e-07,True
2011-11-21,2.6950000000000003,0.0,2.957143,4.8428574,1.0,97.52857,0.10000001,0.10000001,0.15714286,9.6,3.4571428,1.3306737e-05,0.008235432,7.776987e-07,2.2351742e-06,1.6316772e-06,True
2011-11-28,2.6808571428571426,5.1,6.3428574,8.271429,4.1285715,91.87144,0.3857143,0.3857143,0.5,9.671429,5.3714285,9.36389e-05,0.0076716393,-7.345365000000001e-25,4.284084e-08,0.0,True
2011-12-05,2.687142857142857,50.800003,5.557143,7.7714286,3.3285713,88.08572,0.5428571,0.5285714,0.55714285,10.428572,4.714286,0.0013618171,0.007158071,6.8062827e-06,1.3653189e-05,0.00046224892,True
2011-12-12,2.8475714285714284,60.0,3.5857143,5.6714287,1.4285715,89.88572,0.5714286,0.5714286,0.4714286,11.542857,2.7857144,0.003345102,0.008021213,0.00071098126,0.0035037939,0.0032200385,True
2011-12-19,2.905,37.6,4.0571427,5.657143,2.357143,88.35714,0.51428574,0.51428574,0.5,11.1285715,2.9714286,0.0031447858,0.010991916,0.00019757521,0.0008396134,0.00092368945,True
2011-12-26,2.9352857142857145,19.4,6.085714,7.971429,4.071429,93.828575,0.29999998,0.29999998,0.34285715,10.8,4.7714286,0.0021282136,0.015113756,0.00025844006,0.0011805724,0.00079839304,True
2012-01-02,2.962,35.3,6.414286,8.428572,4.1714287,90.42857,0.48000002,0.48000002,0.4857143,10.76,4.84,0.005051449,0.017689645,-7.345365000000001e-25,1.937151e-07,0.0,True
2012-01-09,3.071142857142857,55.7,5.785714,7.414286,3.6857145,87.38572,0.9285714,0.9285714,0.6714286,11.557143,4.6285715,0.011037022,0.023262858,-7.345365000000001e-25,0.0,0.0,True
2012-01-16,3.0512857142857146,2.2,4.7000003,6.3428574,2.2,88.24286,0.44285718,0.44285718,0.45714286,10.514286,3.5428572,0.00016961992,0.024473682,6.755193e-07,2.7492642e-06,3.1366944e-06,True
2012-01-23,3.071285714285714,42.0,3.457143,5.6714287,1.0285715,90.65715,0.5,0.5,0.4,10.857142,2.642857,0.0013470203,0.020391576,0.00011760848,0.0006047655,0.0008339919,True
2012-01-30,3.114428571428572,5.2999997,-0.77142864,0.6857143,-2.3714287,88.67143,0.15714286,0.15714286,0.35714287,10.6285715,0.4857143,7.671118e-05,0.018521845,0.0019610098,0.0014217552,0.004706025,True
2012-02-06,3.0734285714285714,0.4,-7.7428575,-4.957143,-10.528571,73.98572,0.0,0.0,0.42857143,10.3,-3.4285715,1.1920929e-07,0.016689189,0.0032641832,0.0,0.0010291636,True
2012-02-13,3.0491428571428574,1.5,-3.1571429,-0.78571427,-6.285714,84.37144,0.028571429,0.028571429,0.42857143,10.242857,-2.5428572,2.0235777e-05,0.014357194,0.003682812,0.0006492287,0.0012942143,True
2012-02-20,3.049857142857143,10.6,2.8428571,4.928571,0.22857143,91.5,0.5285714,0.5285714,0.44285712,10.314285,1.1,0.0003592819,0.01233355,0.0010274592,0.0037982836,0.0005433187,True
2012-02-27,3.088714285714286,12.6,5.142857,7.2571425,2.6857145,93.64286,0.62857145,0.62857145,0.4857143,10.3714285,4.3714285,0.0002670139,0.011021137,0.00023951416,0.0016172677,0.0013599172,True
2012-03-05,3.1075714285714287,1.0999999,5.928571,7.8857145,3.9142857,89.48572,0.5857143,0.55714285,0.64285713,10.157143,5.9142857,7.0512295e-05,0.010168143,7.1355275e-06,8.2498416e-05,0.0,True
2012-03-12,3.1147142857142858,13.299999,5.714286,8.071428,3.3285716,86.5,0.87142855,0.85714287,0.87142855,10.171429,5.7285714,0.00022551417,0.0094023645,4.4396944e-05,0.00031538866,0.00030583143,True
2012-03-19,3.111571428571428,0.7,6.8714285,10.0,4.157143,84.185715,0.9857143,0.88571423,1.0714285,9.857142,7.0285716,6.300211e-05,0.008752853,-7.345365000000001e-25,2.0861626e-07,0.0,True
2012-03-26,3.087428571428572,0.0,6.8428574,10.800001,2.9714286,89.557144,1.3571428,1.0714285,1.1142857,9.385715,9.114285,2.413988e-06,0.008104339,-7.345365000000001e-25,0.0,0.0,True
2012-04-02,3.085714285714286,5.0,6.8285713,9.057143,4.414286,82.88572,1.542857,1.3428571,1.4,8.828571,8.2,0.00013305992,0.007444866,-7.345365000000001e-25,1.8626451e-09,0.0,True
2012-04-09,3.078714285714286,11.5,4.1714287,6.928571,0.7,76.04286,1.4857142,1.2857143,1.4714286,8.571428,5.8428574,0.00028578937,0.00683102,3.3662433e-05,0.00016934983,0.00017238781,True
2012-04-16,3.073714285714286,3.8000002,6.9428573,9.914286,3.2857144,81.62858,1.5857143,1.3857143,1.6285714,8.742857,8.842857,0.00033538043,0.006345421,7.947286e-08,1.6540289e-06,0.0,True
2012-04-23,3.0581428571428573,8.2,8.171429,12.742857,3.914286,75.38572,2.085714,1.8,2.0714285,8.271428,9.614285,0.00022210926,0.005974002,-7.345365000000001e-25,0.0,0.0,True
2012-04-30,3.038,5.0,11.657144,15.800001,7.971429,76.87144,2.4428573,2.1,2.5,8.142858,12.3,0.00019221008,0.005634293,-7.345365000000001e-25,0.0,0.0,True
2012-05-07,3.020857142857143,3.8999999,10.185715,14.0,6.471429,72.35714,2.457143,1.9142858,2.642857,7.4,13.171429,4.9486756e-05,0.0052739605,-7.345365000000001e-25,3.7252903e-09,0.0,True
2012-05-14,3.0077142857142856,10.8,12.357144,16.585714,7.571429,76.02857,2.5142858,2.1,2.6000001,7.4142857,13.814285,0.00826937,0.0059640184,-7.345365000000001e-25,1.1175871e-08,0.0,True
2012-05-21,2.9964285714285714,9.0,12.657144,16.942858,8.014285,74.3,3.0,2.2714286,2.8999999,7.0,14.428572,0.00018677115,0.004763119,-7.345365000000001e-25,3.7252903e-09,0.0,True
2012-05-28,2.962285714285714,0.0,18.414288,24.214285,12.1,64.0,5.071429,2.0285714,5.0571427,5.9142857,21.428572,2.257526e-06,0.0044686347,-7.345365000000001e-25,1.4901161e-08,0.0,True
2012-06-04,2.948714285714286,15.3,11.242858,13.428572,8.528571,72.85714,2.457143,1.3714286,2.6142857,5.9428573,14.828571,0.00020392984,0.004135534,-7.345365000000001e-25,0.0,0.0,True
2012-06-11,2.9402857142857144,14.6,13.2,16.914286,9.071429,78.17143,2.8142858,2.2142856,2.7857144,5.9714284,15.485714,0.00016611814,0.0038515702,-7.345365000000001e-25,1.4901161e-08,0.0,True
2012-06-18,2.9172857142857143,16.2,13.8714285,17.842857,9.228572,79.471436,2.7142856,2.0571427,2.8999999,5.857143,16.542856,0.002271533,0.003577888,-7.345365000000001e-25,1.1175871e-08,0.0,True
2012-06-25,2.909428571428572,35.6,15.385715,18.657145,12.071428,78.814285,3.2142856,2.4714284,3.1142857,6.114286,17.614286,0.0025756657,0.0033466294,-7.345365000000001e-25,1.8626451e-08,0.0,True
2012-07-02,2.9047142857142854,4.5,16.800001,20.685715,12.257143,78.814285,3.0714283,2.5285714,3.1571429,6.8428574,18.87143,0.00011797249,0.003200531,-7.345365000000001e-25,1.8626451e-08,0.0,True
2012-07-09,2.8777142857142857,8.5,18.37143,23.285715,13.928572,82.314285,3.2857144,2.614286,3.5142858,6.1571426,21.37143,0.00039292872,0.0030647963,-7.345365000000001e-25,2.2351742e-08,0.0,True
2012-07-16,2.8608571428571428,36.300003,14.942858,18.328571,11.914286,83.9,2.5714285,2.4142857,2.6571429,6.714286,17.028572,0.0011429638,0.00297229,-7.345365000000001e-25,2.2351742e-08,0.0,True
2012-07-23,2.8607142857142853,23.5,15.657144,18.67143,12.428572,78.5,3.0714285,2.7428572,3.0857143,8.257143,17.471428,0.0018071681,0.003007941,-7.345365000000001e-25,1.4901161e-08,0.0,True
2012-07-30,2.8401428571428573,19.7,18.4,23.27143,12.814286,77.4,3.5142858,2.857143,3.7714286,7.614286,21.285715,0.0006181896,0.0031128451,-7.345365000000001e-25,1.8626451e-08,0.0,True
2012-08-06,2.835142857142857,39.5,17.614286,22.157145,13.057143,81.08572,2.9142857,2.5714285,3.0142858,7.742857,20.057142,0.001767233,0.0031120554,-7.345365000000001e-25,1.8626451e-08,0.0,True
2012-08-13,2.846714285714285,18.3,16.328571,19.942858,12.585715,77.40001,2.8428571,2.3999999,3.2,7.785714,18.614286,0.001286909,0.003342867,-7.345365000000001e-25,2.2351742e-08,0.0,True
2012-08-20,2.823,9.0,20.757143,26.042858,15.285714,72.3,3.7142856,2.7000003,4.0,6.957143,22.642857,0.000120177865,0.0035559982,-7.345365000000001e-25,2.6077032e-08,0.0,True
2012-08-27,2.809,17.3,16.985716,20.685715,13.614286,81.75715,2.2999997,1.8000001,2.542857,6.642857,19.442858,0.00025126338,0.0034908503,-7.345365000000001e-25,2.2351742e-08,0.0,True
2012-09-03,2.7888571428571427,0.7,16.257143,20.0,12.185715,78.40001,2.0,1.5142858,2.3999999,6.785714,18.185715,0.00016854703,0.0033997968,-7.345365000000001e-25,1.1175871e-08,0.0,True
2012-09-10,2.7712857142857144,7.7999997,16.957144,20.828571,13.1,79.557144,1.9571428,1.3571428,2.457143,6.542857,18.157143,8.21203e-05,0.0032935888,-7.345365000000001e-25,2.6077032e-08,0.0,True
2012-09-17,2.758714285714286,8.6,14.014285,17.300001,10.6,81.85714,1.442857,1.2285715,1.7714285,6.6857142,14.9,0.000223279,0.0031908303,-7.345365000000001e-25,1.1175871e-08,0.0,True
2012-09-24,2.7522857142857142,38.8,11.357142,14.585714,7.957143,82.02857,1.3571428,1.2571429,1.5285714,7.4428573,11.842857,0.0020106286,0.0031058341,-7.345365000000001e-25,1.1175871e-08,0.0,True
2012-10-01,2.776285714285714,21.7,12.1285715,15.228572,9.185715,86.328575,0.9857144,0.94285715,1.2714285,8.4,11.9,0.00035336614,0.0031688511,-7.345365000000001e-25,2.0489097e-08,0.0,True
2012-10-08,2.7818571428571426,38.6,11.185715,14.142858,8.828572,86.54286,1.0285715,1.0571429,1.1714286,9.328571,11.142858,0.00410223,0.0040923133,-7.345365000000001e-25,1.4901161e-08,0.0,True
2012-10-15,2.8002857142857143,20.800001,8.928572,11.8,6.0285716,85.17143,0.8571429,0.84285724,0.9714286,9.742857,8.942857,0.0018441826,0.004250206,-7.345365000000001e-25,1.1175871e-08,0.0,True
2012-10-22,2.7991428571428574,2.5,13.17143,15.942858,10.642858,86.84286,0.74285716,0.7285714,0.95714283,9.6285715,12.071428,0.00032049417,0.0052573755,-7.345365000000001e-25,1.4901161e-08,0.0,True
2012-10-29,2.8025714285714285,10.3,6.5285716,9.185715,3.457143,84.0,0.5,0.5,0.67142856,9.514286,7.071429,0.00013025105,0.005923718,-7.345365000000001e-25,2.3655593e-07,3.017485e-07,True
2012-11-05,2.8047142857142857,15.4,6.3,8.642858,3.642857,88.85714,0.5285715,0.51428574,0.55714285,9.957143,5.9714284,0.0005687699,0.006142199,-7.345365000000001e-25,8.381903e-08,0.0,True
2012-11-12,2.7982857142857145,8.5,8.1285715,10.042857,5.9,90.12858,0.51428574,0.51428574,0.5285714,10.071428,7.4142857,0.0003786683,0.0065355897,-7.345365000000001e-25,7.450581e-09,0.0,True
2012-11-19,2.7815714285714286,2.2,4.6,7.285714,1.1,94.34286,0.17142858,0.17142858,0.24285714,9.842857,4.5571427,8.318573e-05,0.007075809,3.7465776e-07,2.188608e-06,2.7045608e-06,True
2012-11-26,2.781,9.2,6.157143,8.671429,3.7142856,91.01429,0.35714287,0.35714287,0.41428572,9.928572,5.571429,0.00028963387,0.0071851686,2.2706532e-08,6.3329935e-07,0.0,True
2012-12-03,2.774857142857143,12.4,3.1714287,5.0,1.3142856,91.457146,0.20000002,0.18571429,0.2857143,10.1285715,2.857143,0.0002193451,0.007165402,7.894493e-05,0.00021822006,0.0021270066,True
2012-12-10,2.7775714285714286,25.9,-0.7571429,1.6142857,-4.2428575,90.21429,0.14285715,0.14285715,0.27142859,10.585714,0.35714287,0.0026128888,0.007326171,0.0044828653,0.006453233,0.010459866,True
2012-12-17,2.791714285714286,14.599999,1.5142858,3.4,-1.0571429,92.88572,0.10000001,0.10000001,0.20000002,10.771428,1.1142857,0.0011025667,0.008246325,0.0046552364,0.0077876896,0.0022160113,True
2012-12-24,2.8064285714285715,16.9,2.5285716,4.8428574,0.8142858,93.71429,0.15714286,0.15714286,0.3285714,10.7,2.0428572,0.002772905,0.010779485,0.00089567614,0.0038169026,0.0036239326,True
2012-12-31,2.8240000000000003,26.2,6.1,8.471429,3.414286,87.35714,0.64285713,0.64285713,0.61428577,11.028571,4.9,0.0020185858,0.011615947,3.8915212e-05,0.00033476762,0.0,True
2013-01-07,2.844,13.099999,6.6285715,7.9428573,4.9000006,96.71429,0.27142859,0.27142859,0.27142859,10.728572,6.214286,0.00075374544,0.016813762,-7.345365000000001e-25,2.4214387e-08,0.0,True
2013-01-14,2.866142857142857,17.8,1.2285715,2.6285717,-0.8714285,89.185715,0.15714286,0.15714286,0.3,10.642858,2.2285714,0.0007839501,0.017114237,0.0003383103,3.7252903e-09,0.002253823,True
2013-01-21,2.877,0.8,-3.8999999,-2.2,-6.5,86.34286,0.0,0.0,0.3857143,10.3,-1.5428572,4.0233135e-07,0.016251147,0.0024910257,0.0,0.0024444535,True
2013-01-28,2.869285714285714,12.5,-2.4285715,-0.12857144,-5.4428573,88.57143,0.08571429,0.08571429,0.2857143,10.357142,-1.2285714,0.00029408932,0.014453277,0.005383463,0.004511934,0.0052118897,True
2013-02-04,2.8777142857142857,32.9,5.0,6.957143,2.6142857,89.4,0.75714284,0.75714284,0.5857143,11.171429,2.9857142,0.0045063794,0.013564654,0.00080912455,0.006361278,0.002841454,True
2013-02-11,2.897,6.2000003,-0.2285714,1.9428571,-2.557143,86.685715,0.3,0.3,0.41428572,10.7,0.4857143,0.00015476346,0.0145337805,0.0019904147,0.00088545866,0.0024548136,True
2013-02-18,2.8994285714285715,4.7,-0.20000002,1.3714286,-1.7857143,91.48572,0.20000002,0.20000002,0.3857143,10.2,-0.114285715,9.101629e-05,0.014338821,0.0027829523,0.0018053148,0.0019407868,True
2013-02-25,2.8910000000000005,1.9,-0.3,0.9142857,-1.9714286,84.62858,0.22857144,0.22857144,0.59999996,10.214286,-0.071428575,0.000120699406,0.013182275,0.0023697445,0.0014164336,0.0024068542,True
2013-03-04,2.8015714285714286,0.5,1.3857143,3.8857143,-1.8142859,91.38572,0.5142857,0.48571426,0.5,10.071428,1.3,6.453693e-05,0.011911064,0.0011838448,0.0023366883,7.524714e-05,True
2013-03-11,2.790714285714286,11.999999,1.6857144,4.914286,-1.2,79.58572,0.78571427,0.7,1.0,9.8714285,2.5428572,7.222593e-05,0.010656618,0.003549922,0.00028757006,0.012590501,True
2013-03-18,2.779571428571429,8.900001,-1.3714286,1.4285716,-4.557143,76.77143,0.54285717,0.5285714,0.9428572,9.928572,0.21428572,9.8749995e-05,0.009576134,0.012331207,0.0043142643,0.011990871,True
2013-03-25,2.770857142857143,0.7,-1.7,0.5,-3.7857144,75.72857,0.38571426,0.34285715,1.1142857,9.885715,0.1,4.0084124e-06,0.00866314,0.014334974,0.00018094108,0.0010490194,True
2013-04-01,2.763714285714286,1.7,0.07142858,3.0,-2.5857143,78.92857,1.0428572,0.9142857,1.1857144,9.571428,1.2571429,9.55686e-05,0.0078960955,0.009635709,0.00464247,0.0019648653,True
2013-04-08,2.750285714285714,0.0,2.1714287,6.214286,-2.0,73.07143,1.6714287,1.3142856,1.6571429,9.085714,4.4428573,9.599328e-05,0.007186137,0.0031590122,0.004909793,4.185736e-05,True
2013-04-15,2.749571428571429,21.6,7.5285716,11.099999,3.4,89.07143,1.2714285,1.1714286,1.1857144,9.114285,7.785714,0.00040401518,0.0066000074,0.00021820409,0.0013135821,0.00048084185,True
2013-04-22,2.749,0.6,10.2,14.785714,4.857143,73.071434,2.7,2.1428568,2.5285714,8.6,11.785714,3.6880374e-05,0.00616055,-7.345365000000001e-25,1.6391277e-07,0.0,True
2013-04-29,2.7255714285714285,4.7999997,8.8,13.357142,4.8714285,80.41429,1.9714288,1.5714285,1.9571428,7.9428573,10.8714285,0.00012218207,0.005725518,-7.345365000000001e-25,7.450581e-09,0.0,True
2013-05-06,2.714,0.0,10.7,16.714285,4.571429,67.457146,3.3428574,2.3142858,3.3285713,7.2,13.3714285,1.4305115e-06,0.0052811205,-7.345365000000001e-25,0.0,0.0,True
2013-05-13,2.706,21.8,12.414286,16.47143,8.185714,81.25715,2.4428573,2.1142857,2.3714287,6.8,14.1285715,0.0002952367,0.004821375,-7.345365000000001e-25,1.4901161e-08,0.0,True
2013-05-20,2.7032857142857147,17.5,12.0,15.142858,9.2,90.21429,1.8285713,1.6428572,1.7428572,7.242857,14.185715,0.0012322962,0.004445836,-7.345365000000001e-25,7.450581e-09,0.0,True
2013-05-27,2.7302857142857144,53.8,9.442857,11.414286,7.057143,90.814285,1.6285714,1.5571429,1.3857143,8.8714285,11.742857,0.00084894896,0.00423155,-7.345365000000001e-25,3.7252903e-09,0.0,True
2013-06-03,2.771,3.4,12.357142,15.342857,9.414286,88.52857,2.6571426,2.242857,2.3285713,9.057143,16.014286,8.124113e-05,0.0041881353,-7.345365000000001e-25,1.1175871e-08,0.0,True
2013-06-10,2.7648571428571427,0.0,14.5,18.800001,9.514285,73.1,4.0142856,2.857143,3.857143,7.7714286,19.185715,4.336238e-06,0.004088737,-7.345365000000001e-25,3.7252903e-09,0.0,True
2013-06-17,2.754857142857143,24.400002,15.028572,19.34286,10.1,79.40001,3.3285716,2.6285713,3.1000001,7.3,17.842857,0.00030598044,0.0039053634,-7.345365000000001e-25,1.8626451e-08,0.0,True
2013-06-24,2.7544285714285714,35.4,17.885715,22.300001,14.7,85.64286,3.0714283,2.7857144,2.9714284,8.414286,19.7,0.0036057606,0.0037020743,-7.345365000000001e-25,2.6077032e-08,0.0,True
2013-07-01,2.7788571428571425,32.5,12.928572,15.2,10.3,84.8,2.2714283,2.1285713,2.2714286,9.171429,14.971429,0.00058709085,0.0035962164,-7.345365000000001e-25,2.2351742e-08,0.0,True
2013-07-08,2.7745714285714285,0.70000005,16.671429,20.47143,12.042857,80.1,3.4571426,2.7714286,3.5714285,8.542857,20.957144,3.20971e-05,0.0035926923,-7.345365000000001e-25,1.8626451e-08,0.0,True
2013-07-15,2.743428571428572,0.2,15.414286,17.942858,11.728571,81.28571,3.1571426,2.1142857,3.2285714,7.285714,20.342857,9.670854e-06,0.0034816563,-7.345365000000001e-25,2.2351742e-08,0.0,True
2013-07-22,2.716571428571428,0.0,19.185715,23.800001,14.085715,76.75714,4.2714286,1.6999999,4.3857145,6.4,23.5,4.7534704e-06,0.0033132955,-7.345365000000001e-25,1.8626451e-08,0.0,True
2013-07-29,2.673714285714286,25.2,21.414288,27.128572,16.557142,77.62858,3.8000004,2.1714287,4.2285714,6.4142857,24.671429,0.00018894672,0.003076993,-7.345365000000001e-25,2.2351742e-08,0.0,True
2013-08-05,2.662571428571429,13.0,21.214285,26.442858,15.771429,74.24286,4.0857143,3.0857143,4.2714286,6.7,23.542856,0.00020340085,0.002865553,-7.345365000000001e-25,2.2351742e-08,0.0,True
2013-08-12,2.6448571428571426,10.0,16.97143,20.542858,13.071428,79.21429,2.7714286,1.9714285,2.9428573,6.1571426,19.814285,0.00016257167,0.0026592314,-7.345365000000001e-25,2.2351742e-08,0.0,True
2013-08-19,2.6362857142857146,30.5,16.742857,20.828571,12.400001,83.14286,2.5142858,2.0285714,2.5714285,6.2714286,18.428572,0.000539273,0.0025018603,-7.345365000000001e-25,2.2351742e-08,0.0,True
2013-08-26,2.6225714285714288,0.0,17.742857,22.228573,12.642858,70.35714,3.0142858,2.114286,3.5857143,6.242857,20.085714,7.852912e-06,0.0023730546,-7.345365000000001e-25,1.8626451e-08,0.0,True
2013-09-02,2.603142857142857,15.5,16.4,20.300001,11.342857,80.87144,2.142857,1.2857143,2.3285713,5.5571427,18.657143,0.00019153953,0.0022449046,-7.345365000000001e-25,1.4901161e-08,0.0,True
2013-09-09,2.594857142857143,13.5,17.428572,21.142857,13.885715,86.1,1.8428571,1.2571428,2.0571427,5.8428574,18.557142,0.00016413629,0.00214535,-7.345365000000001e-25,2.2351742e-08,0.0,True
2013-09-16,2.6095714285714284,37.5,13.142858,15.857142,10.085714,88.557144,1.3714286,1.3142856,1.4,7.7,14.571428,0.00138475,0.0020694137,-7.345365000000001e-25,1.4901161e-08,0.0,True
2013-09-23,2.616,9.1,13.085715,16.357143,10.228571,87.114296,1.1571429,1.0857143,1.4857142,8.3714285,13.7,0.00022172928,0.002031736,-7.345365000000001e-25,2.4214387e-08,0.0,True
2013-09-30,2.6125714285714285,11.299999,10.857142,14.442857,6.914286,83.24286,1.0857143,0.95714283,1.3428571,8.471429,12.285714,0.0005336106,0.0020353943,-7.345365000000001e-25,9.313226e-09,0.0,True
2013-10-07,2.594857142857143,1.4,10.757143,14.771429,6.957143,78.9,1.0285714,0.85714287,1.4714286,8.1285715,11.4,2.7485192e-05,0.0020628944,-7.345365000000001e-25,5.5879354e-09,0.0,True
2013-10-14,2.5882857142857145,24.7,11.1,14.0,7.371429,87.57143,0.81428576,0.77142864,0.9857143,8.614285,11.514286,0.005970344,0.0034735799,-7.345365000000001e-25,1.6763806e-08,0.0,True
2013-10-21,2.628857142857143,55.7,11.400001,13.828572,8.7,88.01429,0.7285714,0.7285714,0.90000004,9.957143,11.1,0.0014941394,0.002268374,-7.345365000000001e-25,9.313226e-09,0.0,True
2013-10-28,2.6652857142857145,12.5,13.842857,16.985714,10.371429,84.07143,1.0428572,1.057143,1.2428571,10.171429,12.685715,0.0018017292,0.002718702,-7.345365000000001e-25,2.2351742e-08,0.0,True
2013-11-04,2.6597142857142857,32.6,9.17143,11.328572,7.057143,88.34286,0.6857143,0.6857143,0.78571427,10.6285715,8.914286,0.003567472,0.00405591,-7.345365000000001e-25,1.3038516e-08,0.0,True
2013-11-11,2.7295714285714285,40.2,7.4857144,9.7,4.8714285,88.71429,0.75714284,0.75714284,0.5,11.271428,7.2714286,0.005510241,0.006110199,-7.345365000000001e-25,3.7252903e-09,0.0,True
2013-11-18,2.748857142857143,6.3,6.785714,8.3714285,5.3142858,92.52857,0.25714287,0.25714287,0.3857143,10.542857,6.4,0.00025703013,0.0067017153,-7.345365000000001e-25,3.7252903e-09,0.0,True
2013-11-25,2.7264285714285714,2.7,3.357143,5.5,0.25714287,87.3,0.24285714,0.24285714,0.3285714,10.185715,3.142857,6.702542e-05,0.0075414404,5.784489e-06,4.1643158e-05,4.272163e-05,True
2013-12-02,2.7118571428571427,12.7,5.4428573,7.3142858,2.6714287,89.28571,0.34285712,0.34285712,0.45714283,10.314285,4.142857,0.00023212284,0.0076105,5.7901656e-07,2.7380884e-06,0.0,True
2013-12-09,2.7285714285714286,28.199999,4.5,6.2285714,2.1142857,88.0,0.55714285,0.55714285,0.6857143,10.671429,3.3428571,0.0011783391,0.007556461,3.631342e-05,0.00013863295,0.000147501,True
2013-12-16,2.755714285714286,1.3000001,4.9000006,6.728572,2.914286,92.02857,0.21428572,0.21428572,0.42857143,10.571428,4.1857142,7.7173114e-05,0.007906914,7.947286e-07,4.630536e-06,0.0,True
2013-12-23,2.7378571428571425,8.799999,6.1285715,7.0,3.5142858,88.1,0.44285712,0.44285712,0.5714286,10.3714285,4.9142857,0.00038446486,0.008159392,-7.345365000000001e-25,3.7252903e-09,0.0,True
2013-12-30,2.761,19.0,6.0285716,0.0,3.3,88.78571,0.4857143,0.4857143,0.55714285,10.728572,5.0857143,0.0020830184,0.009071082,-7.345365000000001e-25,0.0,0.0,True
2014-01-06,2.758142857142857,16.3,6.2714286,7.6285715,3.914286,84.48572,0.4,0.4,0.5857143,10.4,3.6,0.0013934672,0.009367466,-7.345365000000001e-25,1.8626451e-09,0.0,True
2014-01-13,2.78,18.6,6.457143,8.314286,4.0142856,88.3,0.6857143,0.6857143,0.59999996,10.714286,5.357143,0.00056742877,0.009904422,-7.345365000000001e-25,1.8626451e-09,0.0,True
2014-01-20,2.813428571428572,22.3,3.7857144,5.4,2.0714288,93.85714,0.2857143,0.2857143,0.31428573,10.685715,3.5428572,0.0009943247,0.011404209,0.0001014982,4.8428774e-08,0.0011971965,True
2014-01-27,2.8032857142857144,4.6,-3.7285714,-2.0285714,-5.728572,86.200005,0.071428575,0.071428575,0.3857143,10.328571,-0.9142857,3.1977892e-05,0.012537755,0.0037845657,0.0010884404,0.009926736,True
2014-02-03,2.769428571428571,2.9,-0.09999999,2.6285713,-2.2857144,85.457146,0.27142856,0.27142856,0.4857143,10.285714,-0.54285717,0.00029031932,0.012132578,0.0066164336,0.007093815,0.00022250786,True
2014-02-10,2.776285714285714,13.8,5.057143,7.6,2.5285716,82.91429,0.8142857,0.8,0.8000001,10.442857,3.0714285,0.0016359985,0.01161769,0.00047552586,0.0018615518,0.0,True
2014-02-17,2.7847142857142857,9.1,5.442857,7.9857144,2.3714287,80.98572,0.98571426,0.98571426,0.9285714,10.285714,4.457143,0.00066912174,0.011379123,1.2091228e-06,8.637086e-06,5.7742e-06,True
2014-02-24,2.78,7.6000004,6.357143,9.471429,3.5285716,82.8,0.88571423,0.87142855,0.9142857,10.242857,5.3428574,0.00024858862,0.011209413,-7.345365000000001e-25,2.4400651e-07,0.0,True
2014-03-03,2.781,15.400001,5.6285715,9.285714,1.5142858,83.18572,0.8571429,0.8000001,0.88571423,10.0,5.3714285,0.00030481815,0.010898933,-7.345365000000001e-25,1.8626451e-09,0.0,True
2014-03-10,2.774714285714286,0.0,7.2000003,12.585715,1.9714286,76.71429,1.442857,1.2428571,1.3142856,9.685715,7.114286,3.5613775e-06,0.010444805,-7.345365000000001e-25,1.8626451e-09,0.0,True
2014-03-17,2.760857142857143,0.6,7.1857147,10.514285,4.3142858,83.40001,1.2428571,1.042857,1.1428572,9.142858,7.9714284,9.393692e-05,0.009766616,-7.345365000000001e-25,7.450581e-09,0.0,True
2014-03-24,2.7630000000000003,17.7,7.428571,11.642858,3.8428574,82.77143,1.3857143,1.2428571,1.4142857,9.214286,7.928571,0.0003886968,0.008991636,-7.345365000000001e-25,1.8626451e-09,0.0,True
2014-03-31,2.758857142857143,0.7,6.8428574,11.057143,3.0,84.042854,1.442857,1.2,1.3714286,9.057143,8.328571,3.0443072e-05,0.008350022,-7.345365000000001e-25,5.5879354e-08,5.2154064e-08,True
2014-04-07,2.752142857142857,10.7,9.857142,13.985715,6.2571435,88.471436,1.3428571,1.1285714,1.3571428,8.785714,10.9,0.00044445693,0.0077356324,-7.345365000000001e-25,1.1175871e-08,0.0,True
2014-04-14,2.7465714285714284,12.6,8.685715,11.542857,5.357143,85.32857,1.7714287,1.6428572,1.5714285,8.971429,10.271428,0.00054350495,0.007313341,-7.345365000000001e-25,3.7252903e-09,0.0,True
2014-04-21,2.7372857142857145,7.9,9.742857,14.271429,5.057143,73.57143,2.6142857,2.242857,2.5285716,8.528571,11.171429,0.0001527369,0.007034257,-7.345365000000001e-25,9.313226e-09,0.0,True
2014-04-28,2.728,12.6,13.457144,18.7,8.957143,81.75715,2.4142857,1.9857142,2.5857143,8.385715,15.171429,0.0001656264,0.0066817105,-7.345365000000001e-25,1.1175871e-08,0.0,True
2014-05-05,2.7254285714285715,2.8000002,10.685715,14.142858,6.857143,67.04286,2.4857142,1.9714285,2.7,7.857143,13.928572,3.5881996e-05,0.006220393,-7.345365000000001e-25,0.0,0.0,True
2014-05-12,2.837428571428572,126.2,11.271429,14.214286,9.014286,88.314285,1.9714286,1.9285715,1.5857143,8.971429,12.385715,0.0025916174,0.0058043674,-7.345365000000001e-25,7.450581e-09,0.0,True
2014-05-19,2.904857142857143,0.5,11.557143,14.5,7.857143,80.200005,2.6285717,2.3285716,2.6857142,9.571428,14.585714,7.1398914e-05,0.0058013126,-7.345365000000001e-25,3.7252903e-09,0.0,True
2014-05-26,2.863,13.099999,17.928572,22.785715,12.957144,74.25714,3.957143,3.3714287,3.9857144,8.8,20.62857,0.0007136166,0.0056712404,-7.345365000000001e-25,1.4901161e-08,0.0,True
2014-06-02,2.8434285714285714,3.5,12.428572,15.914286,8.5,76.37144,2.8,2.2285714,2.857143,8.428572,16.085714,9.9375844e-05,0.0054193214,-7.345365000000001e-25,7.450581e-09,0.0,True
2014-06-09,2.8168571428571427,11.0,16.914286,22.357143,11.385715,74.15715,3.9714282,3.3,3.9714284,7.885714,20.185715,0.0004824996,0.005096227,-7.345365000000001e-25,1.8626451e-08,0.0,True
2014-06-16,2.798714285714286,8.3,16.6,19.757143,13.400001,79.22857,3.5714285,2.7428572,3.5285716,6.957143,20.72857,0.002344653,0.0047388,-7.345365000000001e-25,1.4901161e-08,0.0,True
2014-06-23,2.7762857142857142,4.6,14.6,17.1,12.042857,76.91429,3.0142856,1.7571428,3.0714285,6.2,17.37143,9.056926e-05,0.0044122785,-7.345365000000001e-25,1.8626451e-08,0.0,True
2014-06-30,2.7638571428571432,15.0,14.971429,18.828571,11.285714,79.51429,3.1571429,1.9285715,3.1714287,6.0571427,18.514286,0.0001950264,0.0040868223,-7.345365000000001e-25,1.1175871e-08,0.0,True
2014-07-07,2.749857142857143,32.3,18.385714,23.285715,13.442858,74.17143,4.0000005,2.6571429,3.8714287,5.9857144,20.514286,0.00017938018,0.003762573,-7.345365000000001e-25,1.8626451e-08,0.0,True
2014-07-14,2.764714285714286,19.0,19.5,23.514286,15.685715,78.68572,3.5857146,2.9428573,3.6714287,7.257143,21.72857,0.0018381774,0.0034666955,-7.345365000000001e-25,2.9802322e-08,0.0,True
2014-07-21,2.740142857142857,6.6,21.5,26.614286,15.614286,71.37143,4.4714284,3.1571426,4.6571426,6.571429,23.971428,0.000375174,0.0032200664,-7.345365000000001e-25,2.2351742e-08,0.0,True
2014-07-28,2.725,6.2000003,21.414288,25.814287,16.9,73.1,4.2000003,2.3285713,4.4142857,6.071429,24.071428,0.00012806058,0.002976194,-7.345365000000001e-25,2.9802322e-08,0.0,True
2014-08-04,2.709142857142857,2.7,21.028574,25.47143,16.057142,70.72857,3.8571432,1.5857142,4.2714286,5.5571427,24.285715,3.3780932e-05,0.0027668104,-7.345365000000001e-25,2.2351742e-08,0.0,True
2014-08-11,2.689857142857143,14.6,19.014286,23.47143,13.1,72.37143,3.4857142,2.0142856,3.6857142,5.4714284,21.614286,0.0011513829,0.0025638416,-7.345365000000001e-25,1.8626451e-08,0.0,True
2014-08-18,2.6825714285714284,53.8,15.428572,19.02857,12.271429,80.457146,2.4142857,2.057143,2.642857,6.042857,16.914286,0.0005387366,0.002400048,-7.345365000000001e-25,2.6077032e-08,0.0,True
2014-08-25,2.717,28.8,13.014285,17.128572,9.442857,80.4,2.1571429,2.0857143,2.3714287,7.6714287,14.357142,0.0010591745,0.0023061335,-7.345365000000001e-25,1.4901161e-08,0.0,True
2014-09-01,2.7310000000000003,58.800003,15.6285715,19.414288,10.942857,82.64286,2.0142858,1.757143,2.3428571,7.5571427,17.37143,0.00034824014,0.002262704,-7.345365000000001e-25,1.1175871e-08,0.0,True
2014-09-08,2.7645714285714287,0.5,17.214287,21.685715,13.057143,81.114296,1.9999999,1.557143,2.5142858,7.3142858,19.028572,9.7967684e-05,0.0022499561,-7.345365000000001e-25,1.4901161e-08,0.0,True
2014-09-15,2.733,4.6,16.214285,19.7,12.942858,84.28571,1.542857,1.2142857,1.9428571,7.0285716,17.27143,0.00027983636,0.0022354722,-7.345365000000001e-25,2.6077032e-08,0.0,True
2014-09-22,2.714142857142857,3.7,17.014286,20.97143,13.185715,77.3,1.9,1.4285716,2.542857,6.8142858,18.27143,0.00012814999,0.0022070184,-7.345365000000001e-25,2.2351742e-08,0.0,True
2014-09-29,2.6894285714285715,3.6,14.1285715,17.685715,10.242858,81.40001,1.1571428,0.9142857,1.6,6.6857142,14.7,0.00026363134,0.002180703,-7.345365000000001e-25,1.3038516e-08,0.0,True
2014-10-06,2.673,5.0,15.300001,19.1,11.957144,84.6,1.0714285,0.7714286,1.4,6.9428573,16.042856,0.00011172891,0.002167888,-7.345365000000001e-25,1.6763806e-08,0.0,True
2014-10-13,2.6652857142857145,16.9,13.2,16.485714,10.071428,85.15715,1.0428572,0.94285715,1.1999999,7.3428574,13.585714,0.0028798282,0.002183117,-7.345365000000001e-25,1.8626451e-08,0.0,True
2014-10-20,2.657,17.2,14.028572,16.671429,11.728572,88.91429,0.85714287,0.8000001,0.9857143,7.857143,13.585714,0.00025075674,0.0023232177,-7.345365000000001e-25,1.4901161e-08,0.0,True
2014-10-27,2.673428571428571,23.8,11.657143,13.6,9.414286,85.94286,0.8142857,0.7999999,1.0285714,8.742857,11.3,0.0013973415,0.0026648715,-7.345365000000001e-25,1.6763806e-08,0.0,True
2014-11-03,2.6582857142857144,3.3,11.514287,14.685715,8.157144,86.4,0.64285713,0.5714286,0.8,8.471429,10.842857,0.00010384619,0.003144525,-7.345365000000001e-25,9.313226e-09,0.0,True
2014-11-10,2.645714285714285,4.1,8.3714285,11.357142,5.571429,87.58572,0.4714286,0.4571429,0.55714285,8.657143,8.342857,0.0002797544,0.0034553334,-7.345365000000001e-25,7.450581e-09,0.0,True
2014-11-17,2.6262857142857143,4.1,9.1,10.614286,7.5714293,91.41429,0.31428573,0.27142856,0.4857143,8.714286,8.728572,0.00022120774,0.0037172139,-7.345365000000001e-25,3.7252903e-09,0.0,True
2014-11-24,2.607714285714286,9.1,6.214286,7.9428573,3.6714287,91.75715,0.34285715,0.34285715,0.3285714,8.942857,6.1857142,0.000116586685,0.0039287955,-7.345365000000001e-25,1.8626451e-09,0.0,True
2014-12-01,2.6005714285714285,0.0,1.5857143,3.0,0.2857143,86.62858,0.21428572,0.21428572,0.47142857,9.057143,2.4,1.7151237e-05,0.0040825233,6.094433e-05,1.5087426e-07,0.00032618642,True
2014-12-08,2.583428571428571,7.7000003,1.1857144,2.8285716,-0.88571435,90.51428,0.17142858,0.17142858,0.2857143,9.1285715,1.0857143,0.00015364587,0.0041556284,0.00039417972,0.0006857589,0.00045289844,True
2014-12-15,2.588,19.2,3.7714288,5.6,1.7714285,89.457146,0.58571434,0.58571434,0.4857143,10.085714,3.1142857,0.0012114719,0.0042098537,4.971595e-05,0.0003022235,0.00023925304,True
2014-12-22,2.6292857142857144,45.6,6.9857144,8.942858,4.4428573,89.68572,0.6714286,0.6714286,0.61428577,10.942857,5.7285714,0.0033144057,0.0049175248,2.628281e-06,1.5702099e-05,0.0,True
2014-12-29,2.7047142857142856,16.3,3.0714285,5.085715,0.61428565,86.6,0.45714283,0.45714283,0.4857143,11.114285,3.057143,0.0011974424,0.0072746724,0.00012410255,0.00010800548,0.00048173591,True
2015-01-05,2.689857142857143,12.400001,4.7714286,6.357143,2.8857143,87.457146,0.2,0.2,0.59999996,10.4,2.5,0.0002847761,0.00877326,5.1816303e-05,0.00037484057,0.0,True
2015-01-12,2.695,39.7,5.785714,7.6,3.557143,86.5,0.90000004,0.90000004,0.8,10.757143,4.614286,0.0017527938,0.009410642,7.129851e-06,8.319691e-05,8.572638e-05,True
2015-01-19,2.7745714285714285,24.8,3.7857144,5.4857144,1.7,88.68572,0.5714286,0.5714286,0.5,11.1285715,3.4,0.0033708513,0.014718354,0.000530856,0.00047004782,0.004829537,True
2015-01-26,2.7542857142857144,17.6,-0.08571427,2.0285714,-2.0285714,94.58571,0.15714286,0.15714286,0.22857143,10.442857,0.22857143,0.0004387796,0.015716359,0.0044660964,0.0067752507,0.0041375384,True
2015-02-02,2.794714285714285,19.1,1.8714286,3.5857143,-0.08571429,91.84286,0.41428572,0.41428572,0.3857143,10.842857,1.3142858,0.00093161315,0.015379585,0.0028715078,0.003448369,0.005729288,True
2015-02-09,2.772142857142857,2.0,0.8142857,2.5857143,-1.7285715,87.8,0.44285712,0.42857143,0.4,10.3,0.94285715,0.00014023483,0.015186384,0.0033639614,0.003899511,0.00054057315,True
2015-02-16,2.7588571428571425,0.1,2.7285714,4.8,0.88571423,87.84286,0.41428572,0.3857143,0.5142857,10.057143,2.5714285,2.8140843e-05,0.0141731575,8.4553445e-05,0.00041960366,8.381903e-07,True
2015-02-23,2.7498571428571426,19.1,2.7285714,5.642857,-0.0142857265,89.14286,0.55714285,0.54285717,0.55714285,10.2,2.442857,0.00044208765,0.0127874985,0.00015695322,0.0007348228,0.0015740171,True
2015-03-02,2.777571428571428,30.8,4.5285716,7.228572,1.8000001,83.97143,1.042857,1.042857,0.88571423,10.542857,4.1,0.0012336597,0.0117724985,0.00017920563,0.0008717291,6.03497e-07,True
2015-03-09,2.824428571428572,8.5,6.1857147,9.828572,3.414286,79.52857,1.1857144,1.1142857,1.2714285,10.414286,5.428571,0.00045978278,0.011459328,2.8536433e-05,0.00014048256,0.00013371184,True
2015-03-16,2.796285714285714,0.1,5.1857147,8.014286,1.9,81.957146,1.1714286,1.0,1.1285714,9.714286,6.071429,8.382648e-05,0.011161827,2.8099332e-06,1.280196e-05,1.33141875e-05,True
2015-03-23,2.7765714285714287,7.3,5.5,9.357142,1.8000001,76.68572,1.3857143,1.1857141,1.3571428,9.3714285,7.114286,7.9512596e-05,0.010455914,-7.345365000000001e-25,3.594905e-07,0.0,True
2015-03-30,2.7807142857142857,34.5,6.428571,9.428572,3.614286,82.34286,1.3285713,1.2714285,1.2857143,9.714286,6.9142857,0.0025296882,0.009560883,-7.345365000000001e-25,3.7252903e-09,0.0,True
2015-04-06,2.838714285714286,12.6,5.2000003,7.8857145,1.6714287,75.28571,1.9714288,1.8857143,1.7428571,10.671429,6.542857,0.0019529909,0.009748623,0.00038889475,0.0024713315,0.0025094077,True
2015-04-13,2.82,4.0,8.228572,12.528572,3.4,78.71429,1.9999999,1.7285715,2.0,9.6,10.042857,8.9369714e-05,0.009945951,3.0199687e-06,2.2452325e-05,0.0,True
2015-04-20,2.8015714285714286,0.4,8.571428,12.757143,4.457143,76.8,2.5285716,1.9142857,2.2571428,8.785714,11.485714,8.031726e-06,0.00939022,-7.345365000000001e-25,0.0,0.0,True
2015-04-27,2.7851428571428576,5.5,9.185715,12.328572,6.1857142,81.62858,2.0857143,1.6571429,2.0,8.057143,12.142858,0.00012540817,0.008551836,-7.345365000000001e-25,0.0,0.0,True
2015-05-04,2.775571428571429,15.799999,9.057143,13.157144,4.071429,72.98572,2.5714285,2.1857142,2.5285716,7.857143,11.3,0.00023408234,0.0076723695,-7.345365000000001e-25,7.450581e-09,0.0,True
2015-05-11,2.812142857142857,43.2,12.342857,17.542858,7.1714287,74.21429,3.2428572,2.8999999,3.0857143,8.1,13.914286,0.00214459,0.0068954155,-7.345365000000001e-25,1.4901161e-08,0.0,True
2015-05-18,2.801428571428571,6.6,10.2,13.057143,7.442857,76.62858,2.2142856,1.6428572,2.357143,7.3428574,12.885715,0.00013020635,0.0063029975,-7.345365000000001e-25,7.450581e-09,0.0,True
2015-05-25,2.785285714285714,10.7,10.928572,14.942858,7.357143,76.42857,2.8285713,2.0000002,2.9285715,7.1,14.214286,0.00031284988,0.0058006644,-7.345365000000001e-25,0.0,0.0,True
2015-06-01,2.774142857142857,13.5,11.442857,14.942857,7.5,73.91429,2.7999997,2.1142857,2.8285713,6.6857142,13.6,0.0004607141,0.0053300858,-7.345365000000001e-25,3.7252903e-09,0.0,True
2015-06-08,2.7577142857142856,4.2,14.442858,18.485716,9.014286,69.8,3.7285714,1.9,3.8428571,6.3428574,17.442858,5.9440732e-05,0.004920751,-7.345365000000001e-25,3.7252903e-09,0.0,True
2015-06-15,2.7457142857142856,21.8,14.6285715,18.97143,9.328572,72.21429,3.5142856,1.3714285,3.6142857,5.9142857,18.214285,5.477667e-05,0.0045051426,-7.345365000000001e-25,7.450581e-09,0.0,True
2015-06-22,2.7435714285714283,28.8,12.657144,15.757143,8.957143,79.85714,2.5571427,1.742857,2.642857,6.042857,15.114285,0.00042308867,0.0041346326,-7.345365000000001e-25,1.1175871e-08,0.0,True
2015-06-29,2.7405714285714287,2.5,15.485715,19.528574,11.614286,80.08571,3.057143,2.1000001,3.0571427,6.0857143,18.414286,0.00018778443,0.003833294,-7.345365000000001e-25,1.8626451e-08,0.0,True
2015-07-06,2.716285714285714,22.8,21.257143,26.485714,15.785714,71.04286,5.1857142,2.2285714,5.2428575,5.385714,24.185715,3.9726496e-05,0.0035213307,-7.345365000000001e-25,1.8626451e-08,0.0,True
2015-07-13,2.7178571428571425,46.5,16.4,19.957144,12.514285,76.457146,3.114286,1.9428571,3.2285712,5.3,18.714285,0.00020672381,0.0032309368,-7.345365000000001e-25,1.8626451e-08,0.0,True
2015-07-20,2.759,16.8,16.642857,20.828571,12.471429,79.48572,3.3,2.1285713,3.3285713,5.5,20.014286,0.00025986135,0.0030001774,-7.345365000000001e-25,2.2351742e-08,0.0,True
2015-07-27,2.765,55.5,16.7,20.885715,13.0,80.74286,3.2142856,2.4714284,3.1285713,6.071429,19.414286,0.007872187,0.0027918443,-7.345365000000001e-25,2.2351742e-08,0.0,True
2015-08-03,2.863,46.9,15.814286,19.87143,10.971429,74.92857,3.3285716,2.8999999,3.4142857,8.114285,17.7,0.005767539,0.00285203,-7.345365000000001e-25,1.8626451e-08,0.0,True
2015-08-10,2.833857142857142,8.1,19.0,23.942858,13.814286,75.328575,3.1571429,2.585714,3.5857143,7.214286,21.87143,0.00028006732,0.0028814897,-7.345365000000001e-25,1.8626451e-08,0.0,True
2015-08-17,2.8072857142857144,13.0,19.34286,22.628572,16.514286,84.82857,2.4428573,2.1571429,2.5714285,7.3,21.585714,0.009074047,0.0035105199,-7.345365000000001e-25,2.6077032e-08,0.0,True
2015-08-24,2.811,16.1,18.27143,22.228573,14.228572,76.614296,2.7285714,2.385714,3.114286,8.657143,20.314285,0.0069975257,0.005589515,-7.345365000000001e-25,1.4901161e-08,0.0,True
2015-08-31,2.797285714285714,27.2,17.671429,21.914288,13.342857,81.62858,2.3857143,2.2142859,2.5571427,8.471429,19.171429,0.0005019009,0.00438153,-7.345365000000001e-25,2.2351742e-08,0.0,True
2015-09-07,2.8005714285714283,32.8,14.271429,17.585714,10.67143,82.85714,1.9142857,1.8714285,2.1857142,9.171429,15.514286,0.0030935034,0.004918486,-7.345365000000001e-25,2.2351742e-08,0.0,True
2015-09-14,2.8088571428571427,12.3,14.7,18.485716,10.742858,85.38572,1.557143,1.4428571,1.7714287,9.228572,16.257143,0.00044853985,0.005296558,-7.345365000000001e-25,1.4901161e-08,0.0,True
2015-09-21,2.812857142857143,26.199999,13.900001,16.685715,11.114286,85.44286,1.4,1.4,1.5857143,10.014286,14.414286,0.0010406822,0.0057970956,-7.345365000000001e-25,2.2351742e-08,0.0,True
2015-09-28,2.832428571428572,9.5,12.314286,15.957144,8.6,88.71429,1.0142858,0.9714286,1.1999999,10.042857,13.385715,0.00016769767,0.006318487,-7.345365000000001e-25,7.450581e-09,0.0,True
2015-10-05,2.819571428571429,0.3,11.542857,16.528572,6.471429,86.17143,1.0285715,0.8714286,1.2285715,9.485714,13.042857,1.6465783e-06,0.0064431205,-7.345365000000001e-25,7.450581e-09,0.0,True
2015-10-12,2.7971428571428567,4.6,10.542857,13.014285,8.114286,83.971436,0.81428576,0.77142864,1.0,9.642858,11.542857,0.00034311414,0.0063333437,-7.345365000000001e-25,7.450581e-09,0.0,True
2015-10-19,2.7832857142857144,24.7,7.9428573,9.614286,5.8857145,92.6,0.45714286,0.44285718,0.5285714,10.214286,8.3,0.0015709698,0.0063469186,-7.345365000000001e-25,3.7252903e-09,0.0,True
2015-10-26,2.779285714285714,1.5,10.014285,12.557143,7.085715,87.971436,0.61428565,0.59999996,0.7,10.2,9.842857,4.415214e-05,0.0069064796,-7.345365000000001e-25,1.1175871e-08,0.0,True
2015-11-02,2.755714285714286,0.0,8.257143,11.0,5.5428576,94.72858,0.3285714,0.3285714,0.3857143,9.928572,8.771428,2.0876527e-05,0.0071780384,-7.345365000000001e-25,9.313226e-09,0.0,True
2015-11-09,2.7537142857142856,30.0,10.900001,13.1,8.528572,93.057144,0.65714294,0.65714294,0.5142857,10.3714285,10.685715,0.0024009272,0.007101454,-7.345365000000001e-25,1.8626451e-08,0.0,True
2015-11-16,2.799571428571429,40.600002,11.400001,13.071428,8.900001,90.35714,0.8285714,0.8428572,0.6857143,10.8714285,10.614285,0.007989906,0.010436036,-7.345365000000001e-25,1.6763806e-08,0.0,True
2015-11-23,2.9175714285714283,39.7,6.871429,8.657144,4.6857142,87.07143,0.9428572,0.9428572,0.6571428,11.485714,6.6857142,0.005883336,0.013936169,8.734635e-05,0.00021723285,0.00052523986,True
2015-11-30,2.927285714285714,26.8,5.2571425,7.4,2.8857143,87.47143,0.7714286,0.7714286,0.55714285,10.942857,4.428571,0.0017914772,0.017243542,7.251898e-05,0.0003899373,8.159503e-05,True
2015-12-07,2.931142857142857,6.7999997,8.714286,10.214286,7.285714,84.814285,0.5857143,0.5857143,0.8428572,10.642858,7.285714,0.00017639995,0.01813218,5.676633e-09,4.5634806e-07,0.0,True
2015-12-14,2.9235714285714285,23.2,6.2999997,8.857142,3.8571432,88.828575,0.5142857,0.5142857,0.42857143,10.785714,5.571429,0.0035624206,0.017868541,-7.345365000000001e-25,0.0,0.0,True
2015-12-21,2.934428571428572,5.6,9.742858,11.357142,8.014286,90.58572,0.4857143,0.4857143,0.59999996,10.542857,8.242857,0.00018915534,0.016165502,-7.345365000000001e-25,1.3038516e-08,0.0,True
2015-12-28,2.920142857142857,5.9,9.214286,11.6285715,6.2428575,86.92857,0.65714294,0.65714294,0.74285716,10.514286,8.214286,0.0003619939,0.014946349,-7.345365000000001e-25,1.1175871e-08,0.0,True
2016-01-04,2.9062857142857146,3.4,1.7857143,3.5857143,-0.59999996,87.34286,0.33333334,0.33333334,0.42857143,10.333333,4.9666667,7.638335e-05,0.013789512,0.00045213813,0.0,0.002863992,True
2016-01-11,2.9027142857142856,18.6,-0.11428571,1.7428571,-2.1000001,87.02857,0.25714287,0.25714287,0.4,10.5,0.1,0.0005200654,0.012578413,0.005093075,0.010216458,0.00895131,True
2016-01-18,2.9235714285714285,17.5,0.6285715,2.2,-1.3142856,92.77143,0.24285717,0.24285717,0.20000002,10.657143,1.1,0.00028398633,0.011821836,0.0035700288,0.0019667055,0.00901996,True
2016-01-25,2.9252857142857143,8.2,0.114285745,2.9428573,-2.8428574,95.25715,0.15714286,0.15714286,0.12857144,10.428572,0.55714285,0.0005131364,0.0114445165,0.007588642,0.012350025,0.0033249222,True
2016-02-01,2.964857142857143,26.6,6.971429,9.014285,4.071429,89.07143,0.9285714,0.9285714,0.64285713,10.8,5.8428574,0.002654761,0.011640288,3.1573432e-05,0.00048167445,0.0,True
2016-02-08,3.000571428571429,19.4,6.414286,8.457143,4.228572,83.64286,0.98571426,0.98571426,0.9714286,10.614285,5.114286,0.00054486096,0.012562722,2.5601614e-06,1.8374994e-05,1.7553568e-05,True
2016-02-15,3.067142857142857,37.5,2.6714287,4.2428575,0.61428577,90.57143,0.64285713,0.64285713,0.4714286,11.114285,2.942857,0.003968954,0.016222037,0.0006906021,0.0012795385,0.0038576946,True
2016-02-22,3.062142857142857,34.4,2.8714287,5.928571,0.20000005,86.98572,0.71428573,0.6857143,0.5714286,10.642858,2.8714285,0.0026186332,0.016706705,0.0013950155,0.0025639609,0.00019880384,True
2016-02-29,3.1295714285714284,13.3,1.8000001,4.9428573,-0.7714286,89.52857,0.75714284,0.7428571,0.5142857,10.542857,2.8142858,0.0003155619,0.017255336,0.0004768939,0.0007812269,0.0012496859,True
2016-03-07,3.1342857142857143,17.699999,2.5857143,5.1285715,0.07142855,90.87142,0.6714286,0.6714286,0.61428577,10.428572,3.0,0.0004975945,0.016875654,0.0009612129,0.003699096,0.0032696724,True
2016-03-14,3.104857142857143,0.0,2.4285715,5.8285713,-1.1142857,85.64286,0.90000004,0.8428572,0.8428572,10.057143,3.8,4.7579408e-05,0.01578547,9.328411e-05,0.000279421,0.00012304634,True
2016-03-21,3.091285714285714,1.2,5.228572,7.8,2.3857143,87.15715,0.9857143,0.85714287,0.9285714,9.6285715,5.8,4.3585896e-05,0.014024317,3.201621e-06,1.6633421e-05,0.0,True
2016-03-28,3.082,13.3,6.928571,9.657143,3.7714288,85.51429,1.3428571,1.2714285,1.2428571,9.457143,7.214286,0.0003697127,0.012137964,-7.345365000000001e-25,1.6763806e-08,0.0,True
2016-04-04,3.084857142857143,8.1,8.471429,12.857142,4.257143,78.42857,1.8714286,1.6714284,1.7285713,9.442857,9.728572,0.00026147068,0.010700345,-7.345365000000001e-25,1.8626451e-09,0.0,True
2016-04-11,3.079857142857143,6.9,8.471429,12.485715,4.6285715,80.41429,1.9,1.7285713,1.8000001,9.442857,9.6285715,0.00023841858,0.009679526,-7.345365000000001e-25,1.8626451e-09,0.0,True
2016-04-18,3.071857142857143,5.7000003,8.742857,12.142858,5.5428576,83.34286,1.7142857,1.542857,1.6285714,9.042857,10.314285,0.0003915131,0.008795038,-7.345365000000001e-25,3.7252903e-09,0.0,True
2016-04-25,3.063,24.3,5.857143,8.342857,2.8142858,77.87142,2.142857,1.8,1.9714286,8.557143,9.042857,0.00033897161,0.008084126,0.00012807052,0.000673132,0.0009921044,True
2016-05-02,3.108285714285714,18.9,6.6714287,10.657144,2.4714284,81.67143,2.1142857,2.0,1.9428571,9.342857,8.6,0.0006470382,0.0075885057,0.00014106433,0.0008278899,0.0004924759,True
2016-05-09,3.095714285714286,1.0,14.657144,19.7,8.542857,60.97143,4.642857,3.6000001,4.5571427,8.328571,16.085714,2.849102e-05,0.007270716,-7.345365000000001e-25,1.8626451e-07,0.0,True
2016-05-16,3.0701428571428573,15.799999,13.014287,17.214285,8.342857,67.71429,3.9857142,2.6000001,3.885714,6.8142858,16.142857,0.00015257299,0.006655395,-7.345365000000001e-25,1.1175871e-08,0.0,True
2016-05-23,3.048714285714286,7.2999997,14.457144,18.97143,10.071428,79.5,2.8285713,1.8857143,2.7571428,6.4714284,16.3,0.00023937225,0.0060340688,-7.345365000000001e-25,1.8626451e-08,0.0,True
2016-05-30,3.037857142857143,23.2,14.471429,17.457144,11.585715,87.057144,2.2857144,1.6571429,2.2857144,6.5285716,16.8,0.00024999678,0.005485259,-7.345365000000001e-25,1.4901161e-08,0.0,True
2016-06-06,3.026285714285714,21.300001,19.285715,23.84286,15.157144,82.51429,4.1,2.3,3.9285715,6.242857,22.885714,0.000119805336,0.0050089285,-7.345365000000001e-25,1.8626451e-08,0.0,True
2016-06-13,3.0132857142857143,31.0,14.457144,17.857143,11.142858,81.35714,3.1571429,1.3428572,2.7714286,5.7714286,19.614286,0.0003227219,0.0045428053,-7.345365000000001e-25,1.8626451e-08,0.0,True
2016-06-20,3.064142857142857,35.3,15.17143,18.9,11.514285,82.12858,2.7428572,2.4142857,2.8999999,7.042857,18.2,0.0016885698,0.004194431,-7.345365000000001e-25,1.1175871e-08,0.0,True
2016-06-27,3.104,61.1,17.985714,21.985716,14.385715,85.37144,3.2285714,3.0142858,3.1,8.357142,20.6,0.012224123,0.006168142,-7.345365000000001e-25,2.6077032e-08,0.0,True
2016-07-04,3.1705714285714284,31.0,15.857142,19.37143,12.657143,81.185715,3.1571429,3.0857143,3.0142858,9.214286,18.471428,0.0023120195,0.004123725,-7.345365000000001e-25,2.2351742e-08,0.0,True
2016-07-11,3.1900000000000004,15.2,17.114286,20.828571,13.814286,80.40001,3.2714286,3.0285716,3.3714287,9.0,19.27143,0.0005776584,0.004665084,-7.345365000000001e-25,2.2351742e-08,0.0,True
2016-07-18,3.142142857142857,8.5,16.185715,18.97143,12.985715,81.64286,2.757143,2.5,2.8714287,8.528571,18.6,0.0007047057,0.0050158277,-7.345365000000001e-25,2.2351742e-08,0.0,True
2016-07-25,3.103,0.6,21.02857,25.142857,16.7,81.42857,3.857143,2.8714287,4.0,7.5,24.971428,8.8617206e-05,0.005010374,-7.345365000000001e-25,1.4901161e-08,0.0,True
2016-08-01,3.081,32.1,17.77143,21.528574,14.3714285,79.54286,2.9714284,2.4428573,3.1857142,7.0571427,21.642857,0.00054238737,0.0047999322,-7.345365000000001e-25,1.8626451e-08,0.0,True
2016-08-08,3.075714285714286,11.8,17.542858,20.942858,14.057143,81.34286,2.5571427,2.2142859,2.9428573,7.1857142,19.114286,0.00026084483,0.004619427,-7.345365000000001e-25,2.6077032e-08,0.0,True
2016-08-15,3.101142857142857,39.8,14.757143,17.614286,11.785714,84.52857,2.1,1.8714286,2.2,7.142857,16.514286,0.00048440695,0.0044973493,-7.345365000000001e-25,1.8626451e-08,0.0,True
2016-08-22,3.087285714285714,8.9,16.585714,20.7,11.7,80.88572,2.4428573,1.7857143,2.7142856,6.642857,19.4,0.00028786063,0.0043999255,-7.345365000000001e-25,1.8626451e-08,0.0,True
2016-08-29,3.056,15.8,20.585714,25.442858,16.000002,76.84286,3.1857142,2.142857,3.5571427,6.5,22.2,0.005120471,0.004251018,-7.345365000000001e-25,2.6077032e-08,0.0,True
2016-09-05,3.0452857142857144,32.0,17.171429,21.37143,12.942858,82.328575,2.2571428,1.6999999,2.4428573,6.8285713,19.185715,0.00038369,0.0040810704,-7.345365000000001e-25,2.2351742e-08,0.0,True
2016-09-12,3.051,0.0,19.157145,24.685715,13.857142,77.700005,2.3714283,1.7285715,2.8285713,6.9857144,20.985714,1.3411045e-06,0.003934689,-7.345365000000001e-25,1.6763806e-08,0.0,True
2016-09-19,3.0197142857142856,0.2,18.9,23.257143,15.1285715,73.685715,2.2285714,1.3999999,2.8142858,6.3285713,20.2,2.1502376e-05,0.0037598535,-7.345365000000001e-25,2.6077032e-08,0.0,True
2016-09-26,2.991142857142857,3.3,15.842857,20.571428,11.5,75.12858,1.7,0.87142855,2.0571427,5.957143,17.714285,1.6793609e-05,0.0035844222,-7.345365000000001e-25,9.313226e-09,0.0,True
2016-10-03,2.972857142857143,14.8,14.228572,17.828571,10.257143,81.6,1.3285713,0.8714286,1.6999999,6.0285716,15.285714,0.00020352006,0.0034030601,-7.345365000000001e-25,1.6763806e-08,0.0,True
2016-10-10,2.9535714285714287,1.3,9.842857,12.342857,6.714286,81.057144,0.81428576,0.54285717,1.2285715,6.142857,10.714286,2.0593405e-05,0.003242612,-7.345365000000001e-25,5.5879354e-09,0.0,True
2016-10-17,2.9364285714285714,6.5,9.828572,12.042857,7.828572,87.08572,0.67142856,0.4857143,0.88571423,6.257143,9.842857,7.2821975e-05,0.0031016693,-7.345365000000001e-25,3.7252903e-09,0.0,True
2016-10-24,2.9250000000000003,10.5,7.6285715,9.8,4.857143,93.01429,0.47142857,0.44285718,0.5,7.0,8.557143,0.00023554265,0.0029764995,-7.345365000000001e-25,5.5879354e-09,0.0,True
2016-10-31,2.903142857142857,2.7,9.771429,12.314286,6.9857144,89.78571,0.48571435,0.4428572,0.61428577,7.1285715,9.3714285,4.211068e-05,0.002875775,-7.345365000000001e-25,1.1175871e-08,0.0,True
2016-11-07,2.899857142857143,13.099999,6.2571425,8.5,3.1714287,87.85714,0.55714285,0.55714285,0.59999996,7.5571427,6.3285713,0.0002829805,0.0027972236,1.07856025e-07,3.1664968e-08,1.5888363e-05,True
2016-11-14,2.882857142857143,6.4,-0.04285714,2.1714287,-3.2,90.3,0.24285714,0.21428572,0.24285714,8.014286,1.2428571,6.057322e-05,0.002743259,0.00032801856,0.00043730065,0.0007494129,True
2016-11-21,2.9032857142857145,22.2,7.2428575,10.342857,3.7714286,87.84286,0.6714286,0.6714286,0.61428577,8.714286,5.8428574,0.00038463622,0.0027073324,2.9382252e-05,0.0003148876,0.0,True
2016-11-28,2.882571428571429,1.6,4.6857142,7.714286,1.1142857,87.04286,0.2857143,0.27142859,0.37142858,8.828571,4.3714285,7.390976e-06,0.0027003512,-7.345365000000001e-25,1.8626451e-09,0.0,True
2016-12-05,2.8760000000000003,13.799999,2.2,5.357143,-1.1,88.87144,0.29999998,0.29999998,0.18571429,8.8,2.0,7.9870224e-05,0.0027127862,1.3396854e-06,1.0058284e-07,9.063631e-06,True
2016-12-12,2.8714285714285714,20.8,5.9428573,7.914286,4.042857,90.6,0.34285715,0.34285715,0.41428572,9.114285,4.785714,0.0026564747,0.002727449,2.395539e-06,9.205192e-06,0.0,True
2016-12-19,2.881857142857143,3.2999997,4.542857,6.1714287,2.9142857,95.90001,0.12857142,0.12857142,0.22857143,9.6285715,4.114286,4.9188733e-05,0.0028175637,-7.345365000000001e-25,2.4214387e-07,2.30968e-07,True
2016-12-26,2.871714285714286,15.3,5.4,7.328572,3.142857,90.04286,0.5857143,0.5857143,0.5714286,9.828571,4.5857143,0.00032685697,0.0029577687,1.4191582e-07,8.8103116e-07,8.419156e-07,True
2017-01-02,2.8715714285714284,6.1,3.7,5.228572,1.6714287,90.27143,0.24000001,0.22,0.34285715,9.94,3.42,0.00012472272,0.0031146854,1.8801007e-05,8.204579e-05,0.00013788044,True
2017-01-09,2.888142857142857,17.9,0.7714286,3.0571427,-1.8571428,83.27143,0.35714284,0.35714284,0.5428571,10.3,0.71428573,0.00035598874,0.0033372939,0.00022098565,0.0004844442,0.0007044971,True
2017-01-16,2.905571428571428,21.6,2.0428574,3.957143,0.014285768,87.51429,0.61428565,0.61428565,0.35714287,10.685715,1.1857142,0.00053886324,0.0036760122,0.0019117537,0.0022429638,0.0053340644,True
2017-01-23,2.880428571428572,0.8,-0.22857144,1.6714286,-2.0142858,91.71429,0.12857144,0.12857144,0.27142859,10.3,-2.3790494e-17,5.3688884e-05,0.0041389912,0.0025702487,0.0016147494,0.0001623407,True
2017-01-30,2.857142857142857,12.700001,0.62857145,2.8714287,-1.2142857,88.942856,0.3285714,0.3285714,0.34285715,10.228572,0.014285714,0.00025604665,0.0044335276,0.0014210031,0.0014171675,0.0008196533,True
2017-02-06,2.8567142857142858,3.8999999,2.857143,4.7000003,1.1571429,93.12858,0.2857143,0.2857143,0.34285715,10.442857,2.1285715,0.00019772351,0.004610926,0.00034010978,0.0009953603,2.2768974e-05,True
2017-02-13,2.8314285714285714,0.3,-1.7285715,0.0,-3.3428574,77.67143,0.20000002,0.20000002,0.7714286,10.285714,-0.3,9.3877316e-07,0.004828736,0.00039426485,2.9528514e-05,0.0009945258,True
2017-02-20,2.8135714285714286,10.8,3.8428574,6.8142858,1.0,88.88572,0.47142857,0.45714286,0.4857143,10.214286,2.4285715,0.00016617775,0.0049208775,0.0003085477,0.00089374185,0.0,True
2017-02-27,2.8625714285714285,29.2,6.042857,8.342857,3.6571429,86.75715,0.98571426,0.98571426,0.8428572,11.1,5.385714,0.0020256564,0.005022742,1.5894572e-07,1.7415732e-06,0.0,True
2017-03-06,2.8635714285714284,10.6,5.6857147,8.7,2.9714286,83.37144,0.98571426,0.98571426,0.9428572,10.542857,5.357143,0.00023160875,0.005605899,-7.345365000000001e-25,1.8626451e-09,0.0,True
2017-03-13,2.8394285714285714,7.0,4.9,7.971429,2.2285714,85.07143,0.9142857,0.87142855,0.9285714,10.328571,5.571429,0.0006380379,0.006080769,3.6841348e-06,3.3797696e-05,3.235787e-05,True
2017-03-20,2.8434285714285714,40.4,7.457143,10.428572,3.9285715,87.51429,1.2714285,1.1999999,1.0285714,10.357142,7.8142858,0.0029188097,0.0064967126,-7.345365000000001e-25,1.0058284e-07,0.0,True
2017-03-27,2.893571428571428,0.9,6.471429,10.914286,1.7857143,76.457146,1.6999999,1.5285712,1.6428572,10.314285,8.228572,6.6921115e-05,0.0070024207,-7.345365000000001e-25,0.0,0.0,True
2017-04-03,2.855,16.099998,11.071428,15.67143,6.8857145,80.78571,1.9428571,1.6285714,1.8571428,9.471429,12.357142,0.00013005733,0.0072568655,-7.345365000000001e-25,1.1175871e-08,0.0,True
2017-04-10,2.835,1.3000001,8.814286,12.328572,4.7999997,79.957146,1.7142856,1.3285714,1.7857143,8.857142,10.728572,3.0316412e-05,0.0070384815,-7.345365000000001e-25,5.5879354e-09,0.0,True
2017-04-17,2.815857142857143,19.199999,7.542857,9.67143,4.8857145,79.74286,1.8285714,1.7571428,1.7714285,8.814285,8.685715,0.00054101646,0.0067176,-7.345365000000001e-25,0.0,0.0,True
2017-04-24,2.7968571428571427,5.7,6.2285714,9.5,2.4714284,72.700005,1.9714286,1.7714285,2.0285714,8.542857,7.8714285,0.00024773926,0.006416656,-7.345365000000001e-25,0.0,0.0,True
2017-05-01,2.7802857142857142,3.5,7.1857147,10.714286,2.642857,71.74286,2.4142857,2.042857,2.457143,8.228572,9.114285,0.00017184019,0.0061437115,-7.345365000000001e-25,0.0,0.0,True
2017-05-08,2.760428571428572,8.2,9.471429,12.7,6.142857,75.71429,2.2857144,1.8428571,2.2857144,7.5857143,11.471429,0.0001282394,0.0058472455,-7.345365000000001e-25,0.0,0.0,True
2017-05-15,2.749428571428571,16.9,11.942857,16.685715,6.9000006,75.48572,2.8999999,2.2285714,2.9285715,7.0571427,14.642858,9.599328e-05,0.005512856,-7.345365000000001e-25,3.7252903e-09,0.0,True
2017-05-22,2.738571428571429,8.8,16.014286,21.357143,10.885714,75.185715,3.2428572,2.4857144,3.3714287,7.214286,18.528572,0.0003118068,0.005134605,-7.345365000000001e-25,1.4901161e-08,0.0,True
2017-05-29,2.7231428571428573,0.7,15.800001,20.300001,11.17143,78.65714,3.8714283,2.2142856,3.5142858,6.4857144,20.1,7.492304e-05,0.004740946,-7.345365000000001e-25,1.4901161e-08,0.0,True
2017-06-05,2.703714285714286,0.4,15.757143,20.028574,9.957143,71.67143,3.742857,1.7142857,3.8999999,5.928571,19.928572,8.0898404e-05,0.0043386593,-7.345365000000001e-25,1.1175871e-08,0.0,True
2017-06-12,2.6915714285714287,17.6,16.0,20.085714,12.257143,76.94286,3.1714284,2.4142857,3.2285714,6.3714285,17.442858,0.00066815317,0.003979653,-7.345365000000001e-25,1.4901161e-08,0.0,True
2017-06-19,2.671285714285714,3.1000001,17.114286,21.114286,12.442857,76.85714,3.785714,2.0285714,3.9857142,5.8714285,20.642857,8.1151724e-05,0.003676042,-7.345365000000001e-25,1.4901161e-08,0.0,True
2017-06-26,2.658142857142857,24.9,16.47143,20.242857,12.457144,78.01429,3.6285713,2.0142858,3.4142857,5.6714287,20.257143,0.0001590848,0.0033842176,-7.345365000000001e-25,2.2351742e-08,0.0,True
2017-07-03,2.6951428571428573,78.600006,16.257143,19.828571,12.828572,81.9,2.8714287,2.6142857,2.857143,7.4428573,18.442858,0.002709031,0.0031503737,-7.345365000000001e-25,2.6077032e-08,0.0,True
2017-07-10,2.709142857142857,7.0,16.571428,20.357143,11.885715,76.114296,3.4857142,2.8714287,3.5714285,7.5142856,21.314285,0.00010807812,0.0030124262,-7.345365000000001e-25,1.8626451e-08,0.0,True
2017-07-17,2.696285714285714,28.7,15.828572,19.0,12.185715,79.12858,2.9714284,2.6428573,3.0,7.5857143,18.828571,0.00036028028,0.0028955638,-7.345365000000001e-25,2.2351742e-08,0.0,True
2017-07-24,2.697857142857143,29.800001,17.87143,21.985716,13.6285715,79.84286,3.1857142,2.8857143,3.2428572,7.785714,20.77143,0.00056539476,0.002780974,-7.345365000000001e-25,1.8626451e-08,0.0,True
2017-07-31,2.7112857142857143,34.0,17.414288,20.942858,14.114286,82.90001,3.0285714,2.8571427,2.8285713,8.742857,19.657143,0.0011805743,0.0027170628,-7.345365000000001e-25,2.2351742e-08,0.0,True
2017-08-07,2.73,12.6,17.728573,22.071428,13.757143,75.314285,3.1142857,2.7285714,3.3714283,8.5,19.928572,0.0009267926,0.0027361214,-7.345365000000001e-25,2.2351742e-08,0.0,True
2017-08-14,2.716,16.3,16.300001,19.757143,11.928572,78.9,2.4285715,2.142857,2.7571428,8.214286,18.542856,0.00014571846,0.0027664006,-7.345365000000001e-25,2.6077032e-08,0.0,True
2017-08-21,2.710142857142857,34.3,16.800001,20.571428,12.942858,81.74286,2.3714283,2.2428572,2.5571427,8.557143,18.585714,0.00048477948,0.0027318075,-7.345365000000001e-25,2.7939677e-08,0.0,True
2017-08-28,2.72,0.7,16.385715,20.7,10.728571,77.314285,2.4857144,2.0285714,2.8857143,8.3714285,19.385714,3.954023e-05,0.0026968196,-7.345365000000001e-25,1.6763806e-08,0.0,True
2017-09-04,2.6951428571428573,4.9,16.057142,20.414288,10.8,79.5,2.0714285,1.8,2.3857143,8.428572,18.428572,0.00017596036,0.0026475862,-7.345365000000001e-25,9.313226e-09,0.0,True
2017-09-11,2.7152857142857143,53.2,14.985715,18.2,11.642858,83.42857,1.8285713,1.8,1.9428571,9.314285,16.057142,0.0023285747,0.0026220977,-7.345365000000001e-25,2.6077032e-08,0.0,True
2017-09-18,2.7438571428571428,11.7,12.314285,15.785714,8.928572,83.200005,1.6142856,1.6,1.7857143,10.271428,13.385715,0.00050638616,0.002835147,-7.345365000000001e-25,1.3038516e-08,0.0,True
2017-09-25,2.733142857142857,11.2,13.757143,17.357143,10.514287,87.25714,1.1142857,1.0857143,1.2857143,9.842857,15.057143,0.00012645125,0.0031231418,-7.345365000000001e-25,7.450581e-09,0.0,True
2017-10-02,2.732142857142857,30.9,14.528572,17.485716,11.814286,89.14286,1.0285714,1.0142857,1.1428572,10.157143,15.014286,0.0043696314,0.0033386126,-7.345365000000001e-25,2.4214387e-08,0.0,True
2017-10-09,2.8375714285714286,62.2,11.757143,13.942858,9.400001,85.299995,1.3714285,1.3714285,1.2428571,11.314285,11.528571,0.021399707,0.0060940385,-7.345365000000001e-25,1.4901161e-08,0.0,True
2017-10-16,2.883714285714286,3.3000002,14.557143,17.285715,11.414286,86.24286,0.9714286,0.9428572,1.1857144,10.485714,13.828571,0.000117227435,0.007072948,-7.345365000000001e-25,2.4214387e-08,0.0,True
2017-10-23,2.846571428571429,13.1,12.228571,14.657144,10.085715,89.72857,0.7142857,0.6999999,0.7571429,10.185715,12.485714,0.0010969788,0.0075600147,-7.345365000000001e-25,1.6763806e-08,0.0,True
2017-10-30,2.8428571428571425,15.3,11.471429,13.5,9.071428,82.700005,1.0,1.0,1.2428571,10.557143,10.785714,0.0010066032,0.007818058,-7.345365000000001e-25,9.313226e-09,0.0,True
2017-11-06,2.866714285714285,15.0,9.071428,11.485715,5.914286,90.5,0.54285717,0.54285717,0.5285714,10.457143,8.757143,0.00034862757,0.008358054,-7.345365000000001e-25,1.3038516e-08,0.0,True
2017-11-13,2.871142857142857,29.1,5.8,7.914286,3.2857144,89.28571,0.5,0.5,0.45714286,10.542857,5.4428573,0.0018131286,0.00881803,-7.345365000000001e-25,5.5879354e-09,0.0,True
2017-11-20,2.911714285714286,33.7,7.0,8.685714,4.785714,89.04286,0.5714286,0.5714286,0.5428571,10.728572,5.8285713,0.0015708804,0.010217562,-7.345365000000001e-25,1.8626451e-09,0.0,True
2017-11-27,2.9642857142857144,19.9,6.357143,8.785714,3.9142857,89.34286,0.5285714,0.5285714,0.5857143,11.071428,5.6,0.0008020401,0.012918778,-7.345365000000001e-25,3.7252903e-09,0.0,True
2017-12-04,2.971571428571429,22.8,3.2857144,4.8428574,1.5285715,93.5,0.31428573,0.31428573,0.29999998,10.885715,2.8,0.0005521625,0.013967879,0.00010022663,0.0007584803,0.0008026399,True
2017-12-11,3.021,36.2,3.7857144,5.357143,2.3714287,89.25714,0.4857143,0.4857143,0.5714286,10.957143,3.4571428,0.0007018596,0.014233835,0.0012313809,0.0007001981,0.0136277415,True
2017-12-18,3.064857142857143,15.6,2.2285714,3.6714287,0.9285714,91.64286,0.3,0.3,0.2857143,11.1285715,1.4142857,0.0025790334,0.017282762,0.0052096844,0.014242025,0.0022157207,True
2017-12-25,3.0512857142857146,3.5,6.285714,7.414286,4.4857144,96.07143,0.21428572,0.21428572,0.31428573,10.428572,5.5,0.0001611039,0.018886298,0.00016307263,0.0011289306,0.0,True
2018-01-01,3.051714285714286,16.8,5.0285716,6.8857145,2.6857145,87.4,0.55,0.55,0.54285717,10.5,3.9166667,0.002695024,0.017529495,3.2175154e-05,0.0002469644,0.00024086237,True
2018-01-08,3.155571428571428,45.0,3.4857144,5.1857142,1.5714285,86.75714,0.55714285,0.55714285,0.47142857,11.3714285,3.4857142,0.005966112,0.020804845,6.584894e-07,3.0472875e-06,1.128763e-06,True
2018-01-15,3.1447142857142856,6.3999996,1.7,3.2285714,-0.25714284,86.58572,0.29999998,0.29999998,0.45714286,10.385715,0.85714287,0.000254862,0.020284958,2.2082102e-06,4.515052e-06,8.940697e-06,True
2018-01-22,3.201,31.6,1.6142857,3.2285714,0.15714286,94.35714,0.34285715,0.34285715,0.27142859,11.028571,1.1142857,0.0007518977,0.018064044,0.005550623,0.007963344,0.015593782,True
2018-01-29,3.215,32.8,6.8857145,8.771429,4.571429,90.72858,0.6,0.6,0.5714286,10.671429,5.6714287,0.0030298084,0.01808171,0.0009685868,0.008185046,0.0,True
2018-02-05,3.280142857142857,6.4,2.0857143,3.8857143,0.18571424,87.65714,0.45714283,0.45714283,0.5285714,10.814285,2.3142858,0.00050488114,0.018557899,0.0005972726,0.00019722804,0.0021572523,True
2018-02-12,3.245285714285714,5.1,-1.0857142,2.1000001,-3.9714286,80.35714,0.44285712,0.44285712,0.4857143,10.3,-0.042857144,0.000100277364,0.017672546,0.0022158623,0.0018859934,0.0037533864,True
2018-02-19,3.2310000000000003,0.90000004,1.4428571,4.9857144,-1.4142858,79.814285,0.6714286,0.6285715,0.71428573,10.157143,1.3857143,0.00011467934,0.015393756,0.0024955897,0.003258003,0.0013628937,True
2018-02-26,3.216857142857143,0.70000005,-1.2142857,1.3428571,-3.6571429,77.41429,0.45714283,0.42857143,0.7428571,9.885715,0.5,9.134412e-06,0.0132615045,0.0011245126,0.00036606565,0.0011139624,True
2018-03-05,3.212142857142857,3.9,-4.1285715,-0.45714268,-7.585715,65.78571,0.22857143,0.21428572,1.0857142,9.9,-1.6285714,7.638335e-05,0.011520956,0.001603768,0.0008105375,0.00037148967,True
2018-03-12,3.208285714285714,10.1,5.1857142,9.157143,1.7428571,89.02857,0.8142857,0.78571427,0.7571429,10.071428,3.9142857,0.00034196675,0.01011873,0.00020133881,0.000700023,1.9744039e-07,True
2018-03-19,3.209142857142857,2.3,0.71428573,3.3285716,-1.5857143,69.042854,0.7428571,0.68571424,1.4285715,9.971429,2.2571428,1.3396144e-05,0.00916902,0.00015393326,6.99237e-06,0.00039554015,True
2018-03-26,3.203,3.5,3.9,6.928571,0.64285713,86.22858,0.8571428,0.7714286,0.9142857,9.671429,4.4714284,7.838756e-05,0.008416116,0.00012139479,0.0004191436,0.0001417175,True
2018-04-02,3.226142857142857,27.300001,3.0285716,6.3,-0.3857143,82.814285,1.1285714,1.1,1.1285714,10.057143,4.542857,0.00045724958,0.007749751,0.0022365933,0.0076260623,0.008363962,True
2018-04-09,3.2395714285714283,4.8,10.642858,16.085714,5.1,71.98572,2.3,2.0714285,2.3,9.914286,10.657143,0.00033061206,0.007311918,4.435153e-05,0.00072818436,0.0,True
2018-04-16,3.2272857142857143,26.2,9.357142,13.457144,5.8,86.971436,1.6285714,1.4714286,1.6571429,9.6285715,11.1,0.0044650137,0.0075519904,-7.345365000000001e-25,1.1175871e-08,0.0,True
2018-04-23,3.2340000000000004,7.3,14.485715,20.442858,7.471429,69.314285,3.4857142,2.8571432,3.3857143,9.085714,16.328571,2.9399991e-05,0.0071414635,-7.345365000000001e-25,1.4901161e-08,0.0,True
2018-04-30,3.2152857142857143,16.6,10.557143,14.071428,6.9857144,81.057144,2.042857,1.9,2.0,8.957143,12.271428,0.0004451275,0.0069476813,-7.345365000000001e-25,0.0,0.0,True
2018-05-07,3.1807142857142856,4.3,12.071428,17.1,5.328572,65.85715,3.6000001,2.8428571,3.585714,8.6285715,14.414286,9.0286136e-05,0.00667651,-7.345365000000001e-25,3.7252903e-09,0.0,True
2018-05-14,3.1475714285714287,0.0,17.6,23.428572,11.842857,64.34286,4.3,2.7142856,4.6142855,7.4,19.185715,3.052503e-05,0.006200552,-7.345365000000001e-25,1.8626451e-08,0.0,True
2018-05-21,3.1078571428571427,0.0,14.485715,18.814285,9.571428,68.442856,3.6285713,1.6,3.8285713,6.714286,17.971428,5.8561563e-06,0.005637035,-7.345365000000001e-25,3.7252903e-09,0.0,True
2018-05-28,3.069714285714286,0.5,19.357143,25.214285,13.2,58.914288,5.3857145,1.5285714,5.7571425,6.0285716,21.6,8.076429e-06,0.0049823225,-7.345365000000001e-25,1.8626451e-08,0.0,True
2018-06-04,3.0397142857142856,17.5,20.300001,24.77143,16.300001,76.21429,3.742857,1.442857,3.957143,5.9714284,23.1,0.00011327863,0.0043357983,-7.345365000000001e-25,1.1175871e-08,0.0,True
2018-06-11,3.0255714285714284,16.5,18.914288,23.2,14.057143,66.67143,4.5142856,1.357143,4.642857,5.6857142,22.842857,3.8295984e-05,0.0038001016,-7.345365000000001e-25,3.7252903e-09,0.0,True
2018-06-18,3.003428571428572,6.4,16.114286,19.942858,12.585714,72.85714,3.3,1.2571429,3.4142857,5.5571427,19.185715,7.3224306e-05,0.0033505484,-7.345365000000001e-25,1.4901161e-08,0.0,True
2018-06-25,2.982,16.2,14.757143,17.742857,11.528572,79.97143,2.914286,1.6857144,2.8428571,5.757143,16.857143,0.00031561404,0.0030051991,-7.345365000000001e-25,1.8626451e-08,0.0,True
2018-07-02,2.9587142857142856,0.0,17.442858,22.057144,11.785714,67.6,4.9857144,1.6285714,4.7285714,5.3285713,21.62857,2.9951334e-06,0.0027091578,-7.345365000000001e-25,1.4901161e-08,0.0,True
2018-07-09,2.9235714285714285,2.4,16.114286,18.814287,12.300001,75.442856,3.8428571,0.55714285,3.7571428,4.9,21.114286,1.1920929e-05,0.0024205223,-7.345365000000001e-25,1.8626451e-08,0.0,True
2018-07-16,2.904,3.0,17.6,21.34286,13.614286,74.84286,3.757143,1.0714285,3.7571428,4.9714284,21.085714,5.9068203e-05,0.002201885,-7.345365000000001e-25,2.6077032e-08,0.0,True
2018-07-23,2.8725714285714288,0.1,19.67143,24.37143,13.67143,68.14286,4.6142855,0.7999999,4.785714,4.571429,24.085714,4.053116e-06,0.0019854456,-7.345365000000001e-25,1.8626451e-08,0.0,True
2018-07-30,2.845285714285714,15.7,24.428572,30.600002,17.857143,61.885715,5.442857,1.3857143,5.7714286,4.571429,26.342857,2.69413e-05,0.0017786697,-7.345365000000001e-25,2.2351742e-08,0.0,True
2018-08-06,2.829571428571428,7.1,21.442858,26.314287,15.314286,68.700005,4.557143,1.0,4.7428575,4.2714286,25.885714,4.0382147e-06,0.0015959144,-7.345365000000001e-25,1.1175871e-08,0.0,True
2018-08-13,2.805285714285714,16.3,19.77143,25.071428,14.5,69.17143,3.5857146,1.7571428,3.8714283,4.6571426,21.457144,0.00021345913,0.0014462247,-7.345365000000001e-25,2.6077032e-08,0.0,True
2018-08-20,2.795142857142857,2.8,18.87143,22.785715,14.785714,78.17143,2.7857144,1.8428572,3.1142857,4.8714285,20.87143,9.1046095e-05,0.001339674,-7.345365000000001e-25,2.2351742e-08,0.0,True
2018-08-27,2.783714285714286,27.8,16.785715,20.957142,12.557143,75.471436,2.8285713,1.7714285,2.9142857,4.642857,19.071428,0.00016666949,0.0012409091,-7.345365000000001e-25,2.6077032e-08,0.0,True
2018-09-03,2.7818571428571426,7.8,17.214285,21.014286,12.542857,76.68572,2.3714283,1.6,2.9142857,4.885714,18.571428,3.7759542e-05,0.0011597946,-7.345365000000001e-25,2.4214387e-08,0.0,True
2018-09-10,2.780428571428572,31.0,16.800001,21.17143,12.571428,78.74286,2.2,1.5142858,2.4857142,4.785714,18.671429,8.922815e-05,0.0010853335,-7.345365000000001e-25,1.8626451e-08,0.0,True
2018-09-17,2.7767142857142857,5.1000004,15.2,19.114286,11.242857,77.94286,1.8857143,1.1142857,2.1571429,4.9,16.5,7.484853e-05,0.0010256022,-7.345365000000001e-25,1.8626451e-08,0.0,True
2018-09-24,2.7577142857142856,33.2,15.328572,20.02857,11.257143,72.41429,2.2285714,1.3999999,2.7000003,4.9142857,15.471429,0.00034578145,0.00096895546,-7.345365000000001e-25,1.4901161e-08,0.0,True
2018-10-01,2.756142857142857,10.2,11.914286,15.6,7.442857,76.25714,1.4,1.0857143,1.7857143,5.2,12.7,9.159744e-05,0.0009255409,-7.345365000000001e-25,1.1175871e-08,0.0,True
2018-10-08,2.749,8.7,11.67143,15.871429,7.214286,80.57143,1.2857144,1.1142857,1.4857142,5.3285713,12.185715,5.9366226e-05,0.0008905679,-7.345365000000001e-25,1.1175871e-08,0.0,True
2018-10-15,2.730857142857143,0.0,16.328571,21.957144,11.142858,70.38572,1.5571429,0.9857143,2.0285714,4.9428573,15.185715,1.4901161e-08,0.0008590594,-7.345365000000001e-25,1.8626451e-08,0.0,True
2018-10-22,2.7175714285714285,1.8000001,12.2,15.914286,8.214286,81.84286,0.90000004,0.55714285,1.0142857,4.6285715,13.385715,1.31726265e-05,0.00083069503,-7.345365000000001e-25,5.5879354e-09,0.0,True
2018-10-29,2.7358571428571428,26.9,8.614286,10.485715,5.9857144,83.02857,0.9285714,0.84285724,1.0,5.1714287,8.5,0.00020352006,0.0008080229,-7.345365000000001e-25,1.3038516e-08,0.0,True
2018-11-05,2.726714285714286,3.8,7.7285714,10.328572,4.5285716,86.87142,0.5714286,0.54285717,0.64285713,5.6857142,7.385714,0.00014664233,0.0007888153,-7.345365000000001e-25,9.313226e-09,0.0,True
2018-11-12,2.709285714285714,14.099999,9.942858,12.642858,6.2571425,89.17143,0.5428571,0.50000006,0.5428571,5.785714,9.3714285,0.00031252205,0.00077386945,-7.345365000000001e-25,9.313226e-09,0.0,True
2018-11-19,2.695428571428572,2.1,5.414286,8.171429,2.8142858,88.957146,0.37142855,0.32857147,0.40000004,6.071429,5.6714287,1.4409423e-05,0.0007635355,-7.345365000000001e-25,1.8626451e-09,0.0,True
2018-11-26,2.6861428571428574,0.3,2.6142857,3.642857,1.2285715,86.457146,0.28571433,0.22857144,0.5714286,6.0,2.7571428,1.4148653e-05,0.00075715035,2.3898624e-06,5.90086e-06,6.5639615e-06,True
2018-12-03,2.675428571428572,14.9,5.928571,7.928571,3.2714286,87.92857,0.4857143,0.44285718,0.5,6.3714285,5.0285716,0.00049720705,0.00075279176,1.2602125e-06,5.8598816e-06,5.2303076e-06,True
2018-12-10,2.6845714285714286,31.5,6.642857,8.328572,3.757143,86.22857,0.71428573,0.71428573,0.6857143,7.6571426,5.714286,0.0015054718,0.0007554367,-7.345365000000001e-25,3.7252903e-09,0.0,True
2018-12-17,2.686,1.2,2.0857143,3.357143,0.64285713,85.35714,0.20000002,0.20000002,0.4857143,8.414286,1.5285715,4.8696995e-05,0.00080242753,0.00019125144,0.00041421875,0.0010482483,True
2018-12-24,2.670142857142857,21.900002,5.4714284,7.1285715,3.457143,92.34286,0.29999998,0.29999998,0.41428572,9.1285715,4.3428574,0.0023292527,0.0008953586,9.050256e-05,0.0006656442,0.0,True
2018-12-31,2.671,7.1,6.657143,7.714286,5.2571425,94.314285,0.24285714,0.24285714,0.41428572,9.671429,5.642857,0.00020150095,0.0010217652,-7.345365000000001e-25,2.3655593e-07,0.0,True
2019-01-07,2.661,10.8,5.371429,6.9000006,2.9285715,87.14286,0.5142857,0.5142857,0.55714285,9.714286,4.3,0.00018453598,0.0011835545,-7.345365000000001e-25,3.7252903e-09,0.0,True
2019-01-14,2.678142857142857,21.0,4.785714,6.142857,2.6857142,84.042854,0.7714286,0.7714286,0.8142857,10.257143,3.8857143,0.00042007864,0.0013391748,1.0331472e-06,1.0635704e-06,1.8164515e-05,True
2019-01-21,2.6885714285714286,6.9,1.5285714,3.8285716,-1.3428571,88.77143,0.37142855,0.37142855,0.37142855,10.357142,2.142857,0.0002534017,0.0015471876,0.00027361937,0.0001135394,0.0005942285,True
2019-01-28,2.6762857142857146,20.3,-0.41428566,1.4857143,-2.7,86.18572,0.17142858,0.17142858,0.41428572,10.4,-0.31428573,0.00055574626,0.0017968491,0.00079821405,0.0026121773,0.0029452518,True
2019-02-04,2.679428571428572,1.7,0.5,2.2285714,-1.4857142,88.08571,0.35714287,0.35714287,0.42857143,10.357142,0.34285715,6.7450106e-05,0.0021130368,0.0020500193,0.0011980385,0.002434004,True
2019-02-11,2.685142857142857,31.5,5.471429,7.214286,3.642857,86.6,0.87142855,0.87142855,0.8,10.728572,4.2285714,0.0032379404,0.002797544,0.00033256554,0.0020256173,2.2884458e-05,True
2019-02-18,2.6967142857142856,0.7,7.214286,11.685715,3.142857,74.02857,0.98571426,0.9285714,1.0571429,10.385715,5.5285716,2.078712e-05,0.0032472312,1.2658891e-06,8.970499e-06,0.0,True
2019-02-25,2.661714285714285,2.0,5.6285715,9.542857,2.1142857,80.17143,0.8571428,0.74285716,0.82857144,9.857142,5.6285715,4.5627356e-05,0.0037138239,-7.345365000000001e-25,3.7252903e-09,0.0,True
2019-03-04,2.648142857142857,19.3,6.6428576,10.471429,3.357143,79.22857,1.1285715,1.0142857,1.0571429,9.642858,6.3428574,0.0003657788,0.0038822666,-7.345365000000001e-25,3.7252903e-09,0.0,True
2019-03-11,2.666428571428572,23.0,6.157143,8.657144,3.0714285,82.72858,1.4285715,1.4285715,1.1428572,10.528571,5.8142858,0.0011894256,0.0040353686,5.6028366e-06,3.523566e-05,5.9738755e-05,True
2019-03-18,2.706571428571429,31.1,6.2571425,8.642858,3.9857142,83.5,1.4857142,1.4857142,1.2571429,11.257143,5.6285715,0.0017132014,0.0048750415,3.3435367e-06,2.5939196e-05,0.0,True
2019-03-25,2.703285714285714,5.6,7.2000003,10.242858,3.9714286,85.21429,1.2142857,1.1714286,1.1999999,10.357142,7.7285714,0.00017359853,0.006502539,-7.345365000000001e-25,0.0,0.0,True
2019-04-01,2.676142857142857,1.9,7.3857145,10.900001,3.2,80.185715,1.5857143,1.4142857,1.5285715,9.971429,8.828571,4.7415495e-05,0.0070791766,-7.345365000000001e-25,0.0,0.0,True
2019-04-08,2.677285714285714,19.8,9.414286,13.800001,5.114286,80.0,1.8714286,1.6571429,1.8999999,9.671429,10.442857,0.0014147162,0.0070708096,-7.345365000000001e-25,1.8626451e-09,0.0,True
2019-04-15,2.655428571428572,1.5,4.542857,8.257143,0.5714286,71.65714,1.942857,1.5714285,1.9857142,9.028571,7.742857,3.951788e-05,0.006944865,1.6121637e-06,9.153038e-06,1.0035932e-05,True
2019-04-22,2.635857142857143,0.0,11.785714,18.428572,4.5,56.014286,4.0285716,2.857143,4.0285716,7.9,13.028571,1.0430813e-07,0.0065942705,6.2442965e-08,6.444752e-07,0.0,True
2019-04-29,2.620857142857143,8.7,12.6,16.928572,8.442858,75.08571,2.8285716,1.9,2.9142857,7.0142856,14.028571,0.0002272129,0.006043792,-7.345365000000001e-25,1.1175871e-08,0.0,True
2019-05-06,2.612142857142857,4.0,7.471429,10.042857,4.142857,78.37144,2.057143,1.5,2.0,6.7285714,10.1,0.0001436919,0.005559638,-7.345365000000001e-25,3.7252903e-09,0.0,True
2019-05-13,2.599857142857142,14.5,9.2,12.671428,4.571429,73.457146,2.7285714,1.9,2.7142856,6.6,11.985714,0.00018492341,0.005101979,-7.345365000000001e-25,3.7252903e-09,0.0,True
2019-05-20,2.587285714285714,2.9,13.042857,18.0,8.3714285,72.700005,2.9857142,1.1428572,3.2,6.071429,15.442857,0.00014570355,0.0046738386,-7.345365000000001e-25,1.1175871e-08,0.0,True
2019-05-27,2.581,10.9,12.900001,16.714285,8.3,79.74286,2.8,1.3714286,2.642857,6.3428574,15.714286,0.00021098554,0.0042893663,-7.345365000000001e-25,1.4901161e-08,0.0,True
2019-06-03,2.5731428571428574,2.3,15.6285715,20.442858,10.571428,72.557144,3.5,1.6999999,3.6857142,6.1714287,18.285715,9.8094344e-05,0.0039404854,-7.345365000000001e-25,1.8626451e-08,0.0,True
2019-06-10,2.5597142857142856,28.400002,16.714285,20.928572,11.757143,74.07143,3.7142856,1.8857143,3.8142858,5.8285713,19.785715,6.578863e-05,0.0036045462,-7.345365000000001e-25,1.8626451e-08,0.0,True
2019-06-17,2.570857142857143,13.400001,17.457144,22.37143,12.3714285,78.94286,3.4857142,2.7,3.5857143,6.385714,19.914286,0.0039671212,0.0033103302,-7.345365000000001e-25,1.8626451e-08,0.0,True
2019-06-24,2.5485714285714285,14.8,18.87143,24.357143,13.371429,72.6,4.7571425,2.742857,4.6571426,5.857143,22.442858,0.00016082823,0.0030740052,-7.345365000000001e-25,1.8626451e-08,0.0,True
2019-07-01,2.527857142857143,1.2,18.928572,24.514286,13.357142,71.91429,4.7714286,1.1,4.542857,5.114286,23.4,1.50203705e-05,0.0028386265,-7.345365000000001e-25,2.6077032e-08,0.0,True
2019-07-08,2.507428571428572,5.5,14.857142,17.442858,12.142858,71.85715,3.1000001,0.9,3.4,4.885714,17.814285,0.00011822581,0.0026318133,-7.345365000000001e-25,1.1175871e-08,0.0,True
2019-07-15,2.494285714285714,14.200001,15.157144,17.357143,13.014285,80.71429,2.3142855,1.1714287,2.3714287,5.114286,17.485714,0.00025206804,0.00246232,-7.345365000000001e-25,2.2351742e-08,0.0,True
2019-07-22,2.480142857142857,2.3999999,17.485714,21.942858,12.842857,76.84286,3.2285714,1.6571428,3.5285716,5.042857,20.414286,0.0001244694,0.0023025796,-7.345365000000001e-25,2.2351742e-08,0.0,True
2019-07-29,2.4552857142857145,1.0,23.642857,29.328571,18.242857,66.11429,5.2285714,1.4285716,5.7714286,4.614286,25.714285,2.0608306e-05,0.0021281242,-7.345365000000001e-25,2.6077032e-08,0.0,True
2019-08-05,2.4375714285714283,4.6,19.257143,23.085714,14.985715,75.828575,3.1428568,1.4,3.5285716,4.8,22.442858,0.00017337501,0.0019665137,-7.345365000000001e-25,7.450581e-09,0.0,True
2019-08-12,2.4355714285714285,21.0,18.528574,22.685715,14.528572,75.41429,3.242857,1.9857142,3.6000001,4.9142857,20.542856,0.00020736456,0.0018389374,-7.345365000000001e-25,1.8626451e-08,0.0,True
2019-08-19,2.434857142857143,32.6,16.342857,20.057144,13.071428,82.25715,2.4142857,2.0142856,2.5142858,5.6285715,17.857143,0.0026796013,0.0017326251,-7.345365000000001e-25,1.8626451e-08,0.0,True
2019-08-26,2.423714285714286,3.0,19.17143,25.2,13.3714285,71.54286,3.3571432,2.3285713,3.8285713,5.5571427,21.085714,1.6406178e-05,0.001653336,-7.345365000000001e-25,2.0489097e-08,0.0,True
2019-09-02,2.4091428571428573,19.0,19.957142,25.071428,14.385715,73.457146,3.0285716,2.1714284,3.3999999,5.114286,22.2,0.00017058104,0.0015723258,-7.345365000000001e-25,1.8626451e-08,0.0,True
2019-09-09,2.405428571428572,11.599999,14.528572,18.242857,10.542857,80.957146,1.9142857,1.6714286,2.1571429,5.857143,15.957143,0.00022600591,0.0015130267,-7.345365000000001e-25,2.0489097e-08,0.0,True
2019-09-16,2.3987142857142856,11.599999,14.714286,18.142859,10.585714,77.91429,1.8000001,1.442857,2.2571428,6.0571427,15.9,0.0001090765,0.0014624074,-7.345365000000001e-25,1.4901161e-08,0.0,True
2019-09-23,2.390571428571429,7.9,13.828572,17.185715,9.614286,74.35714,1.7428571,1.2857143,2.2571428,5.714286,14.528571,7.005036e-05,0.0014153197,-7.345365000000001e-25,9.313226e-09,0.0,True
2019-09-30,2.3962857142857144,61.9,14.6285715,17.385715,12.214286,88.12858,1.3714286,1.2714285,1.3000001,6.8142858,15.314285,0.0018726885,0.0013755709,-7.345365000000001e-25,1.8626451e-08,0.0,True
2019-10-07,2.446714285714286,26.9,9.17143,11.942857,5.9857144,83.91429,0.9714286,0.9571429,1.1,9.728572,10.342857,0.0017416775,0.0013875514,-7.345365000000001e-25,7.450581e-09,0.0,True
2019-10-14,2.446,20.8,12.585714,15.471429,10.071428,89.185715,1.1428572,1.1428572,1.0142857,10.385715,12.414286,0.0018777698,0.0014822856,-7.345365000000001e-25,2.4214387e-08,0.0,True
2019-10-21,2.5012857142857143,55.8,12.571428,15.428572,10.400001,89.97143,0.8285714,0.8285714,0.8428572,11.242857,12.857142,0.0058353394,0.0023627207,-7.345365000000001e-25,1.4901161e-08,0.0,True
2019-10-28,2.503142857142857,13.4,12.257143,14.642858,9.785714,84.18572,0.9285714,0.9,1.1571429,10.485714,11.685715,0.00037127733,0.0026141182,-7.345365000000001e-25,1.4901161e-08,0.0,True
2019-11-04,2.491857142857143,11.8,6.7000003,10.142858,3.357143,86.24286,0.5428571,0.5428571,0.5142857,10.514286,6.8142858,0.0014700815,0.0031049475,-7.345365000000001e-25,5.5879354e-09,0.0,True
2019-11-11,2.487428571428571,10.5,5.5,8.1285715,2.4714284,91.34286,0.31428573,0.31428573,0.35714287,10.8714285,6.042857,0.00043907762,0.0038438067,-7.345365000000001e-25,3.7252903e-09,0.0,True
2019-11-18,2.483857142857143,34.8,4.7428575,6.557143,2.2285714,90.62858,0.34285715,0.34285715,0.44285718,10.685715,4.5142856,0.0030507743,0.0046355054,4.6548388e-07,5.144626e-06,4.950911e-06,True
2019-11-25,2.523571428571429,1.2,5.1142855,6.657143,3.0,93.41429,0.29999998,0.29999998,0.37142855,10.942857,5.1571426,0.0015708357,0.006527692,-7.345365000000001e-25,3.7252903e-09,0.0,True
2019-12-02,2.520285714285714,21.9,5.7571425,7.585715,3.757143,91.057144,0.4,0.4,0.35714287,10.614285,4.714286,0.0011841059,0.00734926,-7.345365000000001e-25,3.7252903e-09,0.0,True
2019-12-09,2.539857142857143,18.2,5.957143,7.4857144,3.8285713,90.6,0.5714286,0.5714286,0.4857143,10.6,5.1714287,0.0009162724,0.008646898,-7.345365000000001e-25,3.7252903e-09,0.0,True
2019-12-16,2.548,8.6,4.657143,6.1285715,2.6142857,85.37144,0.5285714,0.5285714,0.59999996,10.642858,3.6285715,0.00023889542,0.009702019,1.4753568e-05,9.460561e-05,9.5553696e-05,True
2019-12-23,2.5452857142857144,10.0,7.2428575,9.657143,4.728572,85.814285,0.4714286,0.4714286,0.55714285,10.557143,5.8142858,0.00030338764,0.0100772455,2.724784e-07,3.4719706e-06,0.0,True
2019-12-30,2.548142857142857,9.0,3.4,5.1,1.3285713,84.75715,0.29999998,0.29999998,0.54285717,10.528571,3.057143,0.0001828745,0.010149129,4.8819044e-07,6.2584877e-07,1.4305115e-06,True
2020-01-06,2.5422857142857143,11.6,3.914286,6.357143,1.5285715,90.61428,0.3,0.3,0.45714286,10.3,3.6,0.0006081462,0.010072455,2.8280985e-05,0.00019214861,0.0001845397,True
2020-01-13,2.5485714285714285,13.299999,6.7571435,8.8714285,4.1285715,90.44286,0.4571429,0.4571429,0.5428571,10.657143,5.7,0.00092460215,0.010131799,1.07856025e-07,1.2237579e-06,0.0,True
2020-01-20,2.5627142857142857,8.3,6.7714286,8.914286,4.2714286,85.971436,0.6714286,0.6714286,0.6857143,10.585714,5.4714284,0.00034481287,0.011092052,-7.345365000000001e-25,1.8626451e-09,0.0,True
2020-01-27,2.560142857142857,4.0,3.9,5.5,1.957143,94.557144,0.25714287,0.24285714,0.2857143,10.285714,3.7285714,0.00011074543,0.011349149,-7.345365000000001e-25,1.8626451e-09,0.0,True
2020-02-03,2.5964285714285715,43.8,6.8857145,8.6,4.571429,88.75714,0.8428572,0.8428572,0.7285714,10.942857,6.0857143,0.003045842,0.011659026,7.418224e-05,0.0005319733,0.00051638484,True
2020-02-10,2.6274285714285712,26.599998,5.785714,8.142858,2.5857143,80.75715,0.9857143,0.9857143,0.94285715,10.614285,4.7,0.0027566701,0.013776928,-7.345365000000001e-25,4.4703484e-08,0.0,True
2020-02-17,2.704857142857143,36.2,6.057143,8.142858,3.5428574,81.5,1.2428571,1.2428571,1.1571429,11.171429,5.0,0.002369523,0.018381156,9.600321e-05,0.0005361736,0.0005249083,True
2020-02-24,2.745857142857143,48.9,6.142857,8.342857,3.3428574,83.557144,1.1714286,1.1714286,1.0428572,11.2,5.4142857,0.007819295,0.021864012,2.9864765e-05,0.00033134222,0.0007540956,True
2020-03-02,2.833857142857142,26.8,5.071429,8.385715,1.8142856,81.314285,1.1571428,1.1571428,1.0714285,11.1285715,4.6714287,0.0017502755,0.028208494,0.00046285562,0.0040387996,0.003611803,True
2020-03-09,2.834285714285714,18.3,5.7428575,8.285714,3.1285717,84.37144,0.9714286,0.9714286,0.9714286,10.571428,5.6285715,0.00046883523,0.025560237,1.7637298e-05,0.000109029934,0.0,True
2020-03-16,2.855,13.7,7.3,10.414286,3.3428574,76.82857,1.6142857,1.5857143,1.5571429,10.585714,7.285714,0.000781402,0.021575928,-7.345365000000001e-25,1.0430813e-07,0.0,True
2020-03-23,2.838142857142857,1.6,5.3857145,8.6285715,1.8857144,69.685715,1.5714285,1.3571428,1.6714286,9.785714,6.8142858,5.826354e-05,0.018165715,-7.345365000000001e-25,0.0,0.0,True
2020-03-30,2.8320000000000003,3.9,4.871429,9.442857,0.014285697,56.757145,2.2285714,1.7714287,2.3857143,9.0,6.4714284,4.1663647e-05,0.014658935,2.127602e-05,0.00012916699,0.00028692558,True
2020-04-06,2.8365714285714287,2.4,7.6,12.442858,2.8142858,64.828575,2.3,1.8142855,2.5571427,8.442857,7.9142857,3.7960708e-05,0.011896625,3.8129943e-05,0.0001545921,0.0,True
2020-04-13,2.833857142857142,2.6,8.914286,13.885715,4.214286,68.78571,2.785714,1.9,2.5571427,7.4857144,12.885715,1.08629465e-05,0.009787314,-7.345365000000001e-25,6.146729e-08,0.0,True
2020-04-20,2.835714285714286,0.2,8.3,12.785714,3.5714285,63.8,3.0142858,1.2571429,3.042857,6.757143,11.6285715,6.020069e-06,0.008185029,-7.345365000000001e-25,0.0,0.0,True
2020-04-27,2.837285714285714,0.0,10.528571,15.642858,5.1857147,64.42857,3.3714283,0.84285706,3.3142858,6.2,13.557143,2.2500753e-06,0.0068833157,-7.345365000000001e-25,0.0,0.0,True
2020-05-04,2.843285714285714,24.2,9.571428,12.728571,6.8285713,80.557144,2.2285714,1.5142858,2.1000001,6.457143,12.185715,0.00035440922,0.0059218556,-7.345365000000001e-25,0.0,0.0,True
2020-05-11,2.840285714285714,0.8,10.428572,14.6285715,4.9428573,66.87143,3.3428571,1.3142856,3.3857143,6.1,14.671429,9.0152025e-06,0.005177811,-7.345365000000001e-25,3.7252903e-09,0.0,True
2020-05-18,2.8322857142857143,1.5,9.442857,13.214286,5.142857,71.72857,2.6000001,0.8,2.6571429,5.8428574,11.914286,0.00013709068,0.0045797527,-7.345365000000001e-25,3.7252903e-09,0.0,True
2020-05-25,2.822142857142857,9.3,13.6285715,16.685715,9.914286,75.614296,2.9428573,1.1428572,2.9857142,5.8,16.257143,0.0002078563,0.0040970817,-7.345365000000001e-25,7.450581e-09,0.0,True
2020-06-01,2.815142857142857,0.0,14.085715,18.757143,8.385715,66.12858,4.214286,0.88571423,4.3,5.542857,18.342857,7.4505806e-07,0.0036818162,-7.345365000000001e-25,0.0,0.0,True
2020-06-08,2.8042857142857143,17.0,14.257143,18.97143,9.67143,70.91429,3.4857142,2.0,3.6285713,5.885714,17.285715,0.0002740547,0.0032918751,-7.345365000000001e-25,1.4901161e-08,0.0,True
2020-06-15,2.7865714285714285,10.5,16.528572,20.485716,12.942858,78.457146,3.057143,2.1285713,3.2,5.857143,18.9,0.0004477799,0.0029935166,-7.345365000000001e-25,1.8626451e-08,0.0,True
2020-06-22,2.7607142857142857,2.5,18.028572,22.157145,12.828572,74.37144,4.1857142,2.142857,4.214286,5.785714,22.485714,0.00029151142,0.0027515143,-7.345365000000001e-25,2.2351742e-08,0.0,True
2020-06-29,2.7372857142857145,7.7000003,20.214285,25.242859,14.085714,65.7,5.042857,1.9857142,5.142857,5.285714,23.285715,0.00013566017,0.0025342107,-7.345365000000001e-25,1.8626451e-08,0.0,True
2020-07-06,2.730714285714286,30.7,16.042858,19.185715,13.014285,81.71429,2.8714287,2.3857143,2.6857142,5.742857,17.842857,0.0015104413,0.0023668855,-7.345365000000001e-25,2.6077032e-08,0.0,True
2020-07-13,2.744428571428571,40.9,13.728572,16.87143,10.114286,77.85714,2.9142857,2.5285716,2.9714284,6.571429,16.7,0.0020544082,0.0022747368,-7.345365000000001e-25,1.4901161e-08,0.0,True
2020-07-20,2.729,10.8,16.928572,20.600002,12.171428,76.01429,3.142857,2.457143,3.414286,6.285714,20.614286,0.0002361238,0.0022331327,-7.345365000000001e-25,1.8626451e-08,0.0,True
2020-07-27,2.700285714285714,13.799999,16.957144,20.428572,12.828572,75.52857,2.9285715,2.114286,3.2428572,5.5857143,19.685715,0.00033076108,0.0021817386,-7.345365000000001e-25,1.8626451e-08,0.0,True
2020-08-03,2.6784285714285714,7.2,17.357143,21.728573,12.828572,73.457146,3.3857143,2.2142856,3.6285713,5.3714285,20.442858,5.2809715e-05,0.0021218657,-7.345365000000001e-25,2.2351742e-08,0.0,True
2020-08-10,2.655428571428572,0.0,22.34286,28.314285,16.042858,62.542854,4.571429,1.3857143,5.1,4.6571426,24.071428,1.0296702e-05,0.0020385012,-7.345365000000001e-25,2.2351742e-08,0.0,True
2020-08-17,2.6287142857142856,5.4,23.157145,28.942858,17.571428,65.77143,4.2000003,0.9142857,4.7285714,4.4714284,25.385714,4.0233135e-05,0.0019228309,-7.345365000000001e-25,2.6077032e-08,0.0,True
2020-08-24,2.613571428571429,35.2,19.457142,23.600002,15.900001,78.84286,2.8142858,1.6857144,3.0,5.0571427,21.77143,0.00049427897,0.0018206015,-7.345365000000001e-25,2.4214387e-08,0.0,True
2020-08-31,2.6315714285714287,18.0,15.928572,19.300001,12.042857,79.08572,2.2142856,2.0142856,2.457143,6.7714286,17.5,0.0011578351,0.0017536879,-7.345365000000001e-25,2.2351742e-08,0.0,True
2020-09-07,2.617,29.3,14.842857,18.457142,10.942858,80.44286,2.0142856,1.7857143,2.1714284,7.0285716,16.657143,0.00041422248,0.0017119199,-7.345365000000001e-25,2.4214387e-08,0.0,True
2020-09-14,2.6108571428571428,2.8,16.142857,20.157145,11.771429,81.02857,1.6571429,1.4142857,2.042857,7.0571427,16.757143,7.800758e-05,0.0016952157,-7.345365000000001e-25,2.2351742e-08,0.0,True
2020-09-21,2.59,0.0,14.642858,20.514286,8.8,74.77143,1.9285713,1.3714286,2.2428572,6.385714,17.285715,7.4505806e-08,0.0016745254,-7.345365000000001e-25,7.450581e-09,0.0,True
2020-09-28,2.5747142857142857,11.5,13.585714,17.528572,9.3,80.37142,1.3285714,1.0714285,1.6428572,6.214286,15.1,0.00031402707,0.001644671,-7.345365000000001e-25,9.313226e-09,0.0,True
2020-10-05,2.5668571428571427,3.4,13.314286,16.642857,10.042857,83.65715,0.9714286,0.8428572,1.3571428,6.4714284,13.8,6.110966e-05,0.0016252473,-7.345365000000001e-25,2.0489097e-08,0.0,True
2020-10-12,2.565142857142857,43.2,10.685715,13.842857,7.857143,88.38572,1.0000001,1.0000001,0.9285714,7.757143,10.971429,0.002577275,0.0016167015,-7.345365000000001e-25,1.6763806e-08,0.0,True
2020-10-19,2.563,3.9,8.885715,11.842857,5.6571426,83.08572,0.7428571,0.68571424,0.9285714,7.9857144,9.557143,4.5582652e-05,0.0017006695,-7.345365000000001e-25,7.450581e-09,0.0,True
2020-10-26,2.552285714285714,12.7,11.985715,14.7,9.571428,86.34286,0.77142864,0.74285716,0.9285714,8.1,11.357142,0.00035780668,0.0018195361,-7.345365000000001e-25,1.6763806e-08,0.0,True
2020-11-02,2.561285714285714,31.5,12.214286,14.385715,9.385714,87.71429,0.9142858,0.9142858,0.88571423,8.842857,11.414286,0.0020971,0.0019880831,-7.345365000000001e-25,2.2351742e-08,0.0,True
2020-11-09,2.5582857142857143,0.0,8.457143,10.928572,5.8428574,87.78571,0.51428574,0.48571426,0.5285714,9.042857,8.142858,6.043911e-05,0.002321221,-7.345365000000001e-25,1.8626451e-09,0.0,True
2020-11-16,2.5485714285714285,9.3,8.785714,10.785714,6.3142858,92.12858,0.44285718,0.42857143,0.4857143,9.085714,8.3714285,0.00059857965,0.0025987625,-7.345365000000001e-25,9.313226e-09,0.0,True
2020-11-23,2.546428571428572,16.6,8.242857,10.742857,5.414286,86.48572,0.67142856,0.67142856,0.67142856,9.242857,7.428571,0.00041280687,0.0028523728,-7.345365000000001e-25,3.7252903e-09,0.0,True
2020-11-30,2.547428571428572,8.6,4.285714,6.514286,1.7,88.87144,0.21428573,0.21428573,0.34285715,9.257143,4.3142858,0.00011763722,0.003196694,1.5894572e-07,7.636845e-07,3.233552e-06,True
2020-12-07,2.547285714285714,6.1,3.3,4.785714,1.7714287,92.85714,0.24285714,0.22857144,0.31428573,9.485714,3.0428572,0.0002822876,0.0034798384,0.00035817284,0.0016950201,0.0018862449,True
2020-12-14,2.5371428571428574,14.5,3.8142858,5.0,2.7428572,93.0,0.18571429,0.18571429,0.27142859,9.514286,3.1857142,0.00011394918,0.0037433878,6.108057e-05,0.00026703626,0.0,True
2020-12-21,2.554,21.9,7.4428573,9.042857,5.3857145,90.942856,0.29999998,0.29999998,0.3,9.985714,6.214286,0.00089004636,0.004082933,8.5149495e-08,1.3336539e-06,0.0,True
2020-12-28,2.603428571428572,36.9,3.957143,5.785714,1.3428572,91.17143,0.35714287,0.35714287,0.29999998,10.828571,3.8714285,0.005501285,0.0053526834,3.8629485e-05,0.00016091205,0.00016412511,True
2021-01-04,2.627142857142857,4.9,3.0285716,4.057143,1.8714286,93.27143,0.26666668,0.26666668,0.29999998,10.9,2.7333333,0.0007068664,0.0074554086,0.00059609755,0.0027160067,0.002674751,True
2021-01-11,2.606428571428572,14.299999,1.6285714,2.8428574,0.11428571,93.34286,0.21428572,0.21428572,0.2857143,10.342857,1.3571428,0.00042261183,0.009060636,0.0010704426,0.0018417258,0.0021726787,True
2021-01-18,2.6170000000000004,13.8,1.3857144,2.914286,-0.44285718,84.07143,0.39999995,0.39999995,0.4857143,10.642858,0.98571426,0.0013478249,0.0104188025,0.00053186074,0.0010891221,0.0014279932,True
2021-01-25,2.649857142857143,23.4,4.2428575,6.7571425,2.1571429,87.01429,0.67142856,0.67142856,0.5714286,10.928572,3.4857142,0.0027074367,0.012901358,0.0002965984,0.0013077445,0.0015850104,True
2021-02-01,2.644571428571429,8.5,-1.1857141,1.6142857,-4.014286,88.78571,0.20000002,0.20000002,0.25714287,10.514286,0.74285716,5.1103532e-05,0.014347114,0.008291545,0.0007843245,0.016745944,True
2021-02-08,2.633714285714286,6.4,-0.8000001,0.2,-2.1142857,79.557144,0.15714286,0.15714286,0.7714286,10.6285715,0.114285715,0.0005347207,0.013863333,0.018250965,0.0050413273,0.012080736,True
2021-02-15,2.610428571428572,6.5,-3.5857143,-0.8428572,-6.6857147,75.3,0.114285715,0.114285715,0.59999996,10.328571,-1.2142857,6.7293644e-05,0.013339601,0.018671025,0.0020556636,0.008363042,True
2021-02-22,2.617714285714286,5.8,7.8428574,11.828572,4.257143,80.457146,1.0,0.95714283,1.0285714,10.328571,4.4,0.0032135248,0.013610117,0.00393318,0.022818645,0.0,True
2021-03-01,2.6015714285714284,0.1,7.1857147,10.428572,4.1,86.87144,0.9714285,0.82857144,0.88571435,9.742857,7.3285713,1.9803643e-05,0.013889581,3.122148e-07,4.639849e-06,0.0,True
2021-03-08,2.584714285714285,4.9,3.0571427,6.5428576,-0.64285713,81.57143,0.8857144,0.71428573,0.85714287,9.457143,4.0857143,4.0248036e-05,0.012871519,1.2602125e-06,2.6077032e-08,0.00017812103,True
2021-03-15,2.608857142857143,40.7,4.914286,7.1714287,2.9285715,87.22858,1.2857143,1.2714285,0.9285714,10.557143,4.8428574,0.0021688938,0.011634238,0.00060304004,0.0028425232,0.0026454218,True
2021-03-22,2.636428571428571,0.3,3.9285715,6.1857147,1.057143,81.35714,1.0571429,0.9857144,1.0857142,10.242857,4.742857,4.87566e-05,0.011472695,4.2007082e-07,2.2109598e-06,1.4156103e-07,True
2021-03-29,2.6198571428571427,4.6,8.185715,11.914286,4.5142856,79.057144,1.6,1.4285715,1.5857143,9.728572,8.142858,0.0002380982,0.011061534,-7.345365000000001e-25,1.1175871e-08,0.0,True
2021-04-05,2.603142857142857,4.7,7.4857144,11.414286,3.0428574,75.07143,1.8285713,1.5,1.7571429,9.214286,9.028571,0.00011445582,0.010284722,0.00010733945,0.00014460832,0.0013813004,True
2021-04-12,2.5928571428571425,19.7,4.3857145,6.9,1.7142857,76.6,1.5428572,1.4714286,1.5285714,9.271428,5.3428574,0.00088118017,0.009470783,0.0010130632,0.003485648,0.0026809908,True
2021-04-19,2.5868571428571427,0.3,6.7999997,10.714286,2.4428573,73.057144,2.2285714,1.9142858,2.2,9.042857,8.971429,5.979836e-05,0.008888088,3.7108148e-05,0.00020077638,0.0,True
2021-04-26,2.5705714285714287,0.0,7.1,9.985715,3.1714287,65.98572,2.6285713,1.9714286,2.7,8.114285,10.828571,6.2584877e-06,0.008252285,-7.345365000000001e-25,1.13621354e-07,0.0,True
2021-05-03,2.568142857142857,29.8,7.7571425,11.514287,3.6142857,75.057144,2.2428572,1.8714285,2.1142857,7.6571426,10.671429,0.0003588125,0.0074776337,-7.345365000000001e-25,0.0,0.0,True
2021-05-10,2.596714285714285,30.4,10.428572,14.385715,6.5285716,73.92857,3.0,2.8285716,2.6142857,8.557143,10.914286,0.0024544895,0.0069129094,-7.345365000000001e-25,3.7252903e-09,0.0,True
2021-05-17,2.6075714285714287,13.2,10.228571,12.842857,7.857143,88.61428,1.7714285,1.6857141,1.6857144,8.842857,13.271428,0.0017547309,0.0067447126,-7.345365000000001e-25,0.0,0.0,True
2021-05-24,2.6042857142857145,7.6000004,11.142858,14.942858,7.7285714,77.58572,2.5142858,2.4285715,2.5571427,8.9,13.057143,0.0010280162,0.0070058405,-7.345365000000001e-25,3.7252903e-09,0.0,True
2021-05-31,2.613142857142857,21.3,10.828572,13.714286,7.457143,84.51429,2.5142856,2.2571428,2.2142856,8.985714,13.957143,0.0006443709,0.0077471286,-7.345365000000001e-25,7.450581e-09,0.0,True
2021-06-07,2.6111428571428568,2.4,16.985714,20.728573,13.071428,79.614296,3.1714287,2.6571426,3.2714286,8.214286,20.028572,0.0002950877,0.007953264,-7.345365000000001e-25,1.4901161e-08,0.0,True
2021-06-14,2.5892857142857144,0.0,17.057142,21.27143,11.985715,72.72857,4.2714286,2.9857144,4.4,7.2714286,21.757143,3.5598874e-05,0.0075109154,-7.345365000000001e-25,1.4901161e-08,0.0,True
2021-06-21,2.5661428571428573,36.6,19.300001,24.028574,13.728572,76.17143,4.5,2.3714287,4.4428573,6.5285716,23.157143,0.0020151287,0.0067853853,-7.345365000000001e-25,2.2351742e-08,0.0,True
2021-06-28,2.567,0.0,16.9,20.37143,12.771429,74.12858,3.485714,2.6285713,3.8285716,7.142857,20.77143,3.5002828e-05,0.006127231,-7.345365000000001e-25,3.7252903e-09,0.0,True
2021-07-05,2.563714285714286,39.2,17.800001,21.085714,14.185715,84.52857,2.8142858,2.457143,2.8285713,7.2,21.257143,0.0010574013,0.0055969507,-7.345365000000001e-25,1.4901161e-08,0.0,True
2021-07-12,2.5684285714285715,9.2,19.242859,23.257143,14.714286,76.24286,3.6285713,2.8,3.8857143,6.857143,22.428572,0.00014463067,0.0051742718,-7.345365000000001e-25,2.2351742e-08,0.0,True
2021-07-19,2.569571428571429,19.300001,19.742859,22.785715,17.185715,81.98572,3.3571432,2.1,3.2714286,6.542857,23.37143,0.00022533536,0.0048032925,-7.345365000000001e-25,2.2351742e-08,0.0,True
2021-07-26,2.557142857142857,5.2999997,18.885715,22.357143,15.1,75.27143,3.2,1.8142859,3.6285713,6.0,21.842857,9.250641e-05,0.0044423044,-7.345365000000001e-25,1.8626451e-08,0.0,True
2021-08-02,2.544857142857143,34.5,17.514286,21.014286,14.6285715,77.5,3.1428573,2.5428574,3.3714287,6.385714,19.671429,0.0009861737,0.004084319,-7.345365000000001e-25,2.6077032e-08,0.0,True
2021-08-09,2.561857142857143,48.5,16.785715,21.114286,13.257143,79.54286,2.8142858,2.5142858,2.957143,6.7714286,19.542856,0.0013491958,0.0038241148,-7.345365000000001e-25,2.2351742e-08,0.0,True
2021-08-16,2.5855714285714284,47.100002,17.757143,21.942858,13.785714,81.28571,2.857143,2.3999999,2.9285715,6.9857144,20.257143,0.0045060813,0.004013166,-7.345365000000001e-25,2.2351742e-08,0.0,True
2021-08-23,2.611857142857143,12.299999,16.385715,19.328571,13.1,81.68572,2.1571429,1.9857142,2.3714287,7.5571427,17.9,0.004836172,0.0039799213,-7.345365000000001e-25,2.2351742e-08,0.0,True
2021-08-30,2.596571428571429,8.6,16.1,18.7,12.985715,82.15715,1.8714285,1.6428572,2.2571428,7.385714,17.714285,0.00015291572,0.0042941794,-7.345365000000001e-25,2.9802322e-08,0.0,True
2021-09-06,2.5715714285714286,0.0,15.414286,18.571428,11.057143,81.185715,1.9142857,1.4,2.1571429,7.0,18.414286,4.0382147e-06,0.00448405,-7.345365000000001e-25,1.1175871e-08,0.0,True
2021-09-13,2.5507142857142857,18.0,17.985714,21.728573,14.042857,81.64286,1.8285713,1.4285715,2.1142857,6.8428574,19.685715,0.00028260052,0.004407324,-7.345365000000001e-25,1.8626451e-08,0.0,True
2021-09-20,2.547571428571428,10.1,14.957144,17.442858,11.885715,82.042854,1.3142856,1.1142857,1.6142857,7.3142858,16.4,0.0021329522,0.004305929,-7.345365000000001e-25,2.0489097e-08,0.0,True
2021-09-27,2.536714285714285,7.0,16.057144,19.100002,12.828572,83.68572,1.2285715,1.0571429,1.6142857,7.1,16.314285,0.00013240427,0.004240699,-7.345365000000001e-25,2.2351742e-08,0.0,True
2021-10-04,2.548428571428571,36.4,13.67143,17.228573,10.585714,80.88572,1.4142857,1.3285713,1.6714287,8.042857,14.014286,0.0062032416,0.0050549507,-7.345365000000001e-25,2.2351742e-08,0.0,True
2021-10-11,2.553142857142857,8.700001,11.157144,14.800001,7.514286,83.0,0.91428566,0.8428572,1.1142857,8.228572,12.271428,6.431341e-05,0.0044557527,-7.345365000000001e-25,9.313226e-09,0.0,True
2021-10-18,2.555,16.8,10.828572,12.900001,7.8857145,82.57143,0.95714283,0.95714283,1.0714285,8.785714,10.442857,0.0011492074,0.0046855733,-7.345365000000001e-25,7.450581e-09,0.0,True
2021-10-25,2.591428571428572,45.5,10.614286,13.300001,7.5,82.24286,1.0285715,1.0285715,1.0571429,9.985714,9.742857,0.010034896,0.008075617,-7.345365000000001e-25,1.4901161e-08,0.0,True
2021-11-01,2.6187142857142858,10.200001,11.957144,14.542857,9.071428,83.24286,0.7428571,0.7285714,0.9142857,9.842857,10.957143,0.0021723956,0.0071498603,-7.345365000000001e-25,1.4901161e-08,0.0,True
2021-11-08,2.611,15.900001,8.742857,10.6285715,6.8,87.828575,0.62857145,0.62857145,0.61428577,9.942857,8.157143,0.0018305779,0.0077533945,-7.345365000000001e-25,1.3038516e-08,0.0,True
2021-11-15,2.618,2.8999999,8.014286,9.271429,6.4428573,90.38572,0.3285714,0.3285714,0.44285712,9.971429,7.757143,7.721037e-05,0.008843578,-7.345365000000001e-25,5.5879354e-09,0.0,True
2021-11-22,2.612714285714286,10.3,7.857143,9.657143,5.6142855,89.42857,0.42857143,0.42857143,0.44285718,9.885715,7.2714286,0.00016325712,0.009188898,-7.345365000000001e-25,7.450581e-09,0.0,True
2021-11-29,2.622,17.5,4.6142855,6.114286,2.7714286,90.74286,0.34285715,0.34285715,0.34285715,9.957143,4.242857,0.0002803877,0.009057276,4.5878547e-05,7.865764e-05,0.00019660965,True
2021-12-06,2.659,31.300001,3.2285714,4.8428574,0.85714287,89.77143,0.5285715,0.5285715,0.41428572,10.642858,3.0142858,0.001939714,0.009043753,0.0011850198,0.0023946986,0.0055291615,True
2021-12-13,2.687142857142857,8.099999,3.7000003,5.3714285,1.9714286,92.91429,0.25714287,0.25714287,0.27142859,10.328571,3.0,0.00036343932,0.010164574,0.0013597523,0.004788665,0.0014466345,True
2021-12-20,2.6815714285714285,2.4,6.7428575,8.228572,4.6857142,92.24286,0.17142858,0.17142858,0.27142859,10.114285,6.071429,6.490946e-05,0.010800421,3.0710585e-06,3.88287e-05,0.0,True
2021-12-27,2.691,18.7,-2.0571427,1.3000001,-5.057143,85.24286,0.071428575,0.071428575,0.22857143,10.428572,-0.25714287,0.0004043281,0.010723293,0.00039982228,0.00067382306,0.0011849329,True
2022-01-03,2.725857142857143,43.300003,8.185714,10.028572,6.2714286,92.799995,0.325,0.325,0.47142857,10.65,3.8,0.0064953864,0.012170643,8.5836364e-05,0.0005251821,0.0,True
2022-01-10,2.788428571428572,15.9,3.4857142,5.471429,1.2,88.828575,0.45714286,0.45714286,0.37142858,10.8,2.8285713,0.0007006377,0.015668541,0.00043870154,0.001722848,0.0021911897,True
2022-01-17,2.787428571428572,0.8,4.542857,6.1285715,2.5142858,92.48572,0.3285714,0.3285714,0.3285714,10.314285,3.9,6.221235e-05,0.016579024,0.00012052627,0.0005315952,0.0,True
2022-01-24,2.7688571428571427,5.4,4.6714287,5.957143,3.0,86.82857,0.44285712,0.42857143,0.5857143,10.171429,3.7714286,0.00012166053,0.015444584,3.5649255e-06,1.4776364e-05,1.4659017e-05,True
2022-01-31,2.767285714285714,9.6,4.9714284,6.6,3.3714287,84.57143,0.7285714,0.7285714,0.8142857,10.142858,4.257143,0.00017127395,0.013744123,0.00019338017,0.000614034,0.0020256415,True
2022-02-07,2.791714285714286,39.600002,5.328572,7.1142855,2.5857143,86.18572,0.91428566,0.91428566,0.71428573,10.785714,4.614286,0.0029888824,0.012535691,0.00028354782,0.002005212,0.00059105456,True
2022-02-14,2.8688571428571428,12.2,5.428571,7.6,2.7571428,80.814285,0.84285706,0.84285706,0.9142857,10.671429,4.757143,0.0001840964,0.012230739,2.452873e-05,0.00010713935,7.342175e-05,True
2022-02-21,2.949142857142857,75.4,6.1857142,8.714286,3.7285714,85.01429,1.4285715,1.4285715,0.9714286,11.3,5.542857,0.019856133,0.014569372,5.989983e-05,0.0007147491,0.000893753,True
2022-02-28,3.024857142857143,10.8,5.1,8.171429,2.142857,75.71429,1.1857144,1.1714286,1.1714286,10.914286,4.6,0.0005055666,0.02257406,2.6827767e-05,0.00021255575,0.0,True
2022-03-07,2.9892857142857143,0.0,1.9714286,5.6571426,-1.6142858,78.3,0.9285714,0.8000001,0.87142855,9.914286,3.5714285,1.1771917e-06,0.02022656,1.3794218e-05,2.761744e-05,4.582107e-05,True
2022-03-14,2.9705714285714286,5.3,5.9000006,11.114286,0.8428572,53.214287,1.9571427,1.5714284,2.2428572,9.342857,5.7285714,0.00010113418,0.016224101,4.7286353e-06,1.5635043e-05,0.0,True
2022-03-21,2.964,2.7,6.7428575,11.014285,2.3285713,72.828575,1.6000001,1.3000001,1.6285714,9.028571,7.1571426,0.0001283735,0.013090827,-7.345365000000001e-25,1.9185245e-07,0.0,True
2022-03-28,2.963857142857143,0.1,7.9,12.842857,3.0,74.11428,1.6714286,1.2571429,1.6428572,8.328571,9.514286,1.7732382e-06,0.010906622,-7.345365000000001e-25,1.8626451e-09,0.0,True
2022-04-04,2.9632857142857145,30.2,3.8714287,6.2428575,1.3428571,74.828575,1.5,1.3285714,1.4428571,8.214286,5.3428574,0.00043918937,0.009307429,0.0042679934,0.007545341,0.010441903,True
2022-04-11,3.0491428571428574,38.8,6.3142858,8.8,3.5,79.24286,1.9142857,1.9142857,1.6142856,9.757143,7.1285715,0.0028285831,0.008357383,0.0001531215,0.0013372079,0.0,True
2022-04-18,3.056714285714285,0.3,9.942857,14.685715,5.085714,66.28571,2.5857143,2.1285713,2.6571429,9.2,12.1,4.220009e-05,0.008099586,-7.345365000000001e-25,2.4586916e-07,0.0,True
2022-04-25,3.0395714285714286,0.0,10.114286,14.957144,4.9000006,64.74286,3.1142857,2.3142858,3.2571428,8.1,13.242857,1.5884638e-05,0.0076445416,-7.345365000000001e-25,0.0,0.0,True
2022-05-02,3.0124285714285715,0.0,8.114286,11.1,3.4714284,73.48572,2.5142858,1.5714285,2.4714284,7.214286,12.857142,2.2500753e-06,0.007001266,-7.345365000000001e-25,0.0,0.0,True
2022-05-09,2.999571428571429,0.0,10.3,14.285714,4.1857142,71.8,2.9714284,1.1857144,2.8285713,6.614286,15.057143,9.685755e-06,0.0062978566,-7.345365000000001e-25,0.0,0.0,True
2022-05-16,2.9938571428571428,21.5,14.1285715,18.942858,8.842857,72.957146,3.5428574,1.7857143,3.4857142,6.3,16.785715,0.00017441809,0.005598679,-7.345365000000001e-25,1.4901161e-08,0.0,True
2022-05-23,3.000714285714285,27.0,16.057144,20.714285,11.67143,76.85714,3.6142857,2.5571427,3.5857143,6.571429,19.37143,0.0014493763,0.0049542785,-7.345365000000001e-25,1.8626451e-08,0.0,True
2022-05-30,2.9932857142857143,8.6,12.271429,14.857142,9.3,76.814285,2.8428571,2.4714286,2.7571428,6.714286,14.528571,0.00043351948,0.0044469237,-7.345365000000001e-25,7.450581e-09,0.0,True
2022-06-06,2.9722857142857144,13.6,13.471429,17.428572,8.342857,75.8,3.3428571,2.357143,3.2714286,6.428571,17.428572,0.0012188852,0.004091397,-7.345365000000001e-25,1.4901161e-08,0.0,True
2022-06-13,2.9561428571428574,4.4,15.185715,18.885714,10.457143,78.78571,3.3,2.2999997,3.2142856,6.457143,18.257143,0.0002041012,0.0038015172,-7.345365000000001e-25,1.8626451e-08,0.0,True
2022-06-20,2.932,0.5,15.557143,18.34286,11.114286,71.52857,3.7857144,1.8142855,3.6857142,5.7285714,20.1,0.00017765164,0.00355988,-7.345365000000001e-25,1.1175871e-08,0.0,True
2022-06-27,2.907285714285714,41.0,18.242857,23.028574,12.428572,76.25714,4.0285716,1.7571428,4.0857143,5.6,22.214285,0.00024937093,0.003311023,-7.345365000000001e-25,1.4901161e-08,0.0,True
2022-07-04,2.9115714285714285,9.5,18.557144,23.042858,13.785714,71.85714,4.3857145,2.9142857,4.4,5.8,22.057142,0.00013061613,0.003075324,-7.345365000000001e-25,2.2351742e-08,0.0,True
2022-07-11,2.8915714285714285,24.4,15.828572,18.285715,13.557143,77.42857,3.1142857,2.1142857,3.0714285,5.4857144,18.657143,0.00026489794,0.0028707236,-7.345365000000001e-25,2.6077032e-08,0.0,True
2022-07-18,2.869142857142857,7.1000004,17.342857,20.800001,12.657144,70.557144,3.8285713,1.7285713,3.9285715,5.0142856,20.914286,9.645522e-05,0.0026921704,-7.345365000000001e-25,1.4901161e-08,0.0,True
2022-07-25,2.842,16.300001,20.142857,25.828571,14.414286,70.21429,4.1571426,1.7714285,4.414286,5.0,22.27143,0.00024458766,0.0024998412,-7.345365000000001e-25,2.2351742e-08,0.0,True
2022-08-01,2.8182857142857145,5.7999997,16.97143,20.571428,12.985715,73.1,3.1571424,1.6000001,3.4428573,4.757143,20.585714,0.00027868152,0.0023351014,-7.345365000000001e-25,2.2351742e-08,0.0,True
2022-08-08,2.793142857142857,3.0,18.185715,23.585714,12.614286,74.200005,3.485714,1.5714285,3.8142858,4.5285716,21.571428,3.5330653e-05,0.0021856353,-7.345365000000001e-25,1.8626451e-08,0.0,True
2022-08-15,2.764142857142857,13.9,21.685715,27.085714,15.557143,65.22857,4.3142858,0.7285715,4.7285714,4.214286,24.12857,1.6987324e-05,0.00203529,-7.345365000000001e-25,2.6077032e-08,0.0,True
2022-08-22,2.7414285714285715,7.3,19.771427,23.985716,15.042857,76.67143,3.0,1.3000001,3.2428572,4.714286,23.22857,0.0001167655,0.001894936,-7.345365000000001e-25,1.8626451e-08,0.0,True
2022-08-29,2.713285714285714,0.7,20.514286,24.514286,16.528572,68.8,3.1857145,0.9714285,4.0571427,4.4,22.757143,6.748736e-05,0.0017654523,-7.345365000000001e-25,2.9802322e-08,0.0,True
2022-09-05,2.6875714285714283,0.0,17.428572,22.714285,12.057143,62.0,3.2714286,0.6571428,3.8428571,4.142857,20.114286,5.930662e-06,0.0016499236,-7.345365000000001e-25,2.6077032e-08,0.0,True
2022-09-12,2.722857142857143,62.5,16.085714,19.87143,12.228571,82.28571,1.7714285,1.1428572,2.0142858,5.0857143,18.485714,0.00024317205,0.0015487447,-7.345365000000001e-25,1.4901161e-08,0.0,True
2022-09-19,2.7375714285714285,59.0,13.914286,16.314287,10.971429,76.0,2.0142858,1.8714286,2.3,6.0857143,14.528571,0.004291743,0.0014705658,-7.345365000000001e-25,2.2351742e-08,0.0,True
2022-09-26,2.767142857142857,33.6,11.8714285,15.257143,7.9000006,81.75714,1.2571429,1.1428572,1.4285715,7.1714287,13.285714,0.00022492558,0.0014340729,-7.345365000000001e-25,1.3038516e-08,0.0,True
2022-10-03,2.814285714285714,41.4,11.285714,14.357142,8.071428,86.78571,1.1857141,1.1714287,1.2142857,8.8,11.8714285,0.0018465519,0.0014322773,-7.345365000000001e-25,1.4901161e-08,0.0,True
2022-10-10,2.8041428571428573,5.6000004,12.785714,16.27143,9.157143,77.67143,1.2571428,1.1999999,1.6857144,8.857142,12.914286,9.459257e-05,0.0015077293,-7.345365000000001e-25,2.0489097e-08,0.0,True
2022-10-17,2.770714285714285,7.8999996,12.257143,15.642858,9.028571,87.01429,0.8,0.78571427,0.95714283,8.842857,12.414286,0.0003671646,0.0015934706,-7.345365000000001e-25,1.4901161e-08,0.0,True
2022-10-24,2.749142857142857,2.4,12.67143,15.914286,9.042857,85.35714,0.7714286,0.7571429,0.94285715,8.971429,12.814285,0.0039902776,0.0016939491,-7.345365000000001e-25,1.3038516e-08,0.0,True
2022-10-31,2.7292857142857145,1.4,14.085715,17.414286,10.514285,89.07143,0.74285716,0.64285713,0.75714284,8.8,14.428572,3.6612153e-05,0.0018469393,-7.345365000000001e-25,1.4901161e-08,0.0,True
2022-11-07,2.7145714285714284,6.9,11.028572,13.285714,8.3,80.0,0.9285714,0.85714287,1.1428572,8.714286,10.642858,0.00038705766,0.002001524,-7.345365000000001e-25,9.313226e-09,0.0,True
2022-11-14,2.6942857142857144,0.0,10.014285,12.257143,7.285714,84.68572,0.6,0.51428574,0.7428571,8.771428,9.942857,5.6251884e-05,0.0021485463,-7.345365000000001e-25,7.450581e-09,0.0,True
2022-11-21,2.692857142857143,19.1,3.4,6.0428576,0.38571432,85.72858,0.42857143,0.42857143,0.4,9.257143,4.242857,0.0015204698,0.0023469925,3.8510276e-05,3.5421923e-05,0.00013636425,True
2022-11-28,2.682857142857143,19.400002,5.3,7.357143,2.9714284,93.75714,0.32857147,0.32857147,0.24285714,9.457143,4.642857,0.0006041229,0.0026726797,1.7239934e-05,0.00011493638,1.1846423e-05,True
2022-12-05,2.698571428571429,11.0,3.3,4.7000003,1.9142857,90.557144,0.21428573,0.21428573,0.37142858,9.842857,3.2714286,0.00027310848,0.0031281635,0.00029676867,0.0008103438,0.0009779334,True
2022-12-12,2.7118571428571427,14.9,-0.12857144,1.6428572,-2.4428573,89.6,0.12857144,0.12857144,0.18571427,9.885715,0.94285715,0.00015149266,0.0036602244,0.00025409175,0.00014080107,0.0006400719,True
2022-12-19,2.6941428571428574,6.2000003,-2.457143,0.27142859,-5.9857144,90.32857,0.10000001,0.10000001,0.2,10.0,-1.2571429,0.0003175214,0.004070841,0.0026380278,0.002939064,0.0034934357,True
2022-12-26,2.701,19.8,6.442857,8.342857,4.2285714,95.314285,0.27142859,0.27142859,0.22857143,10.528571,4.4428573,0.00069850683,0.0044704527,9.617351e-05,0.0014534332,0.0,True
