,GWL,HYRAS_pr,HYRAS_tas,HYRAS_tasmax,HYRAS_tasmin,HYRAS_hurs,DWD_evapo_p,DWD_evapo_r,DWD_evapo_fao,DWD_soil_moist,DWD_soil_temp5cm,ERA5_sro,ERA5_ssro,ERA5_sdwe,ERA5_sm,ERA5_sf,GWL_flag
1991-01-07,549.83,25.7,4.257143,7.2571435,1.8571428,80.82857,0.71428573,0.71428573,0.71428573,10.942857,3.1142857,0.0007450953,0.005773306,0.0005653302,0.003347909,0.002367895,True
1991-01-14,549.96,20.099998,4.4428573,7.714286,1.6999999,79.057144,0.5857143,0.5857143,0.6571428,10.6,3.0857143,0.0003182888,0.008209877,0.0011423769,0.00018087402,0.0064504743,True
1991-01-21,550.06,4.7999997,-3.2857144,-0.5428571,-5.8142858,86.457146,0.11428572,0.11428572,0.31428573,10.342857,-0.21428572,2.8729439e-05,0.00942675,0.005425919,0.001246158,0.005561698,True
1991-01-28,550.12,0.0,-3.6000001,-1.5142858,-5.285714,86.8,0.042857144,0.042857144,0.3285714,10.271428,-0.35714287,2.6471913e-05,0.00980486,0.008924393,0.0012798272,0.00044305995,True
1991-02-04,550.14,0.0,-7.228572,-2.857143,-11.085714,82.52857,0.028571429,0.028571429,0.27142859,10.2,-2.1285715,3.0621886e-05,0.009713136,0.0069215754,0.0014736187,0.0002477765,True
1991-02-11,550.1818343510682,5.8,-7.0,-3.4285715,-10.885715,81.35714,0.042857144,0.042857144,0.40000004,10.285714,-2.0,4.041195e-05,0.009474196,0.007088894,0.0013596322,0.005630143,True
1991-02-18,550.15,7.2000003,-4.285714,-0.88571423,-8.3,82.40001,0.114285715,0.114285715,0.5142857,10.442857,-0.12857144,6.109476e-07,0.009141445,0.014147344,2.2722408e-05,0.012003697,True
1991-02-25,550.14,0.8,1.6142857,8.928572,-3.8,79.82857,0.71428573,0.7,0.85714287,10.142858,0.27142859,0.00037580729,0.008751005,0.0076726675,0.01708344,2.000481e-06,True
1991-03-04,550.12,10.2,2.2285714,5.7571435,-0.32857147,91.542854,0.51428574,0.47142857,0.7,9.928572,1.6571429,6.082654e-05,0.0083611235,0.00031145982,0.0012242608,5.00679e-06,True
1991-03-11,550.08,5.2999997,6.285714,12.228571,1.9,85.64286,0.90000004,0.8428572,1.0571429,9.857142,6.3428574,0.000119909644,0.007969901,2.9518492e-06,1.8628314e-05,0.0,True
1991-03-18,550.05,1.0,6.828572,13.642858,1.6285715,79.67143,1.2142857,1.0285714,1.4,9.571428,8.057143,0.00010730326,0.0075445175,-7.345365000000001e-25,5.5879354e-09,0.0,True
1991-03-25,550.02,25.800001,8.214286,12.357142,5.071429,84.28571,1.1,1.1,1.3285714,10.342857,8.814285,0.000528872,0.0071337298,3.278823e-05,0.00019820966,0.00019474328,True
1991-04-01,549.99,0.6,2.1571429,6.8142858,-1.6714286,80.5,1.0285715,0.9285714,1.3000001,10.171429,5.242857,0.00010821223,0.006854266,0.00040563516,0.00093362667,0.0011887774,True
1991-04-08,549.98,26.800001,7.585715,12.257143,3.8142858,77.12858,1.4142857,1.3428571,1.7428571,10.0,9.257143,0.00034105778,0.006576173,2.3688588e-05,0.0001712162,0.0,True
1991-04-15,549.98,0.1,8.514286,15.742858,1.8142859,69.185715,2.3428571,1.9714285,2.542857,9.485714,11.328571,2.1770597e-05,0.0062898323,-7.345365000000001e-25,6.7055225e-08,0.0,True
1991-04-22,549.99,7.8,2.457143,7.5428576,-2.0,69.6,1.6000001,1.3428571,1.942857,9.042857,7.285714,9.4637275e-05,0.005959466,0.0016677607,0.003305152,0.0053544603,True
1991-04-29,549.99,22.5,5.9857144,11.642858,0.35714287,71.942856,1.9428571,1.6285714,2.3,8.842857,9.671429,0.00021150708,0.00563474,0.0011038269,0.0053161345,0.003768649,True
1991-05-06,550.0,27.4,5.8142858,9.442858,3.0285716,81.98572,1.1857145,1.1142857,1.5714285,9.5,8.542857,0.00031539798,0.0053293556,9.826252e-06,5.6393445e-05,5.42067e-05,True
1991-05-13,550.0,70.9,8.928572,13.471429,3.6857145,76.32857,1.8428571,1.6857141,2.2571428,9.9,11.542857,0.0072025955,0.0068219677,6.357829e-07,6.046146e-06,0.0,True
1991-05-20,550.2,17.4,7.4000006,12.0,3.3285713,75.61428,1.8428571,1.7857141,2.3,10.5,10.728572,0.0004515499,0.0049910545,0.00016108582,0.001148574,0.001122009,True
1991-05-27,550.31,5.8,10.714286,16.014286,4.7428575,66.67143,2.642857,2.2285714,3.2142856,9.342857,14.6285715,0.0001353994,0.0050539076,5.1089694e-07,6.4857304e-06,0.0,True
1991-06-03,550.37,7.7,13.942857,20.114286,5.8428574,59.214287,3.5857143,2.7285714,4.1714287,8.471429,17.885714,7.0914626e-05,0.0049189404,-7.345365000000001e-25,0.0,0.0,True
1991-06-10,550.36,22.6,12.085714,16.5,8.442858,75.84286,2.2714286,1.9857142,2.7142856,8.542857,15.157143,0.00034882128,0.004722804,-7.345365000000001e-25,3.7252903e-09,0.0,True
1991-06-17,550.36,129.09999,14.542857,20.142857,10.585715,72.87143,2.8,2.3714287,3.3999999,8.885715,17.828571,0.008190811,0.008905843,-7.345365000000001e-25,3.7252903e-09,0.0,True
1991-06-24,550.7,23.9,15.014285,20.47143,9.328572,76.18572,3.1142857,3.0285716,3.7857144,10.442857,17.971428,0.0014264509,0.006754257,-7.345365000000001e-25,7.450581e-09,0.0,True
1991-07-01,550.86,19.699999,14.857142,20.557144,9.828572,76.08572,3.1857142,2.9857142,3.7142856,9.885715,18.742857,0.0009443164,0.007344842,-7.345365000000001e-25,7.450581e-09,0.0,True
1991-07-08,550.86,9.599999,20.857143,26.942858,13.714286,67.200005,4.471429,3.385714,5.214286,8.571428,24.528572,1.5124679e-05,0.007537462,-7.345365000000001e-25,1.8626451e-08,0.0,True
1991-07-15,550.85,39.6,20.214285,25.600002,15.1,76.72858,3.5428574,2.8142855,4.3428574,8.342857,24.185715,0.00048612058,0.007155493,-7.345365000000001e-25,7.450581e-09,0.0,True
1991-07-22,550.81,11.599999,17.814287,22.87143,12.685715,72.35714,3.2142856,2.5714285,3.9142857,8.357142,22.3,0.00018990785,0.006777838,-7.345365000000001e-25,7.450581e-09,0.0,True
1991-07-29,550.77,53.6,16.257143,21.942858,11.614286,79.77143,2.7857144,2.3142858,3.4285715,8.657143,19.928572,0.000505954,0.0063847452,-7.345365000000001e-25,7.450581e-09,0.0,True
1991-08-05,550.72,34.1,17.385715,21.728573,12.842857,80.01429,2.357143,2.0142856,2.7714286,9.457143,20.3,0.00041291863,0.0060482323,-7.345365000000001e-25,3.7252903e-09,0.0,True
1991-08-12,550.67,33.2,20.642857,27.242859,14.685715,71.58572,3.285714,2.5,4.042857,8.7,24.057142,0.0020409077,0.0057320744,-7.345365000000001e-25,1.4901161e-08,0.0,True
1991-08-19,550.63,17.6,17.785715,24.7,11.942858,69.35714,3.1714287,2.0714288,3.9428573,7.9857144,23.0,0.00010308623,0.0054259896,-7.345365000000001e-25,7.450581e-09,0.0,True
1991-08-26,550.58,9.9,17.528572,23.757143,11.0,73.557144,2.4857142,1.557143,3.0714285,7.3428574,21.328571,7.9244375e-05,0.005098574,-7.345365000000001e-25,7.450581e-09,0.0,True
1991-09-02,550.55,0.0,15.1,22.228573,7.914286,68.27143,2.642857,1.3142856,3.2285714,6.8285713,19.828571,3.322959e-06,0.004753366,-7.345365000000001e-25,7.450581e-09,0.0,True
1991-09-09,550.5,0.0,14.457144,22.485714,7.0285716,70.47143,2.3428574,0.8,2.8857143,6.3,19.528572,5.662441e-07,0.004377313,-7.345365000000001e-25,1.8626451e-09,0.0,True
1991-09-16,550.46,31.300001,16.042858,20.300001,12.185715,81.24286,1.4857143,0.95714283,1.8714286,6.8142858,17.828571,0.00035630167,0.0040464625,-7.345365000000001e-25,7.450581e-09,0.0,True
1991-09-23,550.42,14.8,14.485715,21.228573,9.6285715,79.07143,1.6142856,1.3428572,2.0428572,7.0285716,17.185715,0.00019647926,0.0037746057,-7.345365000000001e-25,7.450581e-09,0.0,True
1991-09-30,550.39,31.5,12.042857,17.485714,8.057143,84.11428,1.1142857,1.0285715,1.5,8.414286,14.142858,0.00037117302,0.0035202056,-7.345365000000001e-25,5.5879354e-09,0.0,True
1991-10-07,550.36,3.8,10.471429,15.971429,5.6857147,82.32857,1.0142858,0.94285715,1.3857143,8.842857,12.8,7.779896e-05,0.0033324808,-7.345365000000001e-25,3.7252903e-09,0.0,True
1991-10-14,550.33,1.8999999,10.742858,15.257143,7.428571,87.457146,0.67142856,0.5857143,1.0142857,8.8,12.642858,7.9378486e-05,0.0031799749,-7.345365000000001e-25,5.5879354e-09,0.0,True
1991-10-21,550.3,9.4,6.6,10.814286,4.3,83.12858,0.7571429,0.7285715,0.94285715,9.028571,8.742857,0.00018901378,0.0030492991,0.00016709736,0.000389684,0.0011046045,True
1991-10-28,550.26,0.2,1.8000001,5.1,-1.4,87.44286,0.38571426,0.3285714,0.5,9.057143,4.4,1.92523e-05,0.00294365,0.00029051304,0.00073234364,2.1219254e-05,True
1991-11-04,550.24,25.0,4.157143,7.6142855,1.0428572,89.34286,0.5142857,0.4857143,0.55714285,9.014286,4.6,0.00016371906,0.0028488487,1.048474e-05,3.168173e-05,1.5646219e-06,True
1991-11-11,550.23,22.4,3.3285713,6.2571425,0.8285714,81.957146,0.51428574,0.50000006,0.6857143,9.914286,3.6857142,0.00027674437,0.0027672723,0.00037107582,0.0018352345,0.0020621233,True
1991-11-18,550.2,36.199997,2.9714286,5.914286,0.30000004,87.314285,0.31428573,0.31428573,0.4714286,10.7,2.7857144,0.00042734295,0.0027127638,0.0033768017,0.0039688516,0.0137272775,True
1991-11-25,550.19,8.5,1.3571428,3.457143,0.17142856,92.92857,0.18571429,0.18571429,0.2857143,10.557143,1.8428571,0.00030460954,0.0027076118,0.005332362,0.008322256,0.0017679296,True
1991-12-02,550.19,0.1,-0.9857143,2.142857,-2.7714286,93.542854,0.10000001,0.10000001,0.17142858,10.157143,0.5285714,5.172938e-05,0.0027837604,0.0017723583,0.0026199445,8.471683e-05,True
1991-12-09,550.18,1.8,-2.5285716,-0.35714287,-4.3714285,87.88572,0.0,0.0,0.27142859,10.157143,-0.25714287,5.081296e-06,0.002876483,0.0024529411,0.0001311712,0.0033015534,True
1991-12-16,550.18,1.2,-8.342857,-3.7142856,-12.585714,86.814285,0.014285714,0.014285714,0.114285715,10.114285,-3.1142857,1.7389655e-05,0.0029494874,0.003409539,0.0009089168,1.1622906e-06,True
1991-12-23,550.18,37.399998,3.6714287,5.928571,0.29999998,87.71429,0.5857143,0.5857143,0.61428577,11.242857,0.87142855,0.0052754134,0.0068422556,0.0040087984,0.02134701,0.018056072,True
1991-12-30,550.1584225852145,5.0,-0.51428574,2.2142856,-2.9142857,86.01429,0.20000002,0.20000002,0.37142855,10.757143,0.3857143,0.00013227016,0.005291611,0.003140041,0.0012954529,0.005925715,True
1992-01-06,550.18,0.1,0.8000001,4.3285713,-2.2,76.18572,0.0,0.0,0.6857143,10.4,0.0,0.00012400001,0.0065907985,0.0031689974,0.0033652242,4.9993396e-05,True
1992-01-13,550.17,2.6,2.0428572,5.0,-0.3857143,82.457146,0.24285714,0.24285714,0.4857143,10.242857,0.5857143,0.0001656115,0.0069812015,0.00078671885,0.00097421743,0.0008642301,True
1992-01-20,550.17,6.4,-0.29999998,1.5428572,-1.8857144,83.88572,0.18571429,0.18571429,0.4,10.257143,0.18571429,2.2314489e-05,0.0070959926,0.0021054235,0.0008170027,0.010502171,True
1992-01-27,550.109167783314,0.0,-6.285714,-3.114286,-8.957143,87.98572,0.014285714,0.014285714,0.2857143,10.314285,-0.028571429,2.3692846e-05,0.007087305,0.00932798,0.001175791,0.00075398013,False
1992-02-03,550.09,1.4,-1.557143,2.6142857,-5.042857,83.814285,0.27142859,0.25714287,0.47142857,10.2,-0.12857144,0.00011432171,0.007012278,0.0059154034,0.0053361356,0.0012879521,True
1992-02-10,550.07,17.0,1.2285715,4.3142858,-1.4857143,89.44286,0.4571429,0.4571429,0.5,10.757143,0.2857143,0.00090251863,0.0069802627,0.0050843046,0.013532074,0.010346156,True
1992-02-17,550.03,30.400002,2.3142858,5.4428573,-0.15714288,85.85714,0.5142857,0.5142857,0.7285714,10.828571,1.7,0.0005720407,0.007354215,0.0011625347,0.0021893205,0.0075838864,True
1992-02-24,549.9813857450322,0.4,-2.857143,2.0857143,-8.071428,79.14286,0.37142855,0.34285715,0.7428571,10.485714,0.51428574,0.00011386722,0.00826332,0.005816227,0.0050114915,0.001346454,False
1992-03-02,549.99,3.2,3.257143,10.742858,-1.6,78.51429,0.7857143,0.71428573,1.0142857,9.971429,3.3714285,9.9428e-05,0.008678883,0.0005573602,0.002130136,3.0346215e-05,True
1992-03-09,549.99,0.3,5.5285716,11.242858,0.35714293,77.314285,1.0571429,0.9,1.2571429,9.685715,5.7285714,2.5734305e-05,0.008595102,1.110917e-05,6.057322e-05,3.7252903e-07,True
1992-03-16,549.98,30.7,4.1285715,7.8428574,1.1285715,75.51429,1.2571429,1.1857144,1.3428571,10.028571,4.957143,0.0008999631,0.008568175,0.00020003319,0.00027801096,0.0013790615,True
1992-03-23,549.97,32.4,5.3714285,9.785714,1.3714285,81.22858,1.0714285,1.0571429,1.2714285,10.685715,5.571429,0.001738891,0.009220123,0.0005560319,0.003324641,0.0051435605,True
1992-03-30,549.99,11.1,1.9857142,5.442857,-0.3857143,83.17143,0.8714286,0.8714286,1.1571429,11.028571,3.2285714,0.00040308386,0.009882227,0.00395256,0.009825464,0.01054332,True
1992-04-06,550.08,52.8,4.0857143,8.8,0.5571429,80.87142,1.1428571,1.1285714,1.4285715,10.685715,5.8142858,0.0013885945,0.01242815,0.0015024969,0.0071270075,0.004385993,True
1992-04-13,550.35,3.3999999,6.1142855,12.1,0.42857146,64.87143,2.2142859,1.9571428,2.4285715,10.014286,8.6,5.067885e-05,0.015183315,5.254859e-05,0.00028899312,5.2154064e-08,True
1992-04-20,550.42,12.1,5.3428574,9.6285715,2.3,72.77143,1.6285714,1.4428571,1.9,9.428572,7.6857142,0.00021247566,0.014947787,0.00029169946,0.0016710553,0.0017223842,True
1992-04-27,550.45,7.7999997,12.400001,18.571428,5.957143,65.65714,2.7285714,2.3428571,3.2714286,9.1285715,13.557143,0.00031225383,0.013851874,2.7304604e-06,2.3981556e-05,0.0,True
1992-05-04,550.44,13.1,8.585714,13.057143,4.6714287,81.35714,1.4857142,1.3999999,1.8571428,9.542857,11.2,0.0012887865,0.012616903,-7.345365000000001e-25,7.450581e-09,0.0,True
1992-05-11,550.41,0.9,12.428572,17.27143,7.871429,66.64286,2.5714285,2.1285713,3.1857142,8.914286,14.514286,7.325411e-05,0.011544429,-7.345365000000001e-25,3.7252903e-09,0.0,True
1992-05-18,550.36,0.8,16.057144,22.985716,7.5285716,56.828575,3.8857143,2.742857,4.6,7.8,19.185715,2.3841858e-07,0.010303453,-7.345365000000001e-25,0.0,0.0,True
1992-05-25,550.32,0.3,14.957144,21.442858,7.3285713,58.37143,3.7428572,1.9571428,4.285714,6.7285714,18.328571,7.3611736e-05,0.008930087,-7.345365000000001e-25,3.7252903e-09,0.0,True
1992-06-01,550.26,1.6,16.942858,23.142857,10.085714,58.028572,3.3714287,1.5000001,4.157143,6.4,19.8,2.7872622e-05,0.0076708794,-7.345365000000001e-25,3.7252903e-09,0.0,True
1992-06-08,550.22,86.100006,14.528572,20.071428,10.714286,77.77143,2.4714284,2.1142857,3.2,7.9714284,18.37143,0.00044551492,0.0066284835,-7.345365000000001e-25,0.0,0.0,True
1992-06-15,550.17,5.4,15.042857,20.057144,10.014287,74.27143,2.5285716,2.2142856,3.3857143,8.914286,18.071428,0.00013929605,0.0058611184,-7.345365000000001e-25,7.450581e-09,0.0,True
1992-06-22,550.14,17.900002,15.714286,20.385715,11.157143,74.92857,2.7857144,2.3,3.2571428,8.585714,19.37143,0.0001500696,0.005192451,-7.345365000000001e-25,1.4901161e-08,0.0,True
1992-06-29,550.11,46.7,16.428572,21.985716,11.2,72.17143,3.128571,2.7999997,3.7428572,9.357142,20.071428,0.00082467496,0.0046619326,-7.345365000000001e-25,3.7252903e-09,0.0,True
1992-07-06,550.09,32.4,17.071428,21.928572,12.485715,75.27143,2.6,2.257143,3.3428571,9.028571,20.742857,0.0003298372,0.0042009503,-7.345365000000001e-25,0.0,0.0,True
1992-07-13,550.05,27.5,15.428572,20.071428,11.871429,80.91429,2.357143,2.1714287,3.0285714,9.714286,18.72857,0.0003477335,0.003876038,-7.345365000000001e-25,7.450581e-09,0.0,True
1992-07-20,550.05,10.7,19.757143,25.114286,13.514287,70.442856,3.2428572,2.6857145,4.071429,9.142858,22.614286,0.0006473735,0.003602706,-7.345365000000001e-25,7.450581e-09,0.0,True
1992-07-27,550.02,10.5,19.77143,25.585714,14.028572,74.24286,3.5285716,3.0857143,4.1857142,9.257143,23.914286,0.00017365813,0.003340356,-7.345365000000001e-25,1.1175871e-08,0.0,True
1992-08-03,549.98,13.3,20.928572,28.1,14.485715,65.92857,3.9285715,3.057143,4.928571,8.214286,24.842857,1.8291175e-05,0.003070496,-7.345365000000001e-25,7.450581e-09,0.0,True
1992-08-10,549.96,6.0,21.557144,28.685715,15.028572,67.48572,3.5285714,2.385714,4.428571,7.785714,25.171429,9.147823e-05,0.0028051212,-7.345365000000001e-25,1.1175871e-08,0.0,True
1992-08-17,549.95,7.8,16.671429,22.34286,11.085715,68.4,2.657143,1.8571428,3.3999999,7.4428573,20.357143,6.324053e-05,0.00256785,-7.345365000000001e-25,3.7252903e-09,0.0,True
1992-08-24,549.94,12.2,20.785715,27.585714,14.957144,67.942856,3.1285713,2.1285713,3.857143,7.0142856,23.385714,7.472932e-05,0.002339512,-7.345365000000001e-25,1.1175871e-08,0.0,True
1992-08-31,549.93,41.8,19.814285,27.800001,14.042857,67.04286,3.0571427,2.3142858,3.8857143,6.885714,22.27143,0.00025071204,0.002133429,-7.345365000000001e-25,9.313226e-09,0.0,True
1992-09-07,549.93,12.9,11.1285715,16.742857,6.457143,73.18572,1.9142858,1.8000001,2.4142857,8.157143,14.057143,0.00020475686,0.0019683093,-7.345365000000001e-25,7.450581e-09,0.0,True
1992-09-14,549.91,13.299999,14.214286,18.757143,10.928572,81.14286,1.5,1.3285716,1.9714285,8.028571,16.757143,0.00013893098,0.0018418729,-7.345365000000001e-25,0.0,0.0,True
1992-09-21,549.89,0.0,14.5,21.242859,9.228571,80.24286,1.5714285,1.2714287,2.1714284,7.9714284,17.457144,2.719462e-05,0.0017307848,-7.345365000000001e-25,1.8626451e-09,0.0,True
1992-09-28,549.88,11.6,12.971429,18.52857,8.014286,85.35714,1.1714286,0.9285714,1.5857143,7.5857143,15.785714,4.7959387e-05,0.0016294047,-7.345365000000001e-25,3.7252903e-09,0.0,True
1992-10-05,549.88,30.7,11.557143,14.400001,9.485715,90.21429,0.67142856,0.65714294,1.0,8.6,13.157143,0.00025460124,0.0015482977,-7.345365000000001e-25,7.450581e-09,0.0,True
1992-10-12,549.88,14.1,9.585714,12.585714,7.642857,87.64286,0.59999996,0.5857143,0.9142857,8.971429,11.228572,0.00022763014,0.0014834926,-7.345365000000001e-25,3.7252903e-09,0.0,True
1992-10-19,549.88,26.4,4.2571425,8.185714,0.78571427,84.457146,0.54285717,0.48571435,0.8,9.171429,5.928571,0.00016328692,0.0014290661,0.0013922396,0.0028170105,0.0055350177,True
1992-10-26,549.88,25.699999,4.957143,8.357142,2.3,87.71429,0.7714286,0.7714286,0.64285713,10.328571,5.0857143,0.0008594841,0.0013885051,0.00077214127,0.0036993176,0.00093175843,True
1992-11-02,549.9,48.8,4.542857,7.2714286,2.0,90.78571,0.4142857,0.4142857,0.5142857,11.1285715,4.8714285,0.0010327995,0.0013732016,2.7452197e-05,0.00015785545,0.000117789954,True
1992-11-09,549.93,11.5,6.357143,9.771429,2.857143,92.22858,0.32857147,0.31428573,0.47142857,10.642858,6.1714287,0.0002867654,0.0014081299,7.095791e-07,8.307397e-06,0.0,True
1992-11-16,549.97,45.5,3.957143,6.928571,1.3285714,90.6,0.41428572,0.40000004,0.4714286,11.228572,3.8714285,0.0013895258,0.0017260388,0.0012455725,0.0031323861,0.0037870146,True
1992-11-23,550.09,33.399998,5.042857,7.428571,2.0571427,85.92857,0.55714285,0.55714285,0.5428571,11.314285,4.1285715,0.0024653077,0.0028633475,0.0008237419,0.0035617966,0.0027931407,True
1992-11-30,550.33,50.1,6.2714286,10.285714,2.6857142,89.94286,0.41428572,0.41428572,0.45714286,11.1285715,5.7,0.001158759,0.004471615,1.0558537e-06,4.9993396e-06,0.0,True
1992-12-07,550.67,21.5,4.0,7.157143,1.2142857,88.37144,0.3142857,0.3142857,0.4857143,11.185715,3.7142856,0.0009638965,0.0056293607,0.0013131357,0.0009796675,0.0040501542,True
1992-12-14,550.87,21.9,0.62857145,2.2428572,-0.4714286,89.91429,0.20000002,0.20000002,0.3285714,11.014286,0.87142855,0.00040626526,0.0075977817,0.0066740457,0.0051770024,0.009084094,True
1992-12-21,551.04,5.2,-0.28571433,2.6857145,-2.9428573,92.38572,0.08571429,0.08571429,0.17142858,10.385715,0.21428572,0.0001771301,0.0090936795,0.004612531,0.0050967727,2.30968e-07,True
1992-12-28,551.0025098656632,0.3,-2.4428573,-0.44285724,-3.4285715,91.34286,0.028571429,0.028571429,0.21428572,10.314285,-0.18571429,1.7538667e-05,0.009754255,0.0014076914,0.0007655751,2.8718263e-05,True
1993-01-04,551.0344917927296,0.0,-8.785714,-5.2571425,-11.585715,83.1,0.0,0.0,0.14285715,10.3,-3.6666667,8.6426735e-07,0.009832397,0.001119574,3.630668e-05,5.751848e-06,True
1993-01-11,550.960031614968,7.9,3.7714288,6.8142858,-0.29999992,80.12858,0.4,0.4,0.65714294,10.457143,-0.37142858,0.0003708154,0.009673983,0.0004038527,0.0009969603,0.0,True
1993-01-18,550.94,5.5,4.957143,10.057143,0.28571433,83.08572,0.62857145,0.62857145,0.5857143,10.3,2.1285715,0.00018212199,0.00946866,1.0161173e-06,9.110197e-06,0.0,True
1993-01-25,550.77,13.5,6.057143,9.171428,3.7142856,77.6,0.98571426,0.9285714,0.9714286,10.114285,4.2,0.00081683695,0.009260856,2.0521027e-05,8.2701445e-07,0.0006106384,True
1993-02-01,550.8,17.8,0.44285712,2.7142856,-1.6142857,90.57143,0.22857143,0.22857143,0.3857143,10.571428,1.0,0.00043395162,0.009071112,0.003535566,0.008623073,0.009705406,True
1993-02-08,550.73,0.3,-0.2,3.7857144,-2.9857142,88.185715,0.2857143,0.2857143,0.44285718,10.2,0.27142859,3.374368e-05,0.009128697,0.0009735709,0.0014142301,3.1434e-05,True
1993-02-15,550.68,0.2,-1.3714286,0.32857147,-2.457143,93.74286,0.15714286,0.12857144,0.3857143,10.042857,0.3857143,6.131828e-06,0.009072065,0.00017083826,0.0003138762,5.449727e-05,True
1993-02-22,550.6462611329911,21.2,-1.1285715,1.2,-2.8999999,86.12858,0.3142857,0.3142857,0.5857143,10.428572,0.17142858,0.00011216104,0.008903645,0.009067609,0.0037920326,0.02441873,False
1993-03-01,550.55,0.2,-5.6,-0.4142857,-10.585714,77.21429,0.18571429,0.17142858,0.5714286,10.385715,0.071428575,0.00012937933,0.008667499,0.018907115,0.0069162417,0.002480112,True
1993-03-08,550.5,9.9,-1.8857144,1.1142857,-4.214286,82.42857,0.3285714,0.31428573,0.7285715,10.342857,0.12857144,0.00018303096,0.008395612,0.01344825,0.007538488,0.0139775835,True
1993-03-15,550.43,0.0,2.357143,10.285714,-3.557143,73.328575,1.1142857,1.0,1.2857143,10.028571,2.7285714,0.0003349185,0.008135818,0.0061806953,0.015785178,2.719462e-07,True
1993-03-22,550.38,7.3999996,9.1285715,15.342858,4.142857,76.12858,1.4857142,1.3000001,1.7428571,9.585714,9.0,0.00018610805,0.007883847,5.3655534e-05,0.00047002546,0.0,True
1993-03-29,550.32,5.8,0.9285714,4.6142855,-1.8857144,77.9,0.7714286,0.6999999,1.1,9.728572,4.4,0.00019327551,0.007650651,0.0018786987,0.0014487784,0.005287867,True
1993-04-05,550.28,9.3,5.4857144,11.285714,0.27142859,72.9,1.3714286,1.2142857,1.7142857,9.457143,6.6571426,0.00021384656,0.007414393,0.00081850233,0.0033412557,4.9304217e-05,True
1993-04-12,550.2114702768691,11.4,6.6285715,10.7,2.9428573,78.87144,1.3428572,1.2857144,1.5285714,9.742857,8.285714,0.00043693185,0.0071567968,2.333096e-06,2.544187e-05,0.0,True
1993-04-19,550.2,13.099999,7.785714,12.528572,3.3857143,80.75714,1.6,1.542857,1.8571428,9.8,9.728572,0.0002895221,0.006927721,2.7418137e-06,2.3841858e-05,2.0764768e-05,True
1993-04-26,550.14,0.0,14.657143,21.985716,6.6,58.628574,3.4428573,2.7,3.642857,8.828571,16.428572,4.760921e-06,0.0066685677,-7.345365000000001e-25,1.1175871e-08,0.0,True
1993-05-03,550.06,22.7,14.185715,20.77143,7.5,68.77143,3.128571,2.2857144,3.2571428,7.714286,17.242857,0.0002117455,0.0062852874,-7.345365000000001e-25,0.0,0.0,True
1993-05-10,550.01,6.6,12.114286,17.071428,7.357143,78.54286,2.2857144,1.6428572,2.5285716,7.8,14.928572,0.0001360327,0.005943924,-7.345365000000001e-25,3.7252903e-09,0.0,True
1993-05-17,549.96,20.099998,14.042857,20.642857,8.6,73.88572,2.7571428,2.1142857,3.2142856,7.6285715,17.7,0.00026845932,0.0055576265,-7.345365000000001e-25,0.0,0.0,True
1993-05-24,549.94,23.2,14.800001,21.142857,7.942857,69.942856,3.2428572,2.542857,3.7428572,7.714286,19.042856,0.0002914667,0.005165182,-7.345365000000001e-25,3.7252903e-09,0.0,True
1993-05-31,549.91,27.4,16.814287,23.442858,11.157143,67.11429,3.6857145,3.0571427,4.214286,7.742857,20.6,0.00022731721,0.0047615618,-7.345365000000001e-25,1.1175871e-08,0.0,True
1993-06-07,549.9,52.8,16.828571,22.27143,11.385715,77.08571,2.8999999,2.385714,3.6142857,8.185715,20.242857,0.00018814206,0.004397586,-7.345365000000001e-25,3.7252903e-09,0.0,True
1993-06-14,549.87,5.8,16.2,21.628572,11.614286,75.07143,3.0285716,2.4857142,3.6571429,7.8714285,20.157143,0.0004375577,0.0040475056,-7.345365000000001e-25,7.450581e-09,0.0,True
1993-06-21,549.86,40.0,16.128572,21.028574,10.7,79.58572,3.057143,2.7142856,3.5,8.314285,19.342857,0.0017289072,0.0037634969,-7.345365000000001e-25,7.450581e-09,0.0,True
1993-06-28,549.84,35.0,14.257143,19.128572,10.67143,77.700005,2.5285716,2.3714287,2.8285713,9.585714,18.27143,0.0012229234,0.0035450533,-7.345365000000001e-25,7.450581e-09,0.0,True
1993-07-05,549.81,26.8,18.728573,25.157145,10.728571,67.62858,3.9142857,3.1285713,4.5571427,8.571428,22.77143,0.00015546381,0.0033466443,-7.345365000000001e-25,3.7252903e-09,0.0,True
1993-07-12,549.79,42.2,13.557143,18.885715,8.8714285,77.0,2.6285713,2.2142856,3.057143,9.342857,17.985714,0.001941368,0.0031708255,-7.345365000000001e-25,7.450581e-09,0.0,True
1993-07-19,549.78,57.0,16.128572,20.4,12.157143,82.700005,2.3999999,2.3428574,2.7857144,10.414286,18.0,0.010156661,0.006835602,-7.345365000000001e-25,1.1175871e-08,0.0,True
1993-07-26,549.77,19.9,14.714286,19.47143,11.1285715,77.28571,2.7142856,2.5142858,3.1142857,10.042857,18.314285,0.00046809018,0.0040269867,-7.345365000000001e-25,1.1175871e-08,0.0,True
1993-08-02,549.92,41.4,18.2,23.957144,12.471429,74.42857,3.1571426,2.957143,3.7142856,9.971429,20.9,0.0015036687,0.0047402754,-7.345365000000001e-25,1.3038516e-08,0.0,True
1993-08-09,549.95,22.7,17.7,24.042858,11.842857,75.28571,2.9714284,2.7285714,3.6142857,9.585714,21.842857,0.00023801625,0.0050318837,-7.345365000000001e-25,3.7252903e-09,0.0,True
1993-08-16,549.99,33.4,18.128572,24.17143,12.1285715,75.48572,3.0,2.6714287,3.6142857,9.6285715,21.62857,0.0034483075,0.0049803853,-7.345365000000001e-25,1.4901161e-08,0.0,True
1993-08-23,550.01,14.4,18.642857,25.414288,12.728572,75.75714,2.8428571,2.3,3.5142858,8.771428,22.72857,0.00019609928,0.0048421994,-7.345365000000001e-25,1.1175871e-08,0.0,True
1993-08-30,550.02,40.0,10.914286,15.057143,6.6714287,84.38572,1.4142857,1.2714287,1.7142857,9.814285,14.985714,0.00041408837,0.0047038794,-7.345365000000001e-25,1.8626451e-09,0.0,True
1993-09-06,550.04,20.2,10.328572,15.042857,6.457143,81.685715,1.4285715,1.3714286,1.8285714,10.057143,13.757143,0.0011373609,0.004604444,-7.345365000000001e-25,0.0,0.0,True
1993-09-13,550.06,22.2,13.6285715,20.414288,9.385715,84.02857,1.6142856,1.5999998,2.0714285,10.085714,15.842857,0.00080271065,0.0046697184,-7.345365000000001e-25,5.5879354e-09,0.0,True
1993-09-20,550.06,3.8000002,12.900001,18.857143,8.085714,78.38572,1.6428572,1.5285714,2.1857142,9.9,15.014286,8.675456e-05,0.004744306,-7.345365000000001e-25,7.450581e-09,0.0,True
1993-09-27,550.04,9.700001,14.042857,19.014286,10.485715,83.542854,1.2285713,1.1142857,1.5714285,9.471429,16.157143,0.00017599761,0.0046908334,-7.345365000000001e-25,7.450581e-09,0.0,True
1993-10-04,550.03,21.2,9.214286,13.6,5.7285714,87.0,0.7714286,0.7285715,1.1428572,10.085714,11.1285715,0.0014893711,0.0046155304,-7.345365000000001e-25,5.5879354e-09,0.0,True
1993-10-11,550.0,16.7,11.014285,16.071428,7.071429,86.314285,0.95714283,0.9428571,1.1714286,10.1285715,12.8,0.0003131926,0.0046402663,-7.345365000000001e-25,1.8626451e-09,0.0,True
1993-10-18,549.96,11.6,9.071428,13.6,6.7142863,84.72858,0.82857144,0.81428576,1.0857142,10.3,10.557143,0.00032430887,0.004802972,-7.345365000000001e-25,5.5879354e-09,0.0,True
1993-10-25,549.94,47.4,3.757143,5.371429,2.1857142,94.40001,0.25714287,0.25714284,0.4714286,10.8714285,5.257143,0.0013636798,0.005559653,0.0008223341,0.0041894075,0.0044778585,True
1993-11-01,550.0,0.3,3.0428574,4.7000003,1.7857143,91.07143,0.2857143,0.27142859,0.4714286,10.485714,4.2,1.1950731e-05,0.0061210766,8.0182435e-05,0.00041527115,7.8231096e-08,True
1993-11-08,550.04,10.599999,5.0285716,6.6,3.3857143,96.200005,0.21428573,0.21428573,0.4,10.257143,5.8428574,0.0003228113,0.0068600923,1.3737451e-06,7.307157e-06,0.0,True
1993-11-15,550.06,17.8,3.8285716,7.1,1.6428572,89.042854,0.38571432,0.38571432,0.5285714,10.485714,4.5571427,0.00030829012,0.0071231797,0.00035567512,0.0004917141,0.0063434914,True
1993-11-22,550.06,1.2,-4.3714285,-2.1714287,-6.571429,86.114296,0.042857144,0.042857144,0.2857143,10.571428,0.47142857,7.711351e-06,0.007417947,0.008841248,0.00029113516,0.0041426495,True
1993-11-29,550.04,0.5,-5.3142858,-3.5142858,-6.928571,90.88572,0.0,0.0,0.17142858,10.3,-0.7714286,2.8707087e-05,0.007565014,0.007620522,0.001351418,0.00095468387,True
1993-12-06,550.03,1.5,0.5285714,3.3428574,-3.3285716,87.78571,0.17142858,0.17142858,0.31428573,10.242857,-0.34285715,0.00016857684,0.0075448155,0.0043754578,0.0070245396,0.00020429492,True
1993-12-13,550.04,32.0,4.4,7.1857147,1.3428571,80.27143,0.7,0.7,0.90000004,10.814285,1.8571428,0.000462085,0.0074763894,0.0023163443,0.006306881,0.010240875,True
1993-12-20,550.04,19.7,5.5285716,7.9428573,2.7714288,84.0,0.71428573,0.71428573,0.7571429,11.1285715,3.6,0.0013185292,0.007608637,0.0022293273,0.007441763,0.0028956272,True
1993-12-27,550.04,11.9,0.71428573,3.3857143,-1.1142857,83.40001,0.47142857,0.47142857,0.7,11.142858,2.0285714,0.00021830201,0.009050846,0.005592318,0.0009398684,0.013279855,True
1994-01-03,550.08,27.0,2.5285716,5.4714284,-0.9428571,86.38572,0.475,0.475,0.44285718,10.5,1.425,0.0011776164,0.01074525,0.006287881,0.01570459,0.006547101,True
1994-01-10,550.1944376221111,2.8,3.4,5.9857144,1.5714285,88.07143,0.34285712,0.34285712,0.37142855,10.657143,2.8428571,0.00034706295,0.013398789,0.0006654887,0.0020281598,0.000323873,True
1994-01-17,550.21,13.6,2.2714286,5.0285716,-0.12857138,87.814285,0.35714287,0.35714287,0.45714286,10.457143,2.5714285,0.00045861304,0.014805816,0.00096779777,0.000761183,0.0050229058,True
1994-01-24,550.2340212111844,12.1,-2.457143,0.50000006,-5.7571435,89.042854,0.12857144,0.12857144,0.25714284,10.442857,-0.14285715,0.0004512295,0.014874645,0.0037951071,0.0039908923,0.000457488,True
1994-01-31,550.2598651820565,24.0,2.5142858,5.857143,-0.37142855,78.38572,0.8285714,0.8285714,0.82857144,10.985714,2.0428572,0.0011544973,0.015483476,0.0020588012,0.0029956512,0.005647965,True
1994-02-07,550.3050000000001,20.5,2.7142856,6.228572,-0.17142856,87.61428,0.37142858,0.37142858,0.5285714,10.414286,2.4714286,0.00022613257,0.016346812,0.0010860023,0.0023390744,0.00032358617,True
1994-02-14,550.44,9.0,-1.8571428,1.0714285,-3.3428574,85.88572,0.22857144,0.22857144,0.4857143,10.6,0.85714287,0.00010294467,0.016054705,0.0068168584,0.0021797512,0.011850551,True
1994-02-21,550.47,6.3,-4.7000003,-0.9714286,-9.342857,83.77143,0.12857144,0.12857144,0.42857143,10.314285,-0.057142857,7.945299e-05,0.015412599,0.007914844,0.003346894,0.003899306,True
1994-02-28,550.49,5.6,4.3857145,9.3714285,0.10000001,83.62858,0.7714286,0.74285716,0.8142857,10.314285,3.1857142,0.00037135184,0.01448562,0.0025892712,0.008631673,0.00014625862,True
1994-03-07,550.5,20.3,5.4428573,9.900001,1.6714286,79.71429,1.1,1.1142857,1.1,10.442857,6.257143,0.00046157837,0.01357007,2.9790968e-05,0.00017241761,2.7600676e-05,True
1994-03-14,550.51,9.2,8.357142,13.1285715,4.942857,81.85714,1.2428571,1.1999999,1.4142857,10.085714,8.671429,0.00017334521,0.012806766,1.1353266e-07,2.0433217e-06,0.0,True
1994-03-21,550.51,24.0,6.057143,9.442857,3.142857,75.21429,1.4285715,1.3999999,1.6428572,10.171429,5.9142857,0.00056447834,0.012035914,0.0001739377,0.00088648684,0.0009503588,True
1994-03-28,550.5,18.0,8.8,14.1285715,4.6,71.35714,1.9142858,1.8285714,2.2,10.271428,9.5,0.00030563772,0.01139345,2.9632024e-06,2.4909154e-05,3.7029386e-06,True
1994-04-04,550.483805718812,21.0,6.6857142,12.057143,2.7857144,81.85714,1.4714286,1.4142858,1.6142857,10.228572,8.671429,0.00026270747,0.010838211,0.0004949797,0.0015714113,0.0025065616,True
1994-04-11,550.48,10.9,2.8714287,7.285714,-0.14285716,80.0,1.2142857,1.1857141,1.4571428,10.328571,5.7285714,0.00032278895,0.010286562,0.0009962717,0.0038247816,0.0041509755,True
1994-04-18,550.7,72.3,4.928571,7.1285715,2.4285715,87.77143,0.91428566,0.91428566,1.0428572,11.228572,5.8428574,0.0041961074,0.013120547,0.0049643745,0.022908617,0.02156794,True
1994-04-25,550.87,21.2,10.171428,15.657144,3.7857144,75.67143,2.0,1.857143,2.3714287,10.157143,12.285714,0.00043027103,0.015438676,1.3266291e-05,8.1166625e-05,0.0,True
1994-05-02,550.94,2.8,11.857142,17.685715,5.514286,72.14286,2.6857145,2.3428571,2.8999999,9.8,15.442857,0.00020356476,0.015399657,-7.345365000000001e-25,7.450581e-09,0.0,True
1994-05-09,550.94,7.3,11.071428,16.828571,5.2428575,73.15714,2.5142858,2.142857,2.8142858,9.228572,14.214286,0.00023625791,0.014411211,-7.345365000000001e-25,3.7252903e-09,0.0,True
1994-05-16,550.92,13.3,13.814286,20.142857,8.028571,72.02857,2.8428571,2.4142857,3.385714,8.814285,16.928572,8.620322e-05,0.013066858,-7.345365000000001e-25,0.0,0.0,True
1994-05-23,550.7617145519674,47.3,13.457144,17.4,9.528571,84.72858,1.8999999,1.8857144,2.1714284,9.414286,16.057142,0.0033242628,0.011861123,-7.345365000000001e-25,3.7252903e-09,0.0,False
1994-05-30,550.885,45.600002,12.428572,16.957144,9.142858,84.08571,2.2571428,2.185714,2.4857142,10.028571,16.257143,0.0027230233,0.010962121,-7.345365000000001e-25,0.0,0.0,True
1994-06-06,550.87,21.0,13.728572,19.52857,7.6857147,72.12858,3.042857,2.8142855,3.5,9.714286,16.885714,0.00045856833,0.010413416,-7.345365000000001e-25,3.7252903e-09,0.0,True
1994-06-13,550.85,24.8,12.442858,17.47143,7.7571435,75.557144,2.3714287,2.2285714,2.8428571,9.8714285,15.485714,0.00047558546,0.009933792,-7.345365000000001e-25,7.450581e-09,0.0,True
1994-06-20,550.82,12.5,16.7,22.2,10.928572,70.08572,3.3571427,2.7285714,4.1,8.971429,19.657143,0.00016077608,0.0094421655,-7.345365000000001e-25,0.0,0.0,True
1994-06-27,550.79,0.0,20.928572,26.757143,14.228572,67.442856,4.071429,2.8142858,4.9,8.185715,24.057142,0.00021416694,0.00875815,-7.345365000000001e-25,1.1175871e-08,0.0,True
1994-07-04,550.72,42.2,22.47143,29.328571,15.728572,69.72857,4.1714287,2.8714283,5.1,7.6285715,26.085714,0.00068547577,0.007981576,-7.345365000000001e-25,1.1175871e-08,0.0,True
1994-07-11,550.67,43.6,17.485714,22.642857,12.957144,75.457146,3.3857143,2.9714284,3.8285713,8.857142,21.942858,0.0010753721,0.0072858557,-7.345365000000001e-25,7.450581e-09,0.0,True
1994-07-18,550.63,20.2,20.47143,26.771427,14.2,73.72858,3.5571425,2.7857144,4.285714,8.085714,24.642857,0.0002078265,0.006650761,-7.345365000000001e-25,1.1175871e-08,0.0,True
1994-07-25,550.6,12.700001,20.142857,26.185715,14.328572,71.15715,3.3142855,2.742857,4.142857,8.6,23.742857,0.00065746903,0.00607799,-7.345365000000001e-25,1.1175871e-08,0.0,True
1994-08-01,550.56,39.4,22.071428,29.100002,15.714286,70.5,3.6999996,2.8428571,4.542857,7.8285713,26.042856,0.00017641485,0.005512826,-7.345365000000001e-25,1.1175871e-08,0.0,True
1994-08-08,550.51,15.1,22.357143,29.27143,15.471429,68.35714,3.785714,2.542857,4.6142855,7.4714284,26.3,0.00012513995,0.004969582,-7.345365000000001e-25,3.7252903e-09,0.0,True
1994-08-15,550.52,44.1,16.842857,22.385715,12.3,75.68572,2.857143,2.3999999,3.4285715,7.742857,21.285715,0.0005662292,0.0044846386,-7.345365000000001e-25,1.4901161e-08,0.0,True
1994-08-22,550.53,27.7,17.1,22.942858,11.800001,78.314285,2.6714287,2.3285716,3.1000001,7.9428573,20.0,0.00034950674,0.004096791,-7.345365000000001e-25,1.3038516e-08,0.0,True
1994-08-29,550.52,31.6,16.642857,22.114286,12.957144,80.38572,2.2428572,1.9142857,2.7,8.785714,20.414286,0.0003694445,0.0037964806,-7.345365000000001e-25,7.450581e-09,0.0,True
1994-09-05,550.54,40.3,15.300001,20.67143,10.271429,81.85714,1.7857143,1.5857143,2.2571428,8.685715,18.7,0.00025597215,0.0035663694,-7.345365000000001e-25,1.8626451e-09,0.0,True
1994-09-12,550.54,42.300003,14.971429,20.542858,11.442858,81.1,1.8,1.7571429,2.2857144,9.414286,17.114286,0.001414597,0.0033859387,-7.345365000000001e-25,7.450581e-09,0.0,True
1994-09-19,550.58,34.0,9.657143,13.514287,7.2285714,84.72858,1.1142857,1.1,1.4857142,10.1285715,12.485714,0.0006558001,0.0032677725,-7.345365000000001e-25,0.0,0.0,True
1994-09-26,550.6,13.0,13.5,19.057144,8.014286,84.87144,1.2285715,1.0857143,1.6857144,9.585714,15.214286,0.00029786676,0.0031824484,-7.345365000000001e-25,5.5879354e-09,0.0,True
1994-10-03,550.5524663768352,11.200001,13.099999,17.57143,9.8714285,89.957146,0.90000004,0.84285706,1.2285715,9.728572,15.357142,0.001123257,0.00311888,-7.345365000000001e-25,3.7252903e-09,0.0,True
1994-10-10,550.575,0.1,3.957143,10.114286,0.0,78.85714,0.7571429,0.7285715,1.0571429,10.0,7.6285715,5.8956444e-05,0.003107056,0.00010014148,0.00028015673,0.00037001818,True
1994-10-17,550.52,0.2,7.857143,15.414286,2.0285716,85.64286,0.87142855,0.71428573,1.0142857,9.557143,10.3714285,8.814037e-06,0.0030940324,1.5769687e-05,9.5523894e-05,0.0,True
1994-10-24,550.47,7.5,6.328572,12.042857,2.2714286,85.47143,0.68571424,0.59999996,0.8428572,9.314285,8.671429,7.995218e-05,0.0030621886,-7.345365000000001e-25,2.2351742e-08,0.0,True
1994-10-31,550.43,19.9,8.214286,11.985715,4.7428575,83.02857,0.8142857,0.8142857,1.1,9.942857,8.228572,0.0002034679,0.0030255914,-7.345365000000001e-25,3.7252903e-09,0.0,True
1994-11-07,550.38,2.5,7.642857,11.242858,4.2285714,91.97143,0.45714286,0.44285712,0.5285714,9.8,8.642858,5.0596893e-05,0.0029892847,-7.345365000000001e-25,3.7252903e-09,0.0,True
1994-11-14,550.34,40.5,7.0428576,8.542857,5.0142856,93.37144,0.3,0.25714287,0.47142857,10.471429,7.5142856,0.00040619075,0.0029613227,-7.345365000000001e-25,0.0,0.0,True
1994-11-21,550.31,15.099999,7.871429,10.642858,5.7285714,88.47143,0.5,0.5,0.7,10.5,7.5571427,0.00041128695,0.0029682443,-7.345365000000001e-25,0.0,0.0,True
1994-11-28,550.25,4.7999997,6.6285715,8.771429,4.6285715,90.44286,0.21428573,0.21428573,0.41428572,10.285714,6.9142857,0.00016535819,0.0030966476,-7.345365000000001e-25,0.0,0.0,True
1994-12-05,550.25,18.599998,3.042857,5.8285713,0.37142855,90.35714,0.20000002,0.20000002,0.32857147,10.342857,3.2857144,0.00031214952,0.0032816827,2.537455e-06,7.186085e-06,7.238239e-06,True
1994-12-12,550.26,15.599999,5.7571435,8.114286,3.0857143,86.35714,0.4714286,0.4571429,0.5714286,10.8714285,4.9,0.00080914795,0.0038669184,-7.345365000000001e-25,2.477318e-07,0.0,True
1994-12-19,550.26,13.5,1.3000001,3.8999999,-1.1999999,89.01429,0.21428573,0.21428573,0.2857143,10.414286,2.0428572,0.00013832748,0.0040537566,0.0009665432,0.00073126704,0.0023001693,True
1994-12-26,550.27,13.6,-1.8571428,-0.44285712,-2.9857144,89.15715,0.071428575,0.071428575,0.3285714,10.571428,0.41428572,7.6144934e-05,0.004570104,0.0075350488,0.00032994337,0.009410016,True
1995-01-02,550.29,36.7,3.542857,6.042857,1.1714287,85.471436,0.64,0.64,0.6857143,10.74,3.48,0.0009062439,0.005113378,0.0029542786,0.009895731,0.012506746,True
1995-01-09,550.34,9.6,-7.071429,-4.071429,-11.457144,87.957146,0.0,0.0,0.17142858,10.6,0.22857143,2.0861626e-07,0.0063078105,0.014261859,0.0,0.0063401423,True
1995-01-16,550.34,14.3,-3.9428573,-0.27142859,-7.714286,86.51429,0.18571429,0.18571429,0.34285715,10.928572,0.21428572,0.00040654838,0.0070254654,0.033127658,0.0032908488,0.023562863,True
1995-01-23,550.37,10.5,-0.4714286,4.1285715,-5.2714286,83.71429,0.5285714,0.5428571,0.5857143,10.442857,0.9714286,0.0019687489,0.008460797,0.033087164,0.033155203,0.0046391487,True
1995-01-30,550.56,33.1,4.328572,7.357143,0.81428576,79.9,1.0142857,1.0142857,1.0428572,11.071428,3.2142856,0.0018730089,0.011853993,0.0034423557,0.015766684,0.009140611,True
1995-02-06,550.67,4.4,3.1285717,6.7428575,-0.38571426,83.0,0.41428572,0.41428572,0.6571428,10.442857,2.2142856,8.903444e-05,0.015702248,0.00072553044,0.0014638808,3.0249357e-05,True
1995-02-13,550.72,12.3,5.9857144,10.328572,2.3,79.87142,0.90000004,0.88571423,0.9857143,10.285714,5.2285714,0.00026923418,0.016284935,7.896197e-06,6.490573e-05,1.1246651e-05,True
1995-02-20,550.69,26.4,5.0142856,8.428572,1.7714287,79.042854,0.9285714,0.9142857,1.1142857,10.657143,4.4857144,0.0004993528,0.01573266,0.0006059351,0.002287466,0.002798304,True
1995-02-27,550.64,18.0,2.6285713,6.6285715,-0.3,83.0,0.7285714,0.71428573,0.85714287,10.6,3.2428572,0.0010561198,0.015089363,0.002115488,0.004907772,0.009767689,True
1995-03-06,550.64,15.1,1.8285714,6.6714287,-1.8285714,77.12858,0.9285714,0.9285714,1.1285714,10.4,2.7571428,0.00024048984,0.014555857,0.0033439284,0.006605698,0.0081583,True
1995-03-13,550.63,0.9,2.0714285,8.357142,-2.957143,74.814285,1.1999999,1.1285714,1.3000001,10.085714,3.7428572,0.00016538799,0.013937175,0.003344076,0.0063974913,0.0013370402,True
1995-03-20,550.59,36.0,3.1000001,6.371429,0.057142925,81.28571,1.0714285,1.0285715,1.1857144,10.342857,4.1714287,0.0011623353,0.013149232,0.0019427141,0.0038547162,0.01258947,True
1995-03-27,550.59,15.0,4.214286,9.442857,-0.31428576,75.07143,1.3571428,1.3142856,1.6285714,10.714286,5.142857,0.0011844635,0.012593888,0.00486039,0.012698069,0.008312125,True
1995-04-03,550.58,18.5,2.7857144,6.8857145,-2.2714286,78.02857,1.2142857,1.1999999,1.5571429,10.857142,4.2,0.0012251437,0.013114534,0.008313088,0.020822532,0.018882737,True
1995-04-10,550.59,9.7,7.928571,13.257143,3.7428572,71.21429,1.8285713,1.5857142,2.142857,9.742857,10.157143,8.055568e-05,0.013816908,0.00018489928,0.00078981,0.00087234005,True
1995-04-17,550.6418725132758,15.400001,4.8857145,8.057143,2.1857142,82.74286,1.1142858,1.0714285,1.3571428,9.714286,6.8,0.0003260821,0.013693765,0.00028560843,0.0014944933,0.0013456903,False
1995-04-24,550.56,7.4,10.6285715,17.014286,4.871429,74.07143,2.3285716,2.0285714,2.5285716,9.685715,11.5,0.00026363134,0.013103731,3.9015496e-05,0.00037497655,0.0001662448,True
1995-05-01,550.5618616371929,52.6,10.257143,14.714286,6.928571,84.52857,1.5285714,1.457143,1.8285714,10.085714,12.914286,0.0010076612,0.012389451,-7.345365000000001e-25,2.7939677e-08,0.0,True
1995-05-08,550.615,10.3,13.6,20.642857,5.4857144,62.985718,3.5571427,2.957143,3.7142856,9.228572,17.414286,2.4348497e-05,0.01170373,-7.345365000000001e-25,3.7252903e-09,0.0,True
1995-05-15,550.66,63.300003,8.414286,12.642858,4.542857,77.685715,1.8571427,1.6999999,2.0857143,9.614285,12.557143,0.0037479103,0.011486895,5.1055635e-05,0.0002900064,0.0003644377,True
1995-05-22,550.78,16.1,9.5,14.042857,4.8142858,77.957146,1.9571428,1.8857143,2.457143,10.357142,12.814285,0.00033973157,0.010319933,8.185704e-06,7.579848e-05,0.0,True
1995-05-29,550.81,27.7,16.157145,22.100002,9.2,71.457146,3.2285714,2.7857144,3.6142857,9.585714,19.314285,0.0011082441,0.009817578,-7.345365000000001e-25,3.7252903e-09,0.0,True
1995-06-05,550.721907317043,86.8,11.900001,15.400001,9.485715,89.114296,1.5285714,1.5,1.9571428,11.014286,15.414286,0.008835688,0.020363413,-7.345365000000001e-25,3.7252903e-09,0.0,True
1995-06-12,551.015,63.9,11.342857,15.414286,8.257143,85.97143,1.6285713,1.6,2.1285713,11.085714,14.757143,0.0014983863,0.022392727,-7.345365000000001e-25,0.0,0.0,True
1995-06-19,551.67,51.2,13.342857,17.557142,9.485715,79.457146,2.2714286,2.2285714,2.8714287,10.842857,15.785714,0.0014862418,0.030654363,-7.345365000000001e-25,3.7252903e-09,0.0,True
1995-06-26,551.78,18.2,14.985715,19.514286,10.071428,78.04286,2.5714285,2.357143,3.1714287,10.028571,18.37143,0.00069101155,0.028341994,-7.345365000000001e-25,7.450581e-09,0.0,True
1995-07-03,551.68,12.0,19.142857,25.385715,12.542857,68.21429,4.1285715,3.3999999,4.6857142,9.014286,22.87143,0.00014555454,0.023330316,-7.345365000000001e-25,7.450581e-09,0.0,True
1995-07-10,551.61,0.0,19.814285,25.757143,12.771429,66.685715,3.7714286,2.8285713,4.6285715,8.528571,23.428572,8.672476e-06,0.018323533,-7.345365000000001e-25,3.7252903e-09,0.0,True
1995-07-17,551.54,10.9,20.128572,26.357143,15.157144,73.957146,3.4714286,3.0285716,4.4857144,8.414286,24.242857,0.00027868152,0.014300883,-7.345365000000001e-25,7.450581e-09,0.0,True
1995-07-24,551.42,4.1,20.600002,26.4,15.157144,73.5,3.3999999,2.7428572,4.157143,8.342857,24.085714,0.00081181526,0.011460319,-7.345365000000001e-25,1.4901161e-08,0.0,True
1995-07-31,551.32,26.300001,20.085714,26.157145,13.542857,71.62858,3.557143,2.8,4.2714286,8.342857,23.557142,0.0002977699,0.00940375,-7.345365000000001e-25,1.1175871e-08,0.0,True
1995-08-07,551.23,30.699999,19.828571,26.785715,12.314286,65.07143,3.5857143,2.3999999,4.3857145,7.5,24.657143,5.0634146e-05,0.007863291,-7.345365000000001e-25,7.450581e-09,0.0,True
1995-08-14,551.14,25.9,17.5,22.4,13.67143,81.64286,2.242857,1.9,2.6857142,7.9857144,20.814285,0.0005310923,0.006733589,-7.345365000000001e-25,1.1175871e-08,0.0,True
1995-08-21,551.04,15.0,16.757143,22.100002,12.1,79.34286,2.3,1.8714285,2.8428571,8.057143,20.3,0.00018116832,0.005893402,-7.345365000000001e-25,7.450581e-09,0.0,True
1995-08-28,550.95,46.6,16.414286,21.057144,13.642858,80.75714,2.142857,1.9285715,2.6714287,8.6285715,19.057142,0.005007446,0.0052518174,-7.345365000000001e-25,1.3038516e-08,0.0,True
1995-09-04,550.85,33.199997,9.914286,13.271429,7.6285715,85.14286,1.3142859,1.3000001,1.7142857,10.442857,12.242857,0.0005169809,0.004854627,-7.345365000000001e-25,3.7252903e-09,0.0,True
1995-09-11,550.77,4.6000004,12.714286,19.17143,7.285714,78.40001,1.6714284,1.6142857,2.3428571,9.742857,15.085714,0.00017152727,0.0046073943,-7.345365000000001e-25,7.450581e-09,0.0,True
1995-09-18,550.7,14.2,12.957144,17.485714,9.271429,86.07143,1.2285713,1.1714286,1.6571428,9.942857,15.471429,0.000116214156,0.0043997765,-7.345365000000001e-25,3.7252903e-09,0.0,True
1995-09-25,550.62,16.0,10.657143,14.742858,7.228572,86.700005,0.88571435,0.8714286,1.3142856,10.142858,13.1,0.0003565997,0.0042235404,-7.345365000000001e-25,5.5879354e-09,0.0,True
1995-10-02,550.56,15.6,9.171428,13.857142,5.442857,79.54286,1.0,0.9714286,1.5,10.257143,10.842857,0.0002927184,0.0040821433,-7.345365000000001e-25,5.5879354e-09,0.0,True
1995-10-09,550.48,1.2,14.185715,20.628572,9.742858,84.57143,1.0857142,0.9857143,1.4285715,9.957143,15.685715,6.890297e-05,0.003965199,-7.345365000000001e-25,0.0,0.0,True
1995-10-16,550.39,0.7,12.257143,15.314286,10.114286,92.799995,0.59999996,0.51428574,1.0,9.6285715,14.771428,3.6507845e-06,0.0038524047,-7.345365000000001e-25,3.7252903e-09,0.0,True
1995-10-23,550.34,2.6,8.685715,13.871429,4.9714284,85.685715,0.64285713,0.54285717,0.85714287,9.3714285,11.485714,4.2945147e-05,0.0037418455,-7.345365000000001e-25,1.8626451e-09,0.0,True
1995-10-30,550.28,15.6,10.114286,15.314286,5.714286,88.34286,0.6714286,0.5714286,0.8142857,9.271428,11.257143,0.00010590255,0.0036315247,-7.345365000000001e-25,0.0,0.0,True
1995-11-06,550.22,26.9,2.6571429,5.8857145,0.41428566,84.314285,0.34285712,0.34285712,0.59999996,10.642858,5.3142858,0.0003338158,0.003531605,0.0014456454,7.882342e-05,0.0042096283,True
1995-11-13,550.2032376702721,3.3999999,2.7142856,6.1285715,-0.58571434,90.84286,0.3,0.2857143,0.37142858,10.271428,3.4571428,8.0004334e-05,0.003456369,0.0021453586,0.004254224,0.0006203279,True
1995-11-20,550.2132766890343,51.8,3.1571429,6.014286,0.5,89.07143,0.3,0.3,0.44285712,11.1285715,4.357143,0.0022266507,0.0034119263,0.0021523351,0.00041775033,0.011106834,True
1995-11-27,550.18,0.0,-0.65714294,2.8285716,-3.7428572,91.52857,0.12857144,0.15714286,0.21428572,10.471429,1.0428572,0.00014325976,0.0034950823,0.007301546,0.0069314,2.4214387e-07,True
1995-12-04,550.19,10.5,1.0142857,3.1857145,-0.9714286,92.314285,0.08571429,0.08571429,0.2857143,10.328571,1.2428571,0.0003604889,0.0036551505,0.0040535983,0.0048004035,0.00544459,True
1995-12-11,550.17,0.5,-3.4,-1.8428571,-4.8857145,91.24286,0.014285714,0.0,0.2,10.271428,-0.3,2.9936433e-05,0.003936045,0.004422165,0.0013442468,0.0012180898,True
1995-12-18,550.14,10.2,-2.2285714,-1.0142857,-3.857143,91.94286,0.014285714,0.014285714,0.24285714,10.385715,-0.2,0.00019872189,0.0041682273,0.010704847,0.0037437826,0.010022871,True
1995-12-25,550.11,62.199997,4.285714,6.557143,1.7857143,91.71429,0.31428573,0.31428573,0.42857143,11.285714,1.6857142,0.0035542771,0.0064576045,0.0038192556,0.011675913,0.0019482188,True
1996-01-01,550.2469255101915,8.3,-4.5000005,-2.3714287,-6.571429,89.114296,0.0,0.0,0.21428572,11.083333,0.28333333,3.84748e-05,0.008243911,0.0098616965,0.0010850243,0.011082087,False
1996-01-08,550.385,4.4,-2.0571427,-0.057142872,-4.2714286,93.457146,0.042857144,0.042857144,0.2,10.328571,-0.2,0.00020778924,0.00986065,0.00951482,0.004547134,0.0004458949,True
1996-01-15,550.42,0.90000004,-0.37142855,1.7714287,-1.7428572,96.828575,0.12857144,0.14285715,0.17142858,10.285714,0.31428573,0.0001020059,0.009996995,0.0035118717,0.004493339,8.934736e-05,True
1996-01-22,550.37,0.1,-3.4428573,-1.8857143,-4.514286,93.614296,0.0,0.0,0.22857143,10.2,-0.7714286,1.4066696e-05,0.00986471,0.0013503404,0.0006568879,0.00013205782,True
1996-01-29,550.33,0.3,-4.414286,-3.1142857,-5.8857145,90.94286,0.0,0.0,0.3,10.2,-1.7,2.5317073e-05,0.009623975,0.0011219524,0.00011320971,0.00013417006,True
1996-02-05,550.28,2.6,-3.3285713,0.5285715,-6.5,80.457146,0.114285715,0.114285715,0.42857143,10.185715,-1.2142857,3.7148595e-05,0.009302251,0.0012603884,0.00042398646,0.0017354377,True
1996-02-12,550.24,6.5,-3.5285716,0.37142858,-7.8142858,84.44286,0.17142858,0.17142858,0.42857143,10.214286,-1.7142857,5.6520104e-05,0.008922309,0.0029127144,0.0012953095,0.0040010773,True
1996-02-19,550.19,22.0,-0.25714287,1.9714286,-1.6571429,87.957146,0.40000004,0.37142855,0.59999996,10.771428,0.08571429,0.00028761476,0.008511782,0.018998645,0.007107217,0.027329769,True
1996-02-26,550.15,0.90000004,-3.3714287,2.114286,-7.457143,74.957146,0.31428573,0.31428573,0.71428573,10.4,0.042857144,0.00020159781,0.008128993,0.02230293,0.010008531,0.0029573776,True
1996-03-04,550.11,2.9,-1.5142858,3.9,-5.4857144,77.41429,0.48571426,0.45714283,0.8428572,10.0,0.67142856,0.00019045919,0.007836372,0.007521113,0.008847995,0.004211709,True
1996-03-11,550.07,0.8,-0.6571428,3.4857144,-4.157143,74.685715,0.64285713,0.55714285,1.0285714,9.814285,0.75714284,0.00011652708,0.0076330975,0.0048240027,0.005659871,0.001254078,True
1996-03-18,550.03,0.2,-0.7428571,3.4714286,-4.8857145,82.64286,0.57142854,0.4857143,0.88571423,9.614285,1.4571428,5.0716102e-05,0.007427834,0.0013600815,0.0022398252,0.00041707605,True
1996-03-25,549.98,20.0,6.428571,12.085715,1.957143,83.37142,1.1428572,1.0714285,1.3857143,9.685715,6.5857143,0.00032147765,0.00717178,2.48523e-05,0.00013364293,0.0,True
1996-04-01,549.95,22.8,1.8857144,6.928571,-1.4142858,79.15715,1.0,0.9428572,1.2857143,10.214286,4.928571,0.00037017465,0.006937951,0.0031256392,0.0037184563,0.008595839,True
1996-04-08,549.9261746913187,5.1,3.0714285,7.914286,-1.0714285,81.98572,1.0142857,0.9285714,1.4142857,10.028571,5.0571427,0.00026154518,0.006768428,0.005492148,0.011828095,0.0090383515,False
1996-04-15,549.91,19.7,5.085714,9.985715,1.2428572,80.1,1.3142856,1.1857144,1.6,9.814285,8.285714,0.00034996867,0.0065881014,0.00090811367,0.003852155,0.0044228695,True
1996-04-22,549.89,0.0,11.485715,19.685715,2.157143,57.828575,3.2571428,2.5142858,3.2714286,9.028571,13.885715,2.1368265e-05,0.0063855946,0.00011356104,0.0007757358,-3.7252903e-09,True
1996-04-29,549.87,25.8,12.142858,17.357143,7.328572,75.84286,2.2714286,1.8000001,2.357143,8.157143,14.942857,0.00015804917,0.0060926154,-7.345365000000001e-25,2.9802322e-08,0.0,True
1996-05-06,549.88,4.8,10.285714,15.414286,5.3857145,76.042854,2.1285713,1.7428572,2.5,8.514286,13.8,0.000108644366,0.0058124512,-7.345365000000001e-25,0.0,0.0,True
1996-05-13,549.85,27.900002,9.414286,12.971429,6.2000003,87.52857,1.3999999,1.2142856,1.7857143,8.7,12.542857,0.0005567968,0.005494751,-7.345365000000001e-25,3.7252903e-09,0.0,True
1996-05-20,549.83,17.9,12.357142,16.785715,9.3,86.85714,1.8142856,1.7714287,2.3,10.014286,15.285714,0.00047059357,0.0052640215,-7.345365000000001e-25,3.7252903e-09,0.0,True
1996-05-27,549.83,34.3,12.371429,17.571428,7.928571,78.17143,2.5285714,2.442857,2.8857143,10.357142,15.285714,0.0006084591,0.0050649345,-7.345365000000001e-25,1.1175871e-08,0.0,True
1996-06-03,549.81,2.3,14.6285715,20.042858,8.414286,70.58572,2.9857142,2.6714284,3.5,10.042857,18.214285,0.00017127395,0.0048963875,-7.345365000000001e-25,0.0,0.0,True
1996-06-10,549.78,12.6,19.77143,26.514286,12.871429,68.07143,3.9285712,3.1714287,4.7285714,9.014286,23.157143,0.00017385185,0.0046968907,-7.345365000000001e-25,7.450581e-09,0.0,True
1996-06-17,549.75,0.0,17.514286,23.857143,9.8,62.17143,4.1714287,2.8428571,4.7000003,8.357142,23.142857,0.0001167953,0.0044347346,-7.345365000000001e-25,0.0,0.0,True
1996-06-24,549.73,48.4,14.014285,18.9,9.271429,75.17143,2.6571429,1.9571428,3.042857,8.4,17.957144,0.0011532456,0.0041439384,-7.345365000000001e-25,3.7252903e-09,0.0,True
1996-07-01,549.7,25.7,14.385715,19.585714,9.528572,73.07143,2.7285714,2.457143,3.357143,8.957143,17.557142,0.00019203126,0.0039512143,-7.345365000000001e-25,7.450581e-09,0.0,True
1996-07-08,549.68,61.7,14.414286,19.685715,10.342857,78.02857,2.5285714,2.3714287,3.0,9.428572,17.457144,0.002218604,0.004458055,-7.345365000000001e-25,1.1175871e-08,0.0,True
1996-07-15,549.68,18.5,16.671429,22.085714,10.8,77.200005,2.8714287,2.6285713,3.6857142,10.642858,19.385714,0.00075672567,0.004082456,-7.345365000000001e-25,7.450581e-09,0.0,True
1996-07-22,549.66,0.0,14.871429,21.657145,7.585714,64.057144,3.5857143,2.6714287,4.1857142,8.828571,21.314285,8.150935e-06,0.0039539635,-7.345365000000001e-25,7.450581e-09,0.0,True
1996-07-29,549.65,44.0,18.457144,25.0,12.557143,71.3,3.4428573,2.8571427,4.2428575,8.142858,22.0,0.0001873672,0.0037761256,-7.345365000000001e-25,7.450581e-09,0.0,True
1996-08-05,549.71,67.2,16.77143,22.928572,12.0,79.07143,2.9285715,2.457143,3.4714284,8.714286,21.27143,0.00033715367,0.0035890564,-7.345365000000001e-25,9.313226e-09,0.0,True
1996-08-12,549.7,62.1,17.142857,22.457144,12.871429,81.314285,2.3714287,2.1714284,2.9285715,9.442857,20.9,0.0011150092,0.003412716,-7.345365000000001e-25,3.7252903e-09,0.0,True
1996-08-19,549.77,8.6,15.957144,21.414288,11.114286,78.971436,2.2999997,2.085714,3.1285717,10.114285,18.842857,0.00013652444,0.0032782257,-7.345365000000001e-25,5.5879354e-09,0.0,True
1996-08-26,549.88,60.4,16.957144,22.357143,12.357142,79.62858,1.9999999,1.8285714,2.7285714,9.585714,20.37143,0.0006310493,0.003154993,-7.345365000000001e-25,0.0,0.0,True
1996-09-02,549.99,32.6,12.800001,17.242857,9.271429,80.828575,1.5285714,1.4571428,2.1571429,10.228572,16.12857,0.0014982596,0.0036780313,-7.345365000000001e-25,3.7252903e-09,0.0,True
1996-09-09,550.06,2.0,10.485715,15.985715,6.014286,77.38572,1.3857143,1.1857144,2.0428572,9.685715,14.157143,7.472932e-05,0.0030691847,-7.345365000000001e-25,3.7252903e-09,0.0,True
1996-09-16,550.09,28.400002,9.442858,14.17143,5.642857,78.314285,1.2285715,1.1428572,1.8285713,9.8714285,12.342857,0.00050887465,0.0030413046,1.7029899e-07,3.758818e-06,3.6098063e-06,True
1996-09-23,550.1,10.4,9.157143,12.914286,5.371429,84.442856,0.8285714,0.75714284,1.3714286,9.842857,11.4,6.129593e-05,0.003079839,-7.345365000000001e-25,7.450581e-09,0.0,True
1996-09-30,550.1,0.5,9.785714,15.742858,4.8285713,78.442856,1.0,0.92857134,1.6714286,9.9,11.342857,0.00012205541,0.0031156987,-7.345365000000001e-25,1.8626451e-09,0.0,True
1996-10-07,550.09,12.0,8.471429,13.057143,4.585715,84.35714,0.81428576,0.7571429,1.3000001,9.9,10.8,0.00020489097,0.0031002313,-7.345365000000001e-25,7.450581e-09,0.0,True
1996-10-14,550.09,2.9,9.67143,14.657144,6.1714287,84.25715,0.67142856,0.61428577,1.0428572,9.757143,11.157143,1.8000603e-05,0.0030831993,-7.345365000000001e-25,1.8626451e-09,0.0,True
1996-10-21,550.11,51.9,7.9857144,11.257143,4.6714287,89.1,0.5714286,0.5714286,0.9,10.771428,9.1285715,0.0012625903,0.0030765757,-7.345365000000001e-25,7.450581e-09,0.0,True
1996-10-28,550.15,10.400001,6.728572,11.385714,2.4428573,86.72858,0.6857143,0.6857143,0.8142857,10.642858,8.228572,0.00012685359,0.0034062713,-7.345365000000001e-25,1.8626451e-09,0.0,True
1996-11-04,550.17,7.2,7.6,12.457143,3.7,80.700005,0.7714285,0.7714286,0.9714286,10.3714285,7.7285714,0.00028914213,0.003827557,-7.345365000000001e-25,3.7252903e-09,0.0,True
1996-11-11,550.17,7.8,6.3714285,10.842857,2.5285716,80.91429,0.61428577,0.59999996,0.78571427,10.4,6.114286,0.0001975298,0.004159063,-7.345365000000001e-25,3.7252903e-09,0.0,True
1996-11-18,550.16,24.1,3.3714287,6.042857,1.5285714,93.65715,0.24285717,0.22857144,0.35714287,10.8714285,4.1,0.00058571994,0.00447537,0.0009905668,0.001919955,0.0060375296,True
1996-11-25,550.13,12.5,0.27142859,3.5714285,-2.7714288,85.85714,0.35714284,0.35714284,0.3857143,10.557143,1.6285714,0.00019986928,0.00505656,0.0053644804,0.0037136003,0.008674432,True
1996-12-02,550.15,25.8,0.4714286,2.0285716,-1.0285714,91.6,0.24285714,0.24285714,0.3,11.142858,0.75714284,0.00043092668,0.0056313053,0.021750456,0.0076674707,0.0323933,True
1996-12-09,550.2,0.0,-1.1571429,1.7428572,-2.7857144,91.94286,0.114285715,0.114285715,0.14285715,10.514286,0.55714285,0.00022016466,0.0062336773,0.027782695,0.009102328,0.00019835308,True
1996-12-16,550.24,7.7,-0.67142856,1.6857144,-2.5857143,94.5,0.1,0.1,0.15714286,10.328571,0.14285715,0.00050812215,0.0069028884,0.018264981,0.011913106,0.0007301122,True
1996-12-23,550.2089089609709,43.6,0.9142858,3.642857,-1.3142856,95.40001,0.08571429,0.08571429,0.22857143,10.814285,0.6142857,0.0009620786,0.008381978,0.005944252,0.010053955,0.008212842,False
1996-12-30,550.2518415982051,4.3,-11.457144,-8.642858,-14.057143,87.22857,0.0,0.0,0.12857142,10.757143,-0.18571429,2.9802322e-08,0.01101841,0.013125658,0.0,0.0028344877,True
1997-01-06,550.2674667452097,0.8,-7.142857,-5.6142855,-9.271429,90.40001,0.0,0.0,0.18571427,10.3,-0.2,2.8312206e-07,0.011811562,0.015403572,0.0,0.0029273294,False
1997-01-13,550.295,0.2,-5.8714285,-4.0,-7.1857147,93.42857,0.0,0.0,0.15714286,10.3,0.0,7.31647e-06,0.01160647,0.016419536,0.00031947158,0.00020666048,True
1997-01-20,550.26,0.3,-4.3857145,0.9,-9.228571,89.9,0.11428572,0.10000001,0.15714286,10.214286,0.057142857,0.0002284646,0.01116132,0.011937107,0.008241668,6.7379326e-05,True
1997-01-27,550.23,0.3,0.7,2.7571428,-0.88571435,94.48572,0.14285715,0.14285715,0.2857143,10.2,0.22857143,0.00014194846,0.0106141195,0.0036975485,0.0063858666,0.00028467923,True
1997-02-03,550.19,0.0,-2.4714286,-0.1285714,-4.0285716,90.685715,0.10000001,0.08571429,0.31428573,10.114285,-0.042857144,1.4454126e-05,0.010090947,0.0011586065,0.00072517805,0.00014074147,True
1997-02-10,550.17,1.8000001,1.5571429,7.7571435,-2.8,77.057144,0.71428573,0.67142856,0.7571429,10.0,0.8857143,8.8237226e-05,0.009575956,0.00041615395,0.00082849525,0.0001713708,True
1997-02-17,550.16,28.4,2.6571429,6.8428574,-0.24285714,87.11428,0.7571429,0.74285716,0.7,10.614285,2.6571429,0.000864923,0.009064101,0.0026464972,0.0049174204,0.009436987,True
1997-02-24,550.18,11.3,5.5,10.071428,1.0,73.01429,1.1571429,1.1285715,1.2714285,10.457143,4.242857,0.0005888045,0.008758917,0.0015508959,0.00512439,0.0011689961,True
1997-03-03,550.22,17.4,7.357143,12.857142,2.9285715,75.92857,1.3714286,1.3000001,1.4428571,10.485714,6.6714287,0.0010695457,0.0085795745,0.00042620726,0.0017768815,0.0017708279,True
1997-03-10,550.23,4.6,6.014286,11.457144,2.2285714,82.48572,1.0,0.94285715,1.1,10.185715,7.2285714,0.00017166883,0.008472927,4.0304094e-06,2.6999041e-05,0.0,True
1997-03-17,550.22,3.6,7.614286,13.114286,2.757143,77.57143,1.3428572,1.1571429,1.4571428,9.642858,8.557143,0.00012324005,0.008290328,-7.345365000000001e-25,8.940697e-08,0.0,True
1997-03-24,550.19,17.3,3.457143,8.585714,0.15714288,83.87144,0.9571429,0.88571423,1.0714285,9.9,5.5142856,0.000407584,0.008072875,0.0011933645,0.0032952167,0.0039771423,True
1997-03-31,550.1764894672948,18.4,5.3142858,9.400001,1.7428571,81.72857,1.1428572,1.1285714,1.4,10.257143,6.6285715,0.00092066824,0.007889293,0.00076665764,0.0028179735,0.002969876,False
1997-04-07,550.155,11.5,5.914286,11.642858,0.5857143,68.6,1.9714285,1.8142855,2.0428572,9.9,8.528571,0.00030468404,0.0077288,0.0001292399,0.0009503905,0.00014035031,True
1997-04-14,550.1,3.3,5.7714286,12.800001,-1.3285714,63.11429,2.1857142,1.8714286,2.3428571,9.485714,8.942857,9.1806054e-05,0.0075134486,3.704003e-05,0.00013994239,0.00014089048,True
1997-04-21,550.05,3.6,2.8428571,8.657143,-1.1285715,71.314285,1.7,1.3714285,1.8999999,8.971429,7.785714,0.00015725195,0.0072514787,0.0008010864,0.0022288524,0.004581347,True
1997-04-28,550.01,18.2,8.3,13.842857,2.5714285,66.77143,2.2142856,1.8857142,2.457143,8.757143,10.914286,0.0002682805,0.0069260746,0.00044744354,0.0019501299,2.8394163e-05,True
1997-05-05,549.98,9.5,11.057143,17.428572,6.0285716,77.25714,2.4571426,2.1571429,2.6285713,9.2,13.671429,0.00047431886,0.006621547,-7.345365000000001e-25,1.0430813e-07,0.0,True
1997-05-12,549.94,12.8,8.785714,15.614286,3.0142858,75.0,2.242857,1.957143,2.542857,8.942857,12.1285715,0.00015629828,0.006346427,3.7352245e-06,2.6304275e-05,2.6367605e-05,True
1997-05-19,549.9274964449921,1.3000001,17.514286,25.128572,9.971429,67.25715,3.3999999,2.5428574,4.0857143,8.142858,20.471428,0.00011113286,0.006003201,-7.345365000000001e-25,1.1175871e-08,0.0,False
1997-05-26,549.885,7.9,12.685715,18.07143,7.514286,68.54286,2.8285716,2.1571429,3.1714287,7.7714286,16.62857,0.00015728176,0.00561706,-7.345365000000001e-25,0.0,0.0,True
1997-06-02,549.82,0.8,11.5,16.97143,5.142857,62.385715,3.2857144,1.7857143,3.4142857,6.8,16.77143,1.9222498e-06,0.0051910877,-7.345365000000001e-25,0.0,0.0,True
1997-06-09,549.78,33.1,16.2,22.142857,10.842857,77.971436,3.2428572,2.0857143,3.4285715,6.785714,20.028572,0.0003751889,0.004781194,-7.345365000000001e-25,0.0,0.0,True
1997-06-16,549.74,28.5,17.485714,23.7,12.2,74.48572,3.4142857,2.5714285,3.5857143,6.8142858,21.685715,0.00020799041,0.00437817,-7.345365000000001e-25,3.7252903e-09,0.0,True
1997-06-23,549.71,58.5,12.442858,16.757143,9.471429,82.92857,2.3,2.2428572,2.5714285,7.9857144,16.742857,0.0022925884,0.004066162,-7.345365000000001e-25,7.450581e-09,0.0,True
1997-06-30,549.71,40.4,14.057143,18.285715,10.942858,83.98572,2.3,2.2857144,2.5714285,9.6285715,17.27143,0.005753845,0.0062287822,-7.345365000000001e-25,7.450581e-09,0.0,True
1997-07-07,549.71,62.0,14.642858,18.914288,11.1285715,80.77143,2.2142859,2.1857142,2.7142856,10.3714285,17.77143,0.0017208904,0.004766427,-7.345365000000001e-25,7.450581e-09,0.0,True
1997-07-14,549.74,8.4,17.042858,24.2,10.914286,75.814285,3.0571427,2.8285713,3.8857143,9.814285,21.171429,0.0002611354,0.0050979108,-7.345365000000001e-25,7.450581e-09,0.0,True
1997-07-21,549.76,30.199999,15.285714,19.942858,11.457144,84.557144,2.2714286,2.1857142,2.642857,10.414286,19.014286,0.003965318,0.006319143,-7.345365000000001e-25,7.450581e-09,0.0,True
1997-07-28,549.76,8.6,16.942858,22.271427,11.928572,78.62858,2.7428572,2.614286,3.4142857,10.171429,20.671429,0.00050245225,0.0067641363,-7.345365000000001e-25,7.450581e-09,0.0,True
1997-08-04,549.73,8.099999,16.814287,22.714285,11.257143,78.64286,2.6,2.2285714,3.1857142,9.485714,20.642857,0.00026863813,0.007304661,-7.345365000000001e-25,3.7252903e-09,0.0,True
1997-08-11,549.69,0.8,19.142857,25.557144,13.271429,73.6,3.1571429,2.5285714,3.7285714,8.828571,23.085714,0.00030356646,0.007170014,-7.345365000000001e-25,1.1175871e-08,0.0,True
1997-08-18,549.66,0.1,19.042858,25.67143,13.185715,72.67143,2.857143,2.0571427,3.6571429,8.0,23.557142,6.0610473e-05,0.006780803,-7.345365000000001e-25,3.7252903e-09,0.0,True
1997-08-25,549.64,0.1,19.300001,27.571428,11.871429,70.08572,2.7857146,1.8000001,3.6000001,7.6285715,23.414286,8.8736415e-06,0.0063267946,-7.345365000000001e-25,0.0,0.0,True
1997-09-01,549.62,24.7,16.685715,23.34286,12.17143,80.27143,2.2,1.8714285,2.8,8.314285,20.12857,0.0003342405,0.0058425516,-7.345365000000001e-25,1.4901161e-08,0.0,True
1997-09-08,549.62,19.2,16.97143,22.34286,12.642858,81.08571,1.8428571,1.5142858,2.357143,8.414286,20.528572,0.00022280216,0.0054198653,-7.345365000000001e-25,1.8626451e-09,0.0,True
1997-09-15,549.61,17.099998,12.771429,20.100002,7.014286,76.971436,1.8714286,1.5285714,2.3285713,8.514286,17.042856,0.00012421608,0.0050151646,-7.345365000000001e-25,3.7252903e-09,0.0,True
1997-09-22,549.6,2.7,12.314286,20.314287,5.7714286,77.17143,1.6999999,1.3142859,2.0714285,8.257143,16.4,3.1903386e-05,0.0046469197,-7.345365000000001e-25,1.8626451e-09,0.0,True
1997-09-29,549.58,0.0,11.142858,19.7,4.1285715,76.57143,1.4571428,0.9571429,1.8714285,7.785714,15.3,5.9604645e-08,0.004309118,-7.345365000000001e-25,3.7252903e-09,0.0,True
1997-10-06,549.57,0.0,12.414286,19.942858,6.585714,74.38572,1.2428571,0.8714286,1.8142856,7.5571427,14.771428,2.090633e-05,0.003998585,-7.345365000000001e-25,5.5879354e-09,0.0,True
1997-10-13,549.57,50.3,12.285714,16.914286,8.942858,79.78571,1.1285714,0.9714286,1.6285714,8.442857,13.6285715,0.0007586479,0.0037153438,-7.345365000000001e-25,9.313226e-09,0.0,True
1997-10-20,549.56,11.0,6.7999997,9.714286,4.642857,93.65714,0.5142857,0.5,0.7,10.1285715,8.814285,0.00018552691,0.0035140514,1.4100756e-05,8.137897e-05,7.973984e-05,True
1997-10-27,549.56,0.70000005,3.2857144,7.2571435,0.37142855,85.32857,0.41428572,0.3571429,0.62857145,9.571428,6.0,9.357929e-06,0.0033703968,7.0106416e-06,2.199784e-06,0.00010909513,True
1997-11-03,549.55,0.0,-0.028571436,6.871429,-4.6857147,72.328575,0.54285717,0.45714286,0.7285714,9.385715,2.4,8.493662e-07,0.003246002,6.8068504e-05,5.826913e-05,1.6391277e-07,True
1997-11-10,549.54,5.7,5.957143,11.971429,1.8428572,82.87144,0.5428571,0.4857143,0.59999996,9.357142,6.0285716,1.54078e-05,0.0031277314,6.70978e-06,2.5693327e-05,0.0,True
1997-11-17,549.53,8.5,3.5571427,6.828572,0.82857144,87.97143,0.2857143,0.27142859,0.44285712,9.757143,4.428571,0.00012369454,0.0030193478,2.134414e-06,7.7188015e-06,8.028001e-06,True
1997-11-24,549.51,0.6,1.1285714,3.5714285,-1.1714287,90.28571,0.15714288,0.15714288,0.31428573,9.828571,1.7,4.1261315e-05,0.0029208437,1.3078962e-05,2.328679e-05,5.035475e-05,True
1997-12-01,549.5,3.0,2.4857144,4.6571426,0.15714288,92.78571,0.20000002,0.18571429,0.27142859,9.8714285,2.642857,8.5264444e-05,0.0028306916,2.784956e-05,6.338768e-05,0.0002650991,True
1997-12-08,549.48,15.999999,-1.4857143,0.8714286,-3.957143,90.90001,0.057142857,0.057142857,0.21428572,10.442857,0.6571429,4.402548e-05,0.0027513504,0.0076194205,0.0024654102,0.009909108,True
1997-12-15,549.5,39.600002,3.0714285,5.657143,0.8142857,89.40001,0.3285714,0.3285714,0.3857143,11.071428,2.7285714,0.0012791753,0.002685301,0.0031335978,0.00790048,0.009093095,True
1997-12-22,549.51,40.6,-1.2,0.5285715,-3.2142856,92.0,0.071428575,0.071428575,0.18571427,10.957143,0.35714287,0.0015487671,0.003172785,0.008301423,0.007313028,0.011091795,True
1997-12-29,549.54,10.7,3.9428575,6.2428575,1.542857,86.64286,0.38571426,0.38571426,0.5285714,10.757143,2.442857,0.0005031377,0.0029974207,0.0039478936,0.013569608,0.004352104,True
1998-01-05,549.57,21.2,3.557143,6.9714284,-0.07142859,79.01429,0.15,0.15,0.6571428,10.4,0.55,0.0002642721,0.00368841,0.0019614752,0.0039308593,9.36538e-06,True
1998-01-12,549.58,3.0,3.3714287,9.842857,-0.4,78.3,0.6428572,0.62857145,0.55714285,10.385715,2.7428572,7.413328e-05,0.0042669773,4.3233234e-05,0.00026152283,6.4287335e-05,True
1998-01-19,549.58,10.099999,2.057143,5.571429,-1.8000001,86.17143,0.45714286,0.45714286,0.41428572,10.342857,1.6571429,0.00026749074,0.0046793297,0.00036355428,0.00089984015,0.0030533634,True
1998-01-26,549.56,8.6,-2.2285714,-0.59999996,-3.3285713,87.98572,0.071428575,0.071428575,0.35714287,10.7,0.35714287,1.5199184e-06,0.0049423873,0.010405949,0.0,0.011918291,True
1998-02-02,549.59,0.0,-4.8857145,-2.2571428,-7.114286,86.1,0.0,0.0,0.2857143,10.3,-0.3857143,3.1501055e-05,0.00512816,0.011410049,0.0015289951,0.00033654273,True
1998-02-09,549.6,0.0,-2.7857144,3.4714284,-8.257143,77.75715,0.35714287,0.32857147,0.47142857,10.171429,-0.7285714,0.000105679035,0.005201839,0.0076735984,0.005115105,0.0005789064,True
1998-02-16,549.59,0.0,5.357143,13.585714,-0.7285715,72.57143,1.0,0.84285706,1.0714285,9.814285,2.0285714,8.5778534e-05,0.005193606,0.0012318577,0.004211575,0.0,True
1998-02-23,549.57,14.2,4.928571,11.585714,0.4,81.41429,0.87142855,0.7571429,0.94285715,9.642858,5.285714,0.00030584633,0.005142249,6.6592576e-05,0.00034775957,0.00060493127,True
1998-03-02,549.55,11.3,4.7428575,8.171429,1.7142857,82.98572,0.81428576,0.7714286,0.9285714,10.085714,5.2,0.00018906593,0.0050929636,0.00078714464,0.0024413206,0.0039409027,True
1998-03-09,549.55,28.6,6.6,11.557143,2.7142856,66.22857,1.6857144,1.6142857,1.9571428,10.357142,5.5142856,0.0006234199,0.005041167,0.00043206554,0.0017312262,0.0019645952,True
1998-03-16,549.55,20.7,2.0428572,5.071429,-1.1571429,81.65715,0.62857145,0.62857145,0.88571423,10.557143,2.9571428,0.00065633655,0.005382769,0.0016626517,0.004546862,0.004138548,True
1998-03-23,549.57,22.0,2.614286,5.928571,-0.14285718,77.28571,0.85714287,0.85714287,1.0857142,10.6,4.457143,0.00019575655,0.005920969,0.002542263,0.0021882951,0.019350812,True
1998-03-30,549.61,0.0,4.457143,11.1285715,-2.3999999,72.92857,1.4714286,1.3285714,1.6285714,10.171429,5.8714285,0.00038163364,0.006663233,0.00852775,0.016471729,0.00071179867,True
1998-04-06,549.68,7.4,9.857142,15.342857,5.614286,74.700005,1.6142857,1.4714285,2.0,9.542857,10.885715,0.00017891824,0.0069405735,1.4418647e-05,0.00013315864,0.0,True
1998-04-13,549.7,11.6,5.5285716,11.485715,1.8000001,77.67143,1.6285715,1.5142857,1.7428571,9.728572,8.314285,0.00041729212,0.006900184,0.0008745591,0.0029542055,0.008678991,True
1998-04-20,549.7,4.8,5.7571435,11.257143,0.5428571,68.84286,1.6428572,1.5285715,1.9857143,9.714286,7.1857142,0.00027304888,0.0067878664,0.0015805619,0.006036453,0.0005134456,True
1998-04-27,549.69,6.1,12.457143,18.457142,6.1,71.21429,2.4714284,2.142857,2.8142858,9.085714,14.271428,0.00015453994,0.0066415817,3.184591e-06,3.7148595e-05,0.0,True
1998-05-04,549.71,44.6,9.785714,13.971429,6.414286,81.1,1.7,1.5571429,2.0428572,9.457143,12.485714,0.0006709099,0.006465301,-7.345365000000001e-25,7.450581e-09,0.0,True
1998-05-11,549.75,1.6,14.814286,20.9,6.7714286,63.257145,3.2285714,2.5428574,3.742857,9.171429,17.042856,1.4275312e-05,0.006300904,-7.345365000000001e-25,3.7252903e-09,0.0,True
1998-05-18,549.74,0.9,14.614286,20.914288,7.8857145,61.642857,3.8428571,2.5571427,4.0,7.6571426,19.442858,3.4466386e-05,0.0059683323,-7.345365000000001e-25,3.7252903e-09,0.0,True
1998-05-25,549.71,4.7999997,12.442858,17.814287,6.514286,65.77143,2.6,1.3571428,3.1571429,6.9142857,16.685715,9.23723e-05,0.0055926368,-7.345365000000001e-25,0.0,0.0,True
1998-06-01,549.6633129629057,4.1,15.157144,21.100002,9.757143,71.700005,2.9714286,2.1428573,3.457143,6.857143,18.442858,0.00024397671,0.005201541,-7.345365000000001e-25,3.7252903e-09,0.0,False
1998-06-08,549.6800000000001,30.099998,19.457142,26.071428,13.17143,67.200005,3.642857,2.8857143,4.2285714,6.9857144,22.62857,0.00022383034,0.004773341,-7.345365000000001e-25,3.7252903e-09,0.0,True
1998-06-15,549.66,50.2,12.085714,17.614286,7.8142858,80.88572,2.2571428,2.1,2.6000001,9.028571,16.242857,0.001744777,0.00439889,-7.345365000000001e-25,3.7252903e-09,0.0,True
1998-06-22,549.64,8.2,17.27143,23.057144,11.428572,68.557144,3.5571427,2.9714286,4.157143,9.057143,20.014286,0.00011010468,0.004153654,-7.345365000000001e-25,1.1175871e-08,0.0,True
1998-06-29,549.62,23.1,18.785715,24.185715,13.757143,70.457146,3.357143,2.757143,3.9857144,8.185715,22.714285,0.00020394474,0.003881693,-7.345365000000001e-25,3.7252903e-09,0.0,True
1998-07-06,549.6,18.9,16.757143,21.457144,12.571428,73.8,2.642857,2.2142856,3.2142856,8.3,19.814285,0.0008504316,0.0036468655,-7.345365000000001e-25,7.450581e-09,0.0,True
1998-07-13,549.57,20.6,15.714286,20.7,11.800001,74.6,2.6857142,2.4285715,3.1000001,8.414286,17.62857,0.00046221912,0.0034559146,-7.345365000000001e-25,1.4901161e-08,0.0,True
1998-07-20,549.54,4.3,18.385714,24.142857,12.17143,67.0,3.4571426,2.7,4.1714287,7.9142857,20.62857,0.00013582408,0.0032680407,-7.345365000000001e-25,1.1175871e-08,0.0,True
1998-07-27,549.51,22.4,20.014286,25.714285,14.7,74.62858,3.1142857,2.4857142,3.6571426,7.5857143,23.257143,0.0017264038,0.0030669495,-7.345365000000001e-25,7.450581e-09,0.0,True
1998-08-03,549.5,19.9,17.500002,22.042858,13.971429,76.1,2.4142857,2.2571428,3.0857143,8.285714,19.671429,0.00024017692,0.00292667,-7.345365000000001e-25,9.313226e-09,0.0,True
1998-08-10,549.49,0.1,20.185715,27.585714,12.300001,64.58572,3.5714285,2.6714287,4.3142858,7.8714285,23.057142,2.8297305e-05,0.0027985126,-7.345365000000001e-25,5.5879354e-09,0.0,True
1998-08-17,549.47,5.5,21.242857,29.100002,13.785714,62.785713,3.6571426,2.2999997,4.3857145,6.785714,24.4,0.00015321374,0.0026307553,-7.345365000000001e-25,5.5879354e-09,0.0,True
1998-08-24,549.45,36.6,16.242857,21.47143,12.771429,76.51429,2.2571428,1.6999999,2.642857,6.9428573,19.442858,0.00068587065,0.0024815127,-7.345365000000001e-25,7.450581e-09,0.0,True
1998-08-31,549.44,0.9,12.371429,17.942858,6.9857144,72.200005,1.7857144,1.3571428,2.4285715,7.3285713,15.771428,3.4078956e-05,0.0023662895,-7.345365000000001e-25,3.7252903e-09,0.0,True
1998-09-07,549.41,38.3,15.342857,20.5,10.771429,84.25714,1.6142856,1.4571428,1.9571428,7.8714285,17.328571,0.0010632575,0.0022629127,-7.345365000000001e-25,3.7252903e-09,0.0,True
1998-09-14,549.4,63.6,13.014287,17.171429,10.014285,80.17143,1.5,1.4428571,1.9428571,9.742857,15.057143,0.0016838908,0.0025630519,-7.345365000000001e-25,3.7252903e-09,0.0,True
1998-09-21,549.38,16.3,10.057143,14.442857,6.571429,81.72857,1.3857144,1.3285714,1.5714285,10.514286,11.671429,0.00059209764,0.0024118572,-7.345365000000001e-25,3.7252903e-09,0.0,True
1998-09-28,549.36,8.6,11.671428,17.942858,7.142857,84.52857,1.2142857,1.0857142,1.5285714,9.785714,14.328571,3.7521124e-05,0.0026166812,-7.345365000000001e-25,5.5879354e-09,0.0,True
1998-10-05,549.34,30.199999,10.285714,13.842857,7.9000006,90.61428,0.6857143,0.6571428,1.0428572,10.571428,12.5,0.0004247427,0.0027771667,-7.345365000000001e-25,0.0,0.0,True
1998-10-12,549.33,23.1,9.328572,11.785714,7.2285714,87.24286,0.64285713,0.64285713,0.94285715,10.857142,10.328571,0.00053782016,0.0029671565,-7.345365000000001e-25,7.450581e-09,0.0,True
1998-10-19,549.32,12.9,10.17143,14.2,6.9714284,82.32857,0.8000001,0.8000001,1.1142857,10.414286,10.8,0.0003978759,0.0033464879,-7.345365000000001e-25,5.5879354e-09,0.0,True
1998-10-26,549.32,34.7,8.057143,12.771429,3.9714286,77.72858,1.0142857,0.9857143,1.1,10.585714,8.528571,0.0011613518,0.0038098767,-7.345365000000001e-25,5.5879354e-09,0.0,True
1998-11-02,549.37,42.1,7.1285715,10.757143,3.642857,79.07143,1.042857,1.042857,1.2571429,11.557143,6.7,0.0049903095,0.005779706,1.8080076e-05,0.0001251176,0.00012619048,True
1998-11-09,549.48,44.9,5.0142856,8.5,1.2571429,83.98572,0.5,0.5,0.67142856,11.228572,4.9428573,0.0017632842,0.011097282,5.258265e-05,0.00024468452,0.00023870356,True
1998-11-16,549.67,35.7,3.0285716,5.9,0.67142856,89.25714,0.34285712,0.34285712,0.41428572,11.314285,3.6142857,0.002785176,0.017697848,0.0015832583,0.002183454,0.01252526,True
1998-11-23,549.81,3.8000002,-5.1857142,-2.3285716,-8.1285715,85.51428,0.028571429,0.028571429,0.25714287,10.757143,0.31428573,9.171665e-06,0.018190637,0.011724949,0.00039217062,0.003367789,True
1998-11-30,549.93,9.8,-1.4428571,0.34285715,-3.4285715,90.74286,0.057142857,0.057142857,0.25714287,10.385715,-0.028571429,0.00011049211,0.01761207,0.012751313,0.0041413493,0.008635968,True
1998-12-07,550.03,14.3,-3.3857143,-2.0,-4.6571426,91.40001,0.0,0.0,0.27142859,10.471429,0.042857144,1.7911196e-05,0.01641436,0.018348899,0.000903897,0.016613614,True
1998-12-14,550.08,18.2,0.19999994,2.3999999,-3.6000001,87.64286,0.21428572,0.21428572,0.37142855,10.9,0.4857143,0.002875708,0.015638247,0.02510966,0.03584563,0.008284047,True
1998-12-21,550.1,3.1000001,1.4142857,6.371429,-1.6285714,83.72858,0.27142859,0.27142859,0.35714287,10.342857,1.2857143,9.459257e-05,0.014502794,0.0017413015,0.0024569985,0.002417244,True
1998-12-28,550.11,1.5,1.4000002,4.9714284,-2.5714285,76.75715,0.27142856,0.27142856,0.55714285,10.271428,0.55714285,7.1302056e-05,0.014235958,0.0033048901,0.003455611,0.0022949725,True
1999-01-04,550.11,2.1,1.257143,4.7428575,-1.8142859,88.48572,0.16666667,0.16666667,0.3285714,10.1,0.7,0.00012168288,0.013697542,0.0006614753,0.0012423173,4.613027e-05,True
1999-01-11,550.14,14.6,3.457143,7.7571425,0.8000001,82.828575,0.48571426,0.48571426,0.5714286,10.528571,2.642857,0.0003155023,0.012967266,0.00082964555,0.00020827912,0.005594533,True
1999-01-18,550.15,3.5,0.9142858,5.1142855,-2.9714284,76.17143,0.42857146,0.42857146,0.55714285,10.414286,0.78571427,0.0001354739,0.012299143,0.007998631,0.0062514246,0.00715255,True
1999-01-25,550.13,0.0,-0.1571429,6.3142858,-4.471429,83.47143,0.37142855,0.32857147,0.3857143,10.057143,0.5285714,8.4757805e-05,0.011667661,0.0026142427,0.004384905,6.7055225e-08,True
1999-02-01,550.11,27.1,-3.0857143,-0.0142857,-5.857143,85.47143,0.18571429,0.18571429,0.37142855,10.914286,0.7,0.00021574646,0.0110569,0.01670218,0.001385197,0.0270903,True
1999-02-08,550.08,27.7,0.0142857,1.8285714,-2.2714286,86.328575,0.35714287,0.35714287,0.5285714,10.728572,0.42857143,0.0006592944,0.010547146,0.02129221,0.016812352,0.020765796,True
1999-02-15,550.06,14.3,-7.3428574,-3.057143,-11.657144,87.17143,0.028571429,0.028571429,0.3285714,10.814285,0.114285715,0.0,0.0102566555,0.042746432,0.0,0.019793563,True
1999-02-22,550.3,63.5,1.4714286,3.3,-1.5857143,90.457146,0.41428572,0.41428572,0.5285714,11.271428,0.8428571,0.0052669644,0.01613015,0.041594647,0.04617159,0.0167852,True
1999-03-01,550.65,14.8,0.95714283,4.542857,-2.7142856,84.98572,0.5857143,0.5714286,0.7428571,10.914286,1.2142857,0.0005916804,0.022945203,0.020686178,0.018968035,0.009140231,True
1999-03-08,550.85,28.7,3.5428574,7.614286,1.1285714,81.314285,0.88571423,0.90000004,1.0142857,10.428572,3.8142858,0.001019083,0.02667214,0.0040518385,0.011920048,0.011615016,True
1999-03-15,550.98,12.5,6.7000003,12.514287,1.7285715,83.200005,1.0857143,1.0428572,1.1857144,10.714286,6.7285714,0.0005363375,0.025765575,0.0024940174,0.010677706,0.003236834,True
1999-03-22,551.14,11.5,2.357143,7.0285716,-1.1142857,79.42857,1.1,1.0142858,1.2285715,9.914286,4.9142857,0.00017410517,0.023422495,0.0005028986,0.0016832855,0.0024775825,True
1999-03-29,551.07,4.0,6.557143,11.314285,2.3857143,78.77143,1.2142857,1.1285715,1.4142857,10.014286,7.5285716,0.00027821958,0.020369314,0.0009088573,0.005015461,0.0042512044,True
1999-04-05,551.0277569297773,2.4,8.514286,14.5,3.2857144,75.9,1.6571429,1.4142858,1.8285714,9.557143,10.171429,0.00011508167,0.01755093,2.923466e-06,1.9710511e-05,0.0,False
1999-04-12,551.01,31.6,7.9,12.614286,3.6285713,78.54286,1.5142858,1.4857143,1.6571429,10.3,9.585714,0.00034345686,0.015074447,-7.345365000000001e-25,1.8626451e-09,0.0,True
1999-04-19,550.91,28.9,3.414286,7.5428576,0.85714287,84.114296,1.3571428,1.3571428,1.4285715,10.442857,6.071429,0.0005399585,0.013209447,0.0034050713,0.012052808,0.01422574,True
1999-04-26,550.88,5.6,9.6285715,14.657144,4.8142858,77.51429,2.1,2.0285714,2.2714286,10.257143,11.542857,0.00028042495,0.01193171,0.00037682056,0.0027042218,4.567206e-06,True
1999-05-03,550.86,1.9,13.157143,19.0,6.9000006,74.35714,2.7999997,2.3714287,2.957143,9.6285715,15.857142,0.00012373924,0.010894649,-7.345365000000001e-25,1.0244548e-07,0.0,True
1999-05-10,550.81,35.7,13.300001,17.842857,9.1,82.15714,2.142857,1.9571428,2.4428573,9.5,15.942857,0.0005129054,0.00990501,-7.345365000000001e-25,3.7252903e-09,0.0,True
1999-05-17,550.78,49.2,12.0,15.228571,8.714286,80.85714,1.9,1.8428574,2.0571427,11.014286,14.6,0.002896458,0.010887802,-7.345365000000001e-25,3.7252903e-09,0.0,True
1999-05-24,550.99,43.0,12.242858,16.385715,8.3714285,81.52857,2.0714285,2.0000002,2.4285715,10.714286,14.8,0.007094495,0.017709218,-7.345365000000001e-25,7.450581e-09,0.0,True
1999-05-31,551.1,3.7,18.97143,25.614286,11.614286,67.11429,4.071429,3.385714,4.4428573,9.557143,22.142857,0.00030833483,0.016753525,-7.345365000000001e-25,7.450581e-09,0.0,True
1999-06-07,551.09,49.0,15.471429,21.185715,11.142858,76.84286,3.1000001,2.9142857,3.3714287,9.485714,19.7,0.002485983,0.015512444,-7.345365000000001e-25,3.7252903e-09,0.0,True
1999-06-14,551.05,34.3,13.942858,18.2,9.5,79.62858,2.4285715,2.3285713,2.6857142,10.314285,17.528572,0.0013308525,0.014385775,-7.345365000000001e-25,7.450581e-09,0.0,True
1999-06-21,551.03,36.6,14.042857,18.742857,9.271429,74.88572,2.5571427,2.357143,3.142857,9.9,17.971428,0.0007788688,0.013495401,-7.345365000000001e-25,7.450581e-09,0.0,True
1999-06-28,551.0,11.2,14.400001,20.328571,8.357142,70.685715,3.1857142,2.914286,3.5571427,9.671429,18.385714,0.0001899898,0.012413524,-7.345365000000001e-25,0.0,0.0,True
1999-07-05,550.93,4.4,20.27143,26.828571,12.942858,67.64286,4.2000003,3.5,4.6285715,8.814285,23.328571,0.00018289685,0.011215575,-7.345365000000001e-25,7.450581e-09,0.0,True
1999-07-12,550.87,59.5,15.942858,19.17143,14.028572,90.01429,1.8,1.7857141,1.9142857,9.757143,18.971428,0.0029290244,0.010077544,-7.345365000000001e-25,1.1175871e-08,0.0,True
1999-07-19,550.82,22.599998,17.942858,23.742857,12.657144,74.28571,3.442857,3.2142856,3.7857144,10.485714,21.2,0.0031019598,0.00979878,-7.345365000000001e-25,7.450581e-09,0.0,True
1999-07-26,550.79,18.3,16.571428,21.585714,11.328572,75.07143,2.8714287,2.4857144,3.3142858,9.685715,20.27143,0.00018210709,0.009036854,-7.345365000000001e-25,7.450581e-09,0.0,True
1999-08-02,550.74,0.0,18.714285,25.02857,11.67143,63.828575,3.742857,2.7857146,4.214286,8.542857,22.757143,6.467104e-06,0.00843329,-7.345365000000001e-25,1.1175871e-08,0.0,True
1999-08-09,550.7,12.799999,19.785715,25.928572,14.385715,76.14286,3.0714285,2.5714285,3.642857,7.857143,23.3,0.00022873282,0.0076835826,-7.345365000000001e-25,1.1175871e-08,0.0,True
1999-08-16,550.64,37.6,15.457144,19.9,12.228572,80.12858,2.0571427,1.8714286,2.5714285,8.8,18.62857,0.002719447,0.0070666075,-7.345365000000001e-25,3.7252903e-09,0.0,True
1999-08-23,550.58,12.9,15.242858,20.87143,10.414286,73.52857,2.4285715,2.0714288,2.957143,8.9,18.614286,6.8604946e-05,0.006620884,-7.345365000000001e-25,3.7252903e-09,0.0,True
1999-08-30,550.53,8.900001,16.714285,21.785715,12.828572,84.40001,1.8714285,1.5285714,2.3,8.557143,20.085714,0.00041539967,0.006215796,-7.345365000000001e-25,7.450581e-09,0.0,True
1999-09-06,550.49,3.3,15.571428,21.27143,9.642858,75.24286,2.0571427,1.6285714,2.8142858,8.314285,18.671429,1.951307e-05,0.005844727,-7.345365000000001e-25,3.7252903e-09,0.0,True
1999-09-13,550.44,2.0,17.242857,25.0,10.3,74.57143,2.3428571,1.7142859,3.0285716,7.8428574,20.142857,1.744926e-05,0.005451001,-7.345365000000001e-25,1.1175871e-08,0.0,True
1999-09-20,550.38,7.5,16.071428,22.385715,11.428572,79.21429,1.6428572,1.1142856,2.1142857,7.3714285,18.857143,9.433925e-05,0.0050451756,-7.345365000000001e-25,7.450581e-09,0.0,True
1999-09-27,550.34,29.3,15.328572,2.9285715,11.485715,81.1,1.4999999,1.2714285,1.8428571,8.057143,17.3,0.0006156191,0.004684955,-7.345365000000001e-25,3.7252903e-09,0.0,True
1999-10-04,550.26,36.6,11.514285,8.642858,8.971429,84.5,1.1142857,1.0857142,1.5,9.614285,12.971429,0.001236558,0.0044344813,-7.345365000000001e-25,1.1175871e-08,0.0,True
1999-10-11,550.19,9.6,8.242857,12.814286,4.714286,83.828575,0.7714286,0.7285714,1.1428572,9.642858,10.185715,0.00015138835,0.0043280646,-7.345365000000001e-25,3.7252903e-09,0.0,True
1999-10-18,550.13,0.3,6.1142855,11.885715,2.3142858,81.98572,0.7,0.61428577,0.94285715,9.2,9.314285,4.8726797e-06,0.004266754,-7.345365000000001e-25,5.9604645e-08,1.6391277e-07,True
1999-10-25,550.08,4.4,6.8142858,10.985715,2.5142858,84.57143,0.61428577,0.5142857,0.78571427,9.028571,7.957143,0.00020871311,0.0041977316,-7.345365000000001e-25,9.49949e-08,0.0,True
1999-11-01,550.1584344521115,17.2,10.285714,16.385715,5.3428574,82.08572,0.8285714,0.8142857,0.9714286,9.314285,10.457143,0.00031077862,0.0041293725,-7.345365000000001e-25,5.5879354e-09,0.0,True
1999-11-08,549.99,18.9,6.9857144,10.271429,4.7000003,86.62858,0.42857146,0.42857146,0.64285713,9.942857,7.7285714,0.00034365058,0.0040768534,5.1089696e-08,0.0,8.843839e-06,True
1999-11-15,549.97,46.0,1.1857144,2.2571428,0.3285714,93.35714,0.18571429,0.18571429,0.35714287,10.914286,2.7571428,0.0009801239,0.004521854,0.0061228503,0.008799532,0.015770525,True
1999-11-22,549.94,14.5,-2.3999999,-0.38571432,-4.1285715,85.35714,0.057142857,0.057142857,0.37142855,10.471429,0.55714285,2.0682812e-05,0.005230844,0.013504244,0.0008299053,0.015641067,True
1999-11-29,549.9,8.700001,-1.2714285,3.2714288,-4.1714287,87.200005,0.18571429,0.18571429,0.3,10.6,0.42857143,0.00013664365,0.0058043897,0.03253447,0.006836241,0.01563814,True
1999-12-06,549.88,19.7,1.957143,4.9428573,-1.2428571,80.700005,0.35714287,0.35714287,0.62857145,10.528571,1.5285715,0.0013791844,0.006974578,0.011435668,0.02636551,0.0050497577,True
1999-12-13,549.88,7.2,3.8285716,6.557143,1.057143,79.057144,0.55714285,0.55714285,0.7571429,10.457143,2.6,0.00038900226,0.008674182,0.0019076495,0.005879516,0.001180999,True
1999-12-20,549.9,45.1,-1.1285715,1.7428572,-4.1142855,87.14286,0.12857144,0.12857144,0.37142858,11.242857,0.62857145,0.0035155565,0.013807438,0.0088644875,0.0081321355,0.020633973,True
1999-12-27,549.98,35.9,-1.8142859,1.9285713,-6.2000003,86.18572,0.45714286,0.45714286,0.41428572,11.1,0.8,0.0016994402,0.017344393,0.010722444,0.00982929,0.0056170747,True
2000-01-03,550.1,9.3,-0.6571428,0.9285714,-2.2285714,90.58572,0.075,0.075,0.32857147,11.4,0.4,0.00015152246,0.019810647,0.018997176,0.00428785,0.015141856,True
2000-01-10,550.22,8.9,1.4285715,3.8285713,-1.0000001,92.67143,0.21428575,0.21428575,0.3,10.3,1.1571429,0.0005466491,0.019871831,0.0074045374,0.014500422,0.00095457956,True
2000-01-17,550.27,1.9,-2.5857143,-0.3285714,-4.8,89.72858,0.071428575,0.071428575,0.27142859,10.285714,-0.114285715,3.1530857e-05,0.019305222,0.0039049103,0.0010350328,0.0016572885,True
2000-01-24,550.3,23.800001,-2.3142858,0.5142857,-4.1857142,87.21429,0.20000002,0.20000002,0.47142857,10.642858,0.1,0.00013236701,0.018255048,0.011348213,0.0014781766,0.019000929,True
2000-01-31,550.28,1.8,-3.5285716,1.0,-9.085714,82.8,0.4714286,0.4714286,0.61428577,10.528571,0.74285716,0.0020286888,0.017316453,0.015956799,0.018746385,6.593764e-05,True
2000-02-07,550.4,10.9,4.471429,8.928572,0.59999996,77.52857,0.7,0.68571424,0.8,10.3714285,3.2571428,0.0002709329,0.015935287,0.0003306241,0.0011427794,6.630272e-05,True
2000-02-14,550.46,37.1,3.1857145,6.614286,0.48571426,82.614296,0.7571429,0.7571429,0.81428576,10.728572,3.1285715,0.0014429837,0.015466556,0.0011719124,0.0030321889,0.004958093,True
2000-02-21,550.55,25.1,1.0714285,3.7857144,-1.1285715,86.08572,0.5285714,0.5285714,0.67142856,11.1,1.8714286,0.00086274743,0.016473047,0.0057183164,0.007116968,0.016689427,True
2000-02-28,550.67,12.4,3.4285715,8.328572,-1.1,77.41429,0.88571423,0.88571423,1.0142857,10.5,3.3857143,0.0005168393,0.019037724,0.0044170674,0.010512374,9.910762e-05,True
2000-03-06,550.71,17.800001,2.4,6.8857145,-0.34285715,75.78571,1.0,1.0,1.1571429,10.557143,3.6142857,0.00056851655,0.019356728,0.00075208006,0.0017497605,0.002473276,True
2000-03-13,550.71,6.0,7.0285716,11.385715,3.1000001,73.34286,1.3714286,1.2714285,1.5857143,10.1,6.6571426,0.0003112182,0.018869735,0.000112334885,0.00065543875,0.0,True
2000-03-20,550.72,35.8,3.9714284,6.5,1.2857143,83.78571,0.88571423,0.88571423,0.94285715,10.757143,4.8142858,0.0019484013,0.020100914,0.0011830273,0.005289629,0.005881995,True
2000-03-27,550.74,25.7,6.157143,12.300001,1.3714286,77.22858,1.4,1.3000001,1.6142857,10.157143,8.271428,0.0003145784,0.022598602,0.00020322346,0.0009998959,0.0015151277,True
2000-04-03,550.86,23.0,4.7999997,9.542857,0.61428577,79.200005,1.3857144,1.3428571,1.3857143,10.657143,6.2714286,0.00064536184,0.021488972,0.0020445075,0.008382136,0.007667605,True
2000-04-10,551.01,17.1,6.0285716,11.971429,0.22857144,69.12858,1.9,1.7142859,1.9857142,10.157143,9.228572,0.00029279292,0.019998387,0.00020889442,0.0009235628,0.0007360019,True
2000-04-17,551.06,24.4,7.114286,12.571428,3.1857142,79.114296,1.6999999,1.6571429,1.7714285,10.057143,9.714286,0.00048682094,0.018202052,7.291635e-05,0.00065811165,0.00064053386,True
2000-04-24,551.03,4.6,11.385715,17.7,4.857143,72.0,2.3428571,2.0428574,2.4714286,9.642858,13.657143,0.00029824674,0.016326115,1.1353266e-07,1.5087426e-06,0.0,True
2000-05-01,550.9788046168435,9.1,13.957144,20.128572,7.6857147,75.200005,2.442857,2.0142858,2.7142856,9.028571,16.557142,0.0004169196,0.0143353045,-7.345365000000001e-25,3.7252903e-09,0.0,False
2000-05-08,550.96,10.8,14.771429,22.285715,8.271429,75.65715,3.0142858,2.6714284,3.2285714,8.757143,18.585714,0.00056518614,0.012658507,-7.345365000000001e-25,3.7252903e-09,0.0,True
2000-05-15,550.93,64.5,16.857143,23.157145,9.714286,68.685715,3.457143,2.8428571,3.7000003,8.757143,20.242857,0.0023252368,0.011418961,-7.345365000000001e-25,7.450581e-09,0.0,True
2000-05-22,550.9,23.1,12.157144,17.6,7.3857145,73.3,2.7714286,2.5571427,2.9857142,9.214286,16.142857,0.00035446882,0.0102317035,-7.345365000000001e-25,0.0,0.0,True
2000-05-29,550.85,4.0,13.257143,18.800001,7.057143,74.68572,2.7142856,2.3428571,2.957143,8.928572,16.77143,0.00012178719,0.009341612,-7.345365000000001e-25,3.7252903e-09,0.0,True
2000-06-05,550.83,56.1,16.528572,22.942858,9.485715,73.0,3.3,3.0285716,3.8,9.957143,19.428572,0.0072427094,0.011496671,-7.345365000000001e-25,0.0,0.0,True
2000-06-12,550.79,10.200001,17.414288,23.300001,10.657144,72.34286,3.4714286,2.8714287,3.9142857,9.342857,21.142857,0.00015065074,0.008095294,-7.345365000000001e-25,7.450581e-09,0.0,True
2000-06-19,550.7,21.6,17.7,23.942858,10.657144,63.67143,4.114286,3.1285717,4.442857,8.642858,22.12857,0.00045132637,0.0074883327,-7.345365000000001e-25,3.7252903e-09,0.0,True
2000-06-26,550.66,21.699999,16.528572,21.757143,11.828572,70.314285,3.4571426,2.4285715,3.7857144,7.857143,20.914286,0.0002329424,0.0068106726,-7.345365000000001e-25,7.450581e-09,0.0,True
2000-07-03,550.61,30.599998,16.957144,22.728573,9.328572,67.92857,3.957143,2.7142856,4.0142856,7.3428574,21.1,6.006658e-05,0.006201923,-7.345365000000001e-25,3.7252903e-09,0.0,True
2000-07-10,550.57,43.1,15.400001,19.728573,12.057143,79.15714,2.8428571,2.5,2.957143,8.242857,18.671429,0.0003555864,0.005613342,-7.345365000000001e-25,1.4901161e-08,0.0,True
2000-07-17,550.52,30.5,11.342857,15.142858,8.385715,82.75714,2.1142857,2.0714285,2.3,9.814285,14.3714285,0.000764668,0.005176544,-7.345365000000001e-25,1.1175871e-08,0.0,True
2000-07-24,550.49,8.5,15.728572,21.52857,9.957144,73.34286,2.8999999,2.5142858,3.3,9.1285715,19.7,0.00023320317,0.0048720017,-7.345365000000001e-25,3.7252903e-09,0.0,True
2000-07-31,550.43,43.2,15.728572,21.285715,11.7,80.8,2.9,2.8142858,3.0714285,9.514286,19.314285,0.0010029823,0.004595436,-7.345365000000001e-25,7.450581e-09,0.0,True
2000-08-07,550.38,61.4,16.028572,20.271427,12.014285,84.21429,2.0428572,1.9428571,2.3714287,10.014286,18.9,0.0038636997,0.006191343,-7.345365000000001e-25,1.1175871e-08,0.0,True
2000-08-14,550.33,0.90000004,19.628572,26.800001,12.871429,70.1,3.3,2.785714,4.0571427,9.542857,22.485714,8.66577e-05,0.004673168,-7.345365000000001e-25,3.7252903e-09,0.0,True
2000-08-21,550.32,49.3,20.714285,27.414288,14.842857,74.38572,3.2999997,2.7714286,3.7428572,8.557143,23.657143,0.0013690516,0.004696332,-7.345365000000001e-25,5.5879354e-09,0.0,True
2000-08-28,550.31,12.0,16.857143,23.357143,10.942857,74.21429,2.6142857,2.2428572,3.1142857,8.714286,20.9,0.00019182265,0.004508078,-7.345365000000001e-25,5.5879354e-09,0.0,True
2000-09-04,550.31,40.7,13.957144,18.84286,10.6285715,82.700005,1.7857141,1.6571428,2.1,9.3,17.342857,0.001200676,0.0043353885,-7.345365000000001e-25,3.7252903e-09,0.0,True
2000-09-11,550.29,15.8,13.7,19.557144,8.085714,78.314285,1.8571428,1.7,2.2857144,9.728572,16.357143,0.00039882958,0.004255727,-7.345365000000001e-25,3.7252903e-09,0.0,True
2000-09-18,550.27,25.9,14.785715,19.800001,10.828572,84.17143,1.5714285,1.4,1.8428572,9.271428,17.6,0.00072574615,0.0042332336,-7.345365000000001e-25,7.450581e-09,0.0,True
2000-09-25,550.4,57.3,11.142858,15.428572,7.328572,90.67143,0.98571426,0.9714286,1.2571429,10.5,13.742857,0.008891046,0.010720693,-7.345365000000001e-25,1.1175871e-08,0.0,True
2000-10-02,550.59,19.5,13.785714,19.34286,9.957143,86.87144,1.1571428,1.042857,1.4857142,10.014286,16.157143,0.0004375726,0.0066177025,-7.345365000000001e-25,3.7252903e-09,0.0,True
2000-10-09,550.62,18.6,8.1285715,11.3714285,5.971429,88.52857,0.61428577,0.59999996,0.8285714,10.7,10.514286,0.00042386353,0.007110305,-7.345365000000001e-25,3.7252903e-09,0.0,True
2000-10-16,550.68,25.800001,9.928572,13.771429,6.3,88.5,0.7,0.7,0.87142855,10.614285,10.571428,0.0012171865,0.008798972,-7.345365000000001e-25,3.7252903e-09,0.0,True
2000-10-23,550.67,3.6,9.7,12.542857,7.5285716,91.77143,0.51428574,0.4857143,0.71428573,10.1285715,11.071428,0.00015892088,0.009591736,-7.345365000000001e-25,1.8626451e-09,0.0,True
2000-10-30,550.66,6.7,9.957144,13.8714285,6.7428575,82.17143,0.68571424,0.68571424,0.94285715,10.142858,9.857142,8.876622e-05,0.009815514,-7.345365000000001e-25,5.5879354e-09,0.0,True
2000-11-06,550.66,14.8,6.2428575,10.657143,3.0285716,81.62858,0.6714286,0.6857143,0.7285714,10.485714,7.142857,0.0005965382,0.009621106,-7.345365000000001e-25,0.0,0.0,True
2000-11-13,550.64,1.4000001,5.1857142,10.428572,0.7714286,79.6,0.5857143,0.5857143,0.61428577,10.3,5.6,2.2947788e-05,0.009374343,-7.345365000000001e-25,0.0,0.0,True
2000-11-20,550.64,33.9,3.0857143,6.2428575,0.6857143,90.314285,0.2857143,0.2857143,0.35714287,10.771428,4.285714,0.0016304925,0.009233154,0.0021709658,0.0035607703,0.006243892,True
2000-11-27,550.61,13.8,3.6428573,6.785714,0.9714286,90.18572,0.31428573,0.31428573,0.35714287,10.671429,3.7571428,0.00049894303,0.010018513,0.0011665424,0.0034712441,0.0008509569,True
2000-12-04,550.6,2.8000002,4.471429,7.9714284,1.4714286,92.9,0.24285717,0.24285717,0.25714287,10.385715,4.457143,0.000121459365,0.011322141,0.00011435577,0.00048551336,0.0,True
2000-12-11,550.56,4.7,5.8142858,8.971429,2.6714287,85.42857,0.41428572,0.41428572,0.45714286,10.242857,5.1,5.6296587e-05,0.011717819,7.220677e-06,2.3037195e-05,6.7055225e-08,True
2000-12-18,550.53,4.9,4.8142858,7.3,2.757143,77.11428,0.5285715,0.51428574,0.7571429,10.242857,4.0142856,0.00020802021,0.0114990175,0.0015332302,0.0010719243,0.005703151,True
2000-12-25,550.5193626314349,3.9,-0.90000004,2.4714284,-3.1285717,88.91429,0.08571429,0.08571429,0.24285714,10.414286,0.45714286,0.00019328296,0.011167683,0.0026276167,0.0026339628,1.8134713e-05,False
2001-01-01,550.49,6.5,-0.9285714,2.6714287,-4.5285716,88.34286,0.16666667,0.16666667,0.22857143,10.316667,0.1,8.137524e-05,0.010828584,0.0030173915,0.0012079235,0.0045810193,True
2001-01-08,550.425,49.0,2.557143,4.971429,0.21428573,92.15715,0.2857143,0.2857143,0.35714287,11.085714,0.85714287,0.00072334707,0.010458909,0.004162641,0.0068897437,0.011252403,True
2001-01-15,550.45,2.1,-2.3,0.12857144,-4.1857142,86.74286,0.14285715,0.14285715,0.31428573,10.771428,0.22857143,0.00013662875,0.0102842,0.00945043,0.00333477,0.0013476834,True
2001-01-22,550.48,6.5,-1.6857144,2.0428574,-5.285714,86.94286,0.14285715,0.14285715,0.25714284,10.3,-0.44285715,0.00015440583,0.010230072,0.0063190176,0.0050818883,0.0028868131,True
2001-01-29,550.47,6.5,2.0571427,6.4000006,-1.5142858,81.5,0.55714285,0.55714285,0.5285714,10.514286,0.7714286,0.00037642568,0.010133006,0.0018761782,0.0051847827,0.0001992695,True
2001-02-05,550.15,25.3,1.2142857,3.6000001,-1.7285715,82.54286,0.45714286,0.45714286,0.61428577,10.671429,0.8142857,0.0011081323,0.01008559,0.0042094104,0.016130844,0.016543396,True
2001-02-12,550.14,0.6,5.3714285,11.685715,0.7142858,71.5,0.85714287,0.85714287,0.95714283,10.342857,4.6,0.00012657046,0.01079452,0.00025289966,0.0011170842,0.0,True
2001-02-19,550.16,1.9000001,2.2142856,6.514286,-0.7285715,83.65714,0.6999999,0.6428571,0.6857143,10.042857,3.3428571,2.7403235e-05,0.011248328,3.32821e-05,9.038299e-05,0.00012407452,True
2001-02-26,550.15,28.6,-1.0571429,2.2714286,-3.5,84.98572,0.44285712,0.44285712,0.62857145,10.485714,1.4142857,0.00032265484,0.011081345,0.007717371,0.0060202014,0.019887742,True
2001-03-05,550.14,46.2,0.24285714,3.914286,-3.414286,84.91429,0.67142856,0.67142856,0.7571429,10.714286,1.1428572,0.0012888163,0.011366278,0.010503604,0.019911176,0.013051186,True
2001-03-12,550.6,32.4,6.1857147,9.528571,3.142857,89.0,0.8714285,0.8714285,0.9142857,11.014286,5.9142857,0.0010658354,0.0121913105,0.0014448336,0.0055791624,2.4586916e-07,True
2001-03-19,550.73,18.2,7.0285716,10.471429,4.285714,78.34286,1.442857,1.442857,1.3714286,11.014286,7.742857,0.00072950125,0.016459666,0.00013497898,0.0010404624,0.0010189787,True
2001-03-26,550.86,57.399998,7.614286,11.228571,4.6285715,85.942856,1.1714286,1.1714286,1.2857143,11.471429,8.1285715,0.004328102,0.024249278,2.4863652e-06,1.9112602e-05,1.8291175e-05,True
2001-04-02,551.06,6.4,6.157143,12.071428,0.7428571,78.9,1.4857142,1.4285715,1.6285714,10.5,8.457143,0.00022343546,0.030894034,1.0972932e-05,6.342679e-05,6.227568e-05,True
2001-04-09,551.08,32.600002,6.914286,12.0,3.0571427,78.90001,1.6285714,1.5285714,1.7571429,10.214286,9.385715,0.000579983,0.02755396,3.1380427e-05,0.00027349778,0.00031499937,True
2001-04-16,551.15,28.4,3.5714285,6.6714287,1.5142858,80.51428,1.1285714,1.1142857,1.3142856,10.571428,6.0857143,0.00063960254,0.023657784,0.0015461956,0.00650765,0.010257026,True
2001-04-23,551.2,35.3,2.9428573,6.0,0.0142857,84.88572,1.1,1.1,1.2857143,10.857142,4.9142857,0.00057382137,0.020886935,0.0046548164,0.01604598,0.016883448,True
2001-04-30,551.33,4.8,10.385715,17.114286,4.2285714,71.52857,2.557143,2.3428574,2.6714287,10.057143,12.071428,0.00019143522,0.01875455,0.0005247593,0.004337199,0.0,True
2001-05-07,551.3,11.2,13.17143,18.357143,7.828572,75.942856,2.4857142,2.0285714,2.6714284,9.171429,15.771428,0.0002668053,0.01644484,-7.345365000000001e-25,4.8428774e-08,0.0,True
2001-05-14,551.27,6.4,14.214286,19.714285,7.142857,66.457146,3.3428574,2.642857,3.542857,8.6,16.6,0.00013203919,0.014249124,-7.345365000000001e-25,3.7252903e-09,0.0,True
2001-05-21,551.2,30.5,12.842857,18.042858,7.357143,75.01429,2.7285714,2.5142858,2.957143,9.314285,16.157143,0.0027605742,0.01215744,-7.345365000000001e-25,7.450581e-09,0.0,True
2001-05-28,551.14,2.3,17.57143,23.52857,10.442857,63.457146,4.0,3.0571427,4.285714,8.428572,20.757143,6.0647726e-06,0.010486826,-7.345365000000001e-25,0.0,0.0,True
2001-06-04,550.7308581828398,27.1,13.428572,18.2,9.614286,70.32857,3.1285717,2.4142857,3.2285714,7.8714285,17.657143,0.00030118227,0.008994333,-7.345365000000001e-25,3.7252903e-09,0.0,True
2001-06-11,550.495,71.9,12.3714285,16.185715,8.5,81.557144,2.1714287,1.8857143,2.4428573,9.071428,15.442857,0.0016562343,0.007895261,-7.345365000000001e-25,7.450581e-09,0.0,True
2001-06-18,549.85,29.300001,14.142858,20.514286,8.614285,73.65714,3.0857143,2.9285715,3.3999999,9.785714,17.785715,0.000977844,0.00723926,-7.345365000000001e-25,1.1175871e-08,0.0,True
2001-06-25,549.74,0.6,15.614286,21.671429,8.114286,64.685715,3.8999999,3.1285713,4.214286,9.271428,19.72857,6.8724155e-05,0.0068192855,-7.345365000000001e-25,0.0,0.0,True
2001-07-02,550.13,23.4,18.514286,24.485716,12.042857,68.74286,3.9142857,3.1285713,4.1857142,8.4,22.857143,0.0005545467,0.0063550025,-7.345365000000001e-25,3.7252903e-09,0.0,True
2001-07-09,550.54,8.5,18.357143,24.742859,11.457144,64.75715,4.1285715,2.914286,4.4857144,7.5857143,22.171429,0.0005143136,0.0058824047,-7.345365000000001e-25,1.4901161e-08,0.0,True
2001-07-16,550.53,33.899998,16.342857,21.2,11.514287,76.200005,2.7428572,2.2285714,3.0714285,7.785714,19.785715,0.0009211749,0.0054305196,-7.345365000000001e-25,1.1175871e-08,0.0,True
2001-07-23,550.5,5.2,15.214286,20.457144,10.2,72.957146,2.8285713,2.4285715,3.3142858,8.885715,18.642857,0.0001481697,0.005106412,-7.345365000000001e-25,3.7252903e-09,0.0,True
2001-07-30,550.46,0.1,20.885715,27.87143,13.485715,63.342857,3.885714,2.7571428,4.6714287,7.7714286,24.614286,1.1354685e-05,0.004758075,-7.345365000000001e-25,7.450581e-09,0.0,True
2001-08-06,550.4,38.6,19.642857,25.87143,13.757143,70.48572,3.4428573,2.457143,3.8428571,7.4428573,23.22857,0.00052538514,0.004368186,-7.345365000000001e-25,1.1175871e-08,0.0,True
2001-08-13,550.35,19.2,16.2,22.171429,10.971429,72.24286,2.8,2.3285713,3.2857144,8.157143,19.928572,0.00020626187,0.004065484,-7.345365000000001e-25,7.450581e-09,0.0,True
2001-08-20,550.31,8.6,19.785715,26.785715,14.2,73.74286,3.0428574,2.442857,3.6571429,7.7285714,23.442858,7.417798e-05,0.003769353,-7.345365000000001e-25,9.313226e-09,0.0,True
2001-08-27,550.26,8.0,19.300001,26.757143,12.485715,73.14286,2.957143,2.1000001,3.7571428,7.3714285,22.87143,2.5555491e-05,0.0034998655,-7.345365000000001e-25,7.450581e-09,0.0,True
2001-09-03,550.22,7.9,14.342857,19.77143,9.571428,76.37144,1.9714288,1.4142857,2.2285714,7.3428574,18.37143,9.800494e-05,0.0032287464,-7.345365000000001e-25,7.450581e-09,0.0,True
2001-09-10,550.2,37.1,10.742858,14.1,8.614286,82.07143,1.4,1.4,1.5285714,8.771428,12.828571,0.002397105,0.003069304,-7.345365000000001e-25,1.3038516e-08,0.0,True
2001-09-17,550.17,41.4,9.571428,12.742858,7.1714287,84.828575,1.1571429,1.1428572,1.4,9.9,11.142858,0.0016656965,0.0028952286,-7.345365000000001e-25,5.5879354e-09,0.0,True
2001-09-24,550.18,34.8,9.900001,13.6285715,6.5428576,86.51429,0.9857144,0.9857144,1.2857143,10.514286,11.485714,0.00037024915,0.0028608143,-7.345365000000001e-25,7.450581e-09,0.0,True
2001-10-01,550.19,6.4,11.6,17.242857,6.5,82.557144,0.9714286,0.95714283,1.3571428,10.257143,13.028571,0.00025102496,0.0029300004,-7.345365000000001e-25,5.5879354e-09,0.0,True
2001-10-08,550.16,11.0,13.214286,19.657145,8.914286,81.91429,1.2714287,1.2,1.6,10.114285,14.9,0.00019799173,0.0030054003,-7.345365000000001e-25,3.7252903e-09,0.0,True
2001-10-15,550.12,0.0,12.099999,20.071428,7.2428575,82.557144,1.042857,0.9428572,1.2857143,9.9,14.314285,1.0110438e-05,0.0030537173,-7.345365000000001e-25,1.8626451e-09,0.0,True
2001-10-22,550.08,11.4,11.071428,15.714286,7.971429,87.65715,0.8,0.71428573,0.9714286,9.6,13.257143,0.00020840019,0.0030514598,-7.345365000000001e-25,7.450581e-09,0.0,True
2001-10-29,550.04,20.800001,10.285714,14.7,6.571429,85.68572,0.7142858,0.7142858,0.88571423,10.271428,10.942857,0.0002573058,0.0030351952,-7.345365000000001e-25,3.7252903e-09,0.0,True
2001-11-05,550.01,12.3,6.328572,12.542857,2.2857144,81.200005,0.67142856,0.6428571,0.82857144,10.2,7.885714,0.00017623603,0.0030480474,-7.345365000000001e-25,5.5879354e-09,0.0,True
2001-11-12,549.99,24.3,2.457143,5.5,-0.2857143,82.47143,0.5285714,0.5285714,0.6571428,10.742857,3.8,0.0010257512,0.0031440333,0.00076125347,0.00015013292,0.0016170479,True
2001-11-19,549.99,8.2,-0.6571428,1.2142857,-2.1857142,90.21429,0.11428572,0.11428572,0.3,10.485714,0.6142857,0.00013504922,0.003463328,0.0048452504,0.0022329632,0.005353473,True
2001-11-26,549.96,28.6,0.9857144,3.2857144,-1.2857143,90.44286,0.20000002,0.20000002,0.3285714,10.857142,1.0285715,0.0007831007,0.003784068,0.0069302036,0.012579931,0.013489595,True
2001-12-03,550.0,33.899998,4.6714287,6.1857147,2.7142856,93.08572,0.20000002,0.20000002,0.31428573,11.442857,3.5714285,0.0016546175,0.005086489,0.0017622198,0.0065816026,0.0014511421,True
2001-12-10,550.04,6.3999996,1.6,3.7428572,0.04285717,85.54286,0.24285717,0.24285717,0.42857143,10.7,2.6285715,0.00022760034,0.009301655,0.00015927496,0.00013934821,0.0003286563,True
2001-12-17,550.09,6.1,-5.7714286,-3.257143,-9.1,85.92857,0.014285714,0.014285714,0.24285714,10.3,-1.3714286,1.2740493e-06,0.010777488,0.003475263,3.4559518e-05,0.0047848597,True
2001-12-24,550.08,5.9,-4.428571,-1.857143,-8.457143,83.8,0.014285714,0.014285714,0.2857143,10.328571,-0.82857144,2.5331974e-07,0.010810934,0.008147024,0.0,0.010414951,True
2001-12-31,550.04,21.1,-0.17142852,2.5,-3.5714285,81.01429,0.29999998,0.29999998,0.55714285,11.028571,0.1,0.004327126,0.009650245,0.01921755,0.023655891,0.023463696,True
2002-01-07,550.04,0.3,-7.6285715,-2.5857143,-12.285714,84.65715,0.0,0.0,0.18571427,10.528571,-0.18571429,1.2524426e-05,0.011353157,0.011308466,0.0004966911,0.0005154051,True
2002-01-14,550.01,0.3,-4.6857142,-1.5714285,-7.6285715,93.042854,0.014285714,0.014285714,0.17142858,10.285714,-0.25714287,5.981326e-05,0.011567205,0.009603256,0.0025689658,0.0002566576,True
2002-01-21,549.99,4.7,-0.15714288,1.957143,-2.8999999,86.328575,0.25714287,0.25714287,0.47142857,10.214286,-0.042857144,0.00028525293,0.011285253,0.0061701364,0.00646355,0.0012844019,True
2002-01-28,549.96,6.8,6.1857147,9.157143,2.4857142,77.84286,0.9428572,0.9428572,1.0571429,10.271428,3.1,0.00034236163,0.010899119,0.0007134449,0.0025325008,0.0,True
2002-02-04,549.93,0.0,5.857143,12.857142,1.0428572,71.6,0.88571423,0.8000001,0.9714286,10.071428,4.6571426,1.9073486e-06,0.010546632,4.6548388e-07,2.66172e-06,0.0,True
2002-02-11,549.88,21.5,5.785714,8.642858,2.4428573,79.200005,0.8142857,0.7999999,0.9714286,10.3714285,4.7714286,0.00054156035,0.0101939365,0.0005727439,0.0032516234,0.0032205693,True
2002-02-18,549.88,0.4,3.914286,8.357142,0.90000004,74.78571,0.95714283,0.8714286,1.1999999,10.157143,4.3714285,2.4944544e-05,0.009918287,9.80468e-05,0.0001924336,0.00032749772,True
2002-02-25,549.86,28.7,1.8571428,4.2000003,-1.3142856,82.97143,0.82857144,0.8142857,0.8,10.6285715,2.0428572,0.0011612624,0.009658985,0.0050414004,0.013043627,0.018984318,True
2002-03-04,549.92,32.3,3.642857,8.271429,0.29999998,78.185715,1.0142858,1.0142858,1.1285714,10.842857,4.257143,0.0006146729,0.010297433,0.0013147707,0.007040674,0.0031936578,True
2002-03-11,549.94,0.7,5.4857144,12.357142,-0.49999997,70.11429,1.5,1.3285714,1.5285714,9.985714,6.6857142,5.0649047e-05,0.0116439685,0.00024539517,0.0012936983,0.0,True
2002-03-18,549.98,1.6,7.928571,15.7,1.6857144,72.28571,1.6999999,1.3142856,1.7142857,9.257143,9.885715,2.4557114e-05,0.011534423,1.2488593e-07,1.359731e-06,0.0,True
2002-03-25,550.03,39.0,5.414286,8.471429,3.5714285,81.41429,1.0285715,1.0285715,1.2142857,11.3,6.7285714,0.003567621,0.013359278,0.0005674305,0.00028172694,0.0023309328,True
2002-04-01,550.0643563688728,0.0,4.3857145,11.742858,-2.3857143,66.38572,1.8142856,1.5571429,2.0142858,9.985714,7.1,4.056096e-05,0.014004856,0.00070590066,0.0017036982,2.6676804e-05,True
2002-04-08,550.05,0.0,6.471429,12.571428,-0.2857143,57.357143,2.4714286,1.8571428,2.5571427,8.957143,9.942857,4.172325e-07,0.013470441,1.6802833e-06,1.7732382e-05,1.7136335e-07,True
2002-04-15,550.09,23.6,6.071429,10.7,1.7714285,74.78571,1.6000001,1.2571428,1.7571429,8.528571,8.757143,0.00042966008,0.012392342,0.000121054196,0.0004974287,0.001379136,True
2002-04-22,550.08,3.9,6.914286,11.714286,1.7142857,79.24286,1.457143,1.2857143,1.7428571,8.842857,9.071428,0.0001308918,0.011289686,0.00017069635,0.0008805953,0.0,True
2002-04-29,550.08,38.699997,10.085714,15.1285715,5.328572,73.11429,2.3142855,2.1571429,2.457143,9.5,12.2,0.0004969686,0.0102953985,-7.2791902999999985e-25,6.016344e-07,0.0,True
2002-05-06,550.04,19.9,9.042857,13.014285,6.042857,80.27143,1.6857144,1.4428571,1.9142857,9.685715,11.942857,0.00038261712,0.00947953,-7.2791902999999985e-25,0.0,0.0,True
2002-05-13,549.98,21.8,13.528572,19.814287,7.457143,75.28571,2.8714287,2.5714285,2.9857142,9.614285,16.342857,0.00034867227,0.008778073,-7.2791902999999985e-25,3.7252903e-09,0.0,True
2002-05-20,549.887523028292,36.4,15.228572,21.442858,9.028571,65.38572,3.371429,2.8714287,3.9142857,9.542857,18.471428,0.0021796674,0.008079678,-7.2791902999999985e-25,3.7252903e-09,0.0,True
2002-05-27,549.94,45.6,12.614286,18.628572,7.8142858,78.14286,2.442857,2.2714286,2.7428572,10.028571,16.614286,0.0027190745,0.008148514,-7.2791902999999985e-25,3.7252903e-09,0.0,True
2002-06-03,549.94,4.8999996,13.900001,19.585714,6.514286,67.75715,3.2714286,2.7999997,3.5571427,9.914286,17.7,0.000112749636,0.007204756,-7.2791902999999985e-25,0.0,0.0,True
2002-06-10,550.13,121.6,14.8,19.985716,10.928572,78.700005,2.5857143,2.357143,2.857143,9.685715,18.171429,0.0018359423,0.006890878,-7.2791902999999985e-25,1.1175871e-08,0.0,True
2002-06-17,550.35,0.9,19.828571,26.2,11.785714,66.07143,4.342857,3.6000001,4.7000003,9.3,22.571428,0.00015224516,0.0066358894,-7.2791902999999985e-25,7.450581e-09,0.0,True
2002-06-24,550.44,51.1,22.485716,29.300001,16.1,70.8,4.571429,3.642857,4.957143,8.228572,26.214285,0.00030212104,0.0062701926,-7.2791902999999985e-25,7.450581e-09,0.0,True
2002-07-01,550.46,5.7,16.714285,22.228573,10.085714,63.085716,3.957143,3.257143,4.3428574,8.814285,21.7,4.3943524e-05,0.0058795735,-7.2791902999999985e-25,3.7252903e-09,0.0,True
2002-07-08,550.45,24.400002,16.571428,22.157145,11.528572,73.77143,3.142857,2.6714287,3.4857142,8.5,20.085714,0.00021158159,0.005462341,-7.2791902999999985e-25,1.1175871e-08,0.0,True
2002-07-15,550.4,33.3,17.5,23.34286,13.400001,77.98572,2.9,2.4714286,3.3285716,8.5,21.085714,0.00015220046,0.0050410703,-7.2791902999999985e-25,1.1175871e-08,0.0,True
2002-07-22,550.37,21.000002,16.257143,21.228573,11.585715,78.71429,2.8,2.585714,3.1857142,10.071428,19.942858,0.0010576695,0.00470829,-7.2791902999999985e-25,1.1175871e-08,0.0,True
2002-07-29,550.34,11.200001,17.514286,22.9,12.2,73.88572,2.9142857,2.4714286,3.4714284,9.328571,20.542856,9.4123185e-05,0.004397705,-7.2791902999999985e-25,7.450581e-09,0.0,True
2002-08-05,550.3,32.9,18.571428,24.614286,13.542857,73.75715,3.1,2.857143,3.7142856,9.642858,22.0,0.003878206,0.00410489,-7.2791902999999985e-25,5.5879354e-09,0.0,True
2002-08-12,550.36,108.2,14.742858,18.542858,12.042857,87.35714,1.742857,1.7285715,2.1,10.785714,17.785715,0.01645866,0.013247192,-7.2791902999999985e-25,1.1175871e-08,0.0,True
2002-08-19,550.64,0.2,17.657145,24.5,11.3714285,74.1,2.8714287,2.457143,3.6285717,10.014286,21.185715,3.786385e-05,0.006070949,-7.2791902999999985e-25,5.5879354e-09,0.0,True
2002-08-26,550.7,58.0,17.757143,24.742859,11.785714,78.542854,2.5285714,2.2571428,2.9714284,9.642858,21.8,0.00052024424,0.0066453516,-7.2791902999999985e-25,0.0,0.0,True
2002-09-02,550.89,25.3,16.585714,21.528574,12.742857,85.32857,1.7142857,1.5428572,2.2428572,9.6285715,19.657143,0.00039387494,0.0065317377,-7.2791902999999985e-25,1.1175871e-08,0.0,True
2002-09-09,550.86,12.3,15.985715,22.27143,10.557143,76.42857,2.0714288,1.8857144,2.6142857,9.857142,18.842857,0.00014130771,0.006356597,-7.2791902999999985e-25,1.8626451e-09,0.0,True
2002-09-16,550.8,8.0,11.657143,17.214287,7.7428575,76.185715,1.6571429,1.4857143,2.0714285,9.914286,15.514286,0.00045849383,0.0061351284,-7.2791902999999985e-25,3.7252903e-09,0.0,True
2002-09-23,550.79,55.199997,12.028572,16.514286,7.9857144,84.685715,1.1714286,1.0714285,1.4571428,10.1,14.771428,0.002936542,0.005985081,-7.2791902999999985e-25,3.7252903e-09,0.0,True
2002-09-30,550.93,51.9,5.4428573,9.914286,1.7142857,86.22858,0.78571427,0.7714286,1.0285714,11.271428,8.171429,0.002143219,0.0075471997,0.00042171706,0.002508795,0.0024522133,True
2002-10-07,551.04,43.3,8.7,14.271429,4.285714,84.8,0.88571435,0.82857144,1.1571429,10.542857,11.271428,0.0009798706,0.008466497,7.8337536e-07,5.653128e-06,0.0,True
2002-10-14,551.1,11.8,6.8714285,9.857142,3.6571429,88.48572,0.59999996,0.59999996,0.82857144,10.528571,8.6285715,0.0006011352,0.009443015,-7.2791902999999985e-25,1.8626451e-09,0.0,True
2002-10-21,551.11,27.5,8.471429,12.728572,4.9428573,85.18572,0.8428572,0.8428572,0.9714286,11.214286,9.142858,0.0025759637,0.013530798,9.2529115e-07,4.8577785e-06,5.554408e-06,True
2002-10-28,551.11,25.4,9.614286,14.1285715,5.642857,71.200005,1.3000001,1.2857143,1.7142857,10.685715,9.171429,0.00027748197,0.017447188,6.81196e-08,8.530915e-07,0.0,True
2002-11-04,551.12,41.4,8.971429,12.414286,5.6714287,83.68572,0.5714286,0.5428571,0.8142857,10.885715,8.9,0.002116397,0.017784454,-7.2791902999999985e-25,1.8626451e-09,0.0,True
2002-11-11,551.14,26.1,4.2285714,6.6714287,1.6857144,87.971436,0.4857143,0.4857143,0.5714286,11.457143,4.9428573,0.0019971803,0.020123526,0.00035099188,0.0014909878,0.001521552,True
2002-11-18,551.16,16.5,5.1857142,9.3,1.8285714,89.200005,0.37142858,0.37142858,0.45714286,11.0,5.9142857,0.00048063695,0.023790754,6.976582e-06,2.6736408e-05,0.0,True
2002-11-25,551.14,11.3,4.6857142,7.7000003,1.7285715,90.24286,0.2857143,0.2857143,0.34285715,10.914286,5.257143,0.0008841157,0.025636964,-7.2791902999999985e-25,2.8312206e-07,0.0,True
2002-12-02,551.13,39.1,4.9714284,6.6714287,3.2285714,92.0,0.22857141,0.22857141,0.32857147,10.9,5.3428574,0.00072549284,0.025346644,2.628281e-05,8.421019e-05,0.0002799332,True
2002-12-09,551.14,3.7,0.2857143,1.7714287,-0.65714294,90.38572,0.10000001,0.10000001,0.34285715,10.528571,1.7142857,0.00010935217,0.02431523,0.0011466003,0.0013145395,0.0021272153,True
2002-12-16,551.11,15.9,-2.257143,-0.2857143,-4.4857144,92.78571,0.071428575,0.071428575,0.22857143,10.328571,-0.8142857,0.00015102327,0.022338532,0.0007900851,0.0006539449,1.2293458e-05,True
2002-12-23,551.09,22.9,3.257143,5.071429,1.1142857,89.48572,0.21428572,0.21428572,0.34285715,10.928572,1.3285714,0.0009713024,0.019860014,0.00027214346,0.0006424077,0.0003473088,True
2002-12-30,551.06,15.400001,5.557143,7.5142856,2.9857144,90.14286,0.35714287,0.35714287,0.4714286,10.8,4.071429,0.00029803813,0.01830089,1.2942722e-06,4.518777e-06,0.0,True
2003-01-06,551.152630584654,28.099998,3.6714287,6.6714287,1.7428572,82.200005,0.4,0.4,0.71428573,10.8,5.9,0.000901103,0.017291576,0.0006539651,5.055219e-06,0.0028624386,False
2003-01-13,551.255,9.200001,-8.400001,-5.957143,-11.457144,85.042854,0.0,0.0,0.24285714,10.514286,-0.8857143,2.682209e-07,0.017039068,0.004184269,0.0,0.0070032366,True
2003-01-20,551.48,0.0,-0.14285715,3.0285716,-3.2857146,88.6,0.3142857,0.3142857,0.34285715,10.314285,0.0,0.00014102459,0.016540848,0.007558045,0.0060858205,0.001548659,True
2003-01-27,551.41,14.0,1.1,2.9714286,-0.81428576,90.057144,0.24285717,0.24285717,0.40000004,10.471429,0.34285715,0.00036793202,0.015614532,0.008767332,0.009554295,0.015233699,True
2003-02-03,551.33,26.9,-2.1571429,0.7428571,-5.6857142,85.74286,0.31428573,0.31428573,0.4714286,10.771428,0.4857143,0.0008246079,0.014719009,0.01669902,0.007142637,0.03071801,True
2003-02-10,551.26,11.1,-2.0142858,-0.042857137,-4.3857145,87.25715,0.11428572,0.11428572,0.42857143,10.971429,0.15714286,1.4342368e-05,0.014013536,0.045960806,0.00022139959,0.019465975,True
2003-02-17,551.2,0.2,-6.6142855,-3.9428573,-9.6285715,83.85714,0.0,0.0,0.40000004,10.328571,0.08571429,0.0,0.013184182,0.050454646,0.0,0.00078035146,True
2003-02-24,551.12,0.0,-5.6285715,-0.31428576,-10.257143,85.35714,0.3285714,0.31428573,0.5,10.171429,0.14285715,0.00022364408,0.012266256,0.045569845,0.012258016,3.187731e-05,True
2003-03-03,551.02,2.6,1.9,8.971429,-3.4428573,75.6,0.90000004,0.8142857,1.0142857,9.928572,1.6857142,0.0008119345,0.011427358,0.016315738,0.032300893,0.00024163723,True
2003-03-10,550.94,2.9,4.8428574,10.985715,-0.12857144,73.44286,1.1857144,1.1,1.3571428,9.971429,4.6714287,0.00018688291,0.010999948,0.00093858014,0.003049627,0.00017182156,True
2003-03-17,550.87,6.1,3.4428573,8.985715,-0.64285713,68.457146,1.4285715,1.2428571,1.5571429,9.671429,5.214286,0.00012141466,0.01063358,6.7239715e-05,0.00016875379,0.00014539436,True
2003-03-24,550.78,0.0,3.5,11.857142,-3.6571429,62.457146,1.8857144,1.4714286,1.9142857,9.1,6.542857,7.1525574e-07,0.010146469,8.889607e-06,3.649853e-05,2.0861626e-07,True
2003-03-31,550.69,6.3,9.0,17.128572,2.1000001,67.71429,2.0285714,1.5714285,2.1,8.442857,11.3714285,8.8989735e-05,0.009466216,-7.2791902999999985e-25,3.8929284e-07,0.0,True
2003-04-07,550.61,9.3,2.857143,8.1,-1.4428571,71.65715,1.4142858,1.1857144,1.5857142,8.671429,6.214286,0.00018236041,0.008730136,0.000628636,0.0011355896,0.002686642,True
2003-04-14,550.52,6.2,4.4857144,10.042857,-1.6285714,68.98572,1.8428571,1.5142858,2.0142858,8.614285,7.242857,0.00012666732,0.008034915,0.0015608923,0.005108228,0.003961265,True
2003-04-21,550.44,0.5,10.1,16.728573,2.3714287,58.74286,3.2428572,2.242857,3.0714285,7.7,12.714286,2.1755695e-05,0.007275261,3.3208303e-06,3.9782375e-05,0.0,True
2003-04-28,550.38,3.0,12.257143,19.428572,5.085715,63.84286,3.0285714,1.9,3.1142857,7.1,14.685715,7.928908e-05,0.00653515,-7.2791902999999985e-25,0.0,0.0,True
2003-05-05,550.27,16.4,14.185715,21.242859,6.5,63.54286,3.457143,2.142857,3.3999999,6.614286,16.114286,0.00012844801,0.0058405176,-7.2791902999999985e-25,3.7252903e-09,0.0,True
2003-05-12,550.19,23.5,16.557142,21.985716,11.271429,71.814285,3.1285713,1.9142857,3.3285713,6.4857144,19.185715,0.00021079183,0.0051672757,-7.2791902999999985e-25,3.7252903e-09,0.0,True
2003-05-19,550.14,25.4,10.528571,16.514286,5.1,76.14286,2.3999999,2.0857143,2.6285717,7.4,14.014286,0.00015495718,0.004653588,-7.2791902999999985e-25,7.450581e-09,0.0,True
2003-05-26,550.08,19.3,12.757143,17.27143,8.214286,77.1,2.4142857,2.0571427,2.5857143,7.6714287,15.457143,0.00027242303,0.0042064264,-7.2791902999999985e-25,7.450581e-09,0.0,True
2003-06-02,550.0,34.3,17.671429,23.785715,11.900001,76.92857,3.357143,2.6285713,3.6571429,7.357143,20.9,0.00012551248,0.0038373023,-7.2791902999999985e-25,7.450581e-09,0.0,True
2003-06-09,549.94,41.300003,21.057144,27.428572,14.728572,68.52857,4.157143,2.9285717,4.9,6.8714285,24.8,8.961558e-05,0.0034483075,-7.2791902999999985e-25,7.450581e-09,0.0,True
2003-06-16,549.9,32.9,21.571428,27.857143,15.17143,68.200005,4.571429,3.085714,4.7000003,6.2714286,25.928572,7.119775e-05,0.0030811802,-7.2791902999999985e-25,7.450581e-09,0.0,True
2003-06-23,549.85,8.700001,19.557144,25.942858,12.071428,63.528572,4.7428575,2.7714286,4.7285714,5.9714284,23.357143,4.5493245e-05,0.0027486086,-7.2791902999999985e-25,7.450581e-09,0.0,True
2003-06-30,549.82,26.6,20.4,27.12857,13.942858,69.11429,4.4142857,2.2285714,4.4,5.4,25.0,0.00011625886,0.0024439543,-7.2791902999999985e-25,3.7252903e-09,0.0,True
2003-07-07,549.76,22.0,15.214286,20.728573,11.114286,76.64286,2.914286,2.4714284,3.142857,6.5571427,18.87143,0.00025018305,0.0022082254,-7.2791902999999985e-25,1.1175871e-08,0.0,True
2003-07-14,549.73,1.1,19.27143,25.614286,11.400001,59.657143,4.6714287,2.4857142,4.714286,5.614286,24.142857,5.8561563e-06,0.0019935071,-7.2791902999999985e-25,7.450581e-09,0.0,True
2003-07-21,549.69,54.9,20.2,27.157145,12.814286,66.685715,4.3857145,2.5857143,4.457143,5.4,23.742857,0.0006750226,0.0017732829,-7.2791902999999985e-25,7.450581e-09,0.0,True
2003-07-28,549.67,25.3,19.242859,26.228573,14.342858,73.314285,3.585714,2.6571429,3.957143,5.6571426,23.1,0.00024682283,0.0016049296,-7.2791902999999985e-25,7.450581e-09,0.0,True
2003-08-04,549.63,0.7,20.157145,27.014286,12.585715,66.557144,3.8428571,2.5,4.3857145,5.6571426,23.657143,3.1739473e-06,0.0014621317,-7.2791902999999985e-25,7.450581e-09,0.0,True
2003-08-11,549.6,1.4,23.957142,32.82857,15.2,56.028572,4.9857144,1.5285714,5.2571425,4.642857,27.12857,1.2218952e-06,0.001310274,-7.2791902999999985e-25,3.7252903e-09,0.0,True
2003-08-18,549.54,17.1,21.442858,28.84286,15.471429,66.54286,3.8714283,1.5857142,4.1285715,4.5285716,24.785715,0.00010570884,0.0011693835,-7.2791902999999985e-25,5.5879354e-09,0.0,True
2003-08-25,549.54,0.6,19.457144,27.27143,12.542857,64.4,3.5,1.2571429,3.9428573,4.5285716,23.642857,1.2278557e-05,0.0010626316,-7.325276e-25,3.7252903e-09,0.0,True
2003-09-01,549.52,29.099998,15.757143,22.157145,10.514285,72.07143,2.542857,1.1714287,2.7857144,4.757143,19.22857,0.00011086464,0.0009608492,-7.345365000000001e-25,1.1175871e-08,0.0,True
2003-09-08,549.5,6.3999996,12.8,19.5,7.071429,70.957146,2.0285714,1.4714286,2.357143,5.2,16.314285,1.7464161e-05,0.0008891076,-7.345365000000001e-25,1.8626451e-09,0.0,True
2003-09-15,549.48,17.1,12.014285,17.37143,7.4714284,76.457146,1.6571429,1.3000001,2.0142858,5.242857,14.542857,0.00010344386,0.0008306429,-7.345365000000001e-25,5.5879354e-09,0.0,True
2003-09-22,549.46,1.1,15.614286,25.714285,7.4428573,67.11429,2.3142855,1.4,2.7571428,4.8142858,18.314285,1.4901161e-08,0.0007744357,-7.345365000000001e-25,3.7252903e-09,0.0,True
2003-09-29,549.44,11.8,11.471429,18.428572,6.585714,75.6,1.4857142,0.94285715,1.7571429,4.785714,14.585714,4.2542815e-05,0.0007232055,-7.345365000000001e-25,3.7252903e-09,0.0,True
2003-10-06,549.41,55.6,10.314286,14.814286,6.1857142,85.87142,0.95714283,0.82857144,1.1571429,6.114286,11.857142,0.0003823042,0.0006834343,-7.345365000000001e-25,5.5879354e-09,0.0,True
2003-10-13,549.39,32.3,8.214286,11.885714,4.971429,84.0,0.91428566,0.8857142,0.98571426,9.428572,9.228572,0.002100721,0.00065749884,4.143942e-05,0.00043894537,0.00043063238,True
2003-10-20,549.37,8.599999,3.857143,9.242858,-0.40000004,78.15715,0.8,0.7,1.0285714,8.885715,6.7285714,4.349649e-05,0.00063721836,-7.345365000000001e-25,1.6577542e-07,1.0430813e-07,True
2003-10-27,549.35,5.5,0.64285713,4.6285715,-2.3428574,83.94286,0.41428572,0.3857143,0.62857145,9.2,3.2142856,7.7266246e-05,0.00062148273,0.0012835888,0.000694111,0.0025392622,True
2003-11-03,549.32,14.1,4.7571425,9.914286,-0.25714284,82.78571,0.6285714,0.61428565,0.7,9.285714,4.8285713,0.000204131,0.00060840696,0.00056907674,0.0018273499,0.00014517829,True
2003-11-10,549.28,0.2,3.1857145,8.385715,-0.7285714,85.40001,0.4857143,0.44285718,0.5428571,9.185715,4.4714284,4.053116e-06,0.0005971864,5.1657357e-06,2.525188e-05,0.0,True
2003-11-17,549.25,11.8,3.7142856,6.5,1.3285714,89.328575,0.32857147,0.29999998,0.40000004,9.4,4.357143,0.00028125942,0.00058816373,1.1892545e-05,5.4797158e-05,0.000111050904,True
2003-11-24,549.22,0.1,4.357143,10.571428,0.3285714,84.84286,0.31428573,0.2857143,0.45714286,9.414286,4.614286,1.3045967e-05,0.00058130175,1.1466798e-05,5.681254e-05,0.0,True
2003-12-01,549.2,30.400002,3.142857,5.585714,0.9428572,93.15715,0.17142858,0.17142858,0.31428573,9.942857,3.6285715,0.0004223287,0.0005766377,0.006136247,0.009610098,0.018810645,True
2003-12-08,549.16,1.5,0.04285717,2.3999999,-1.7142857,91.25715,0.12857144,0.14285715,0.22857143,10.042857,2.1285715,0.00016007572,0.0005776286,0.0044183675,0.0075134803,0.0002540499,True
2003-12-15,549.15,12.5,1.2142857,4.9428573,-2.8,79.814285,0.4714286,0.4714286,0.59999996,10.1285715,0.6857143,0.0002561435,0.0005870685,0.0015254248,0.002296634,0.0039518885,True
2003-12-22,549.13,11.1,-0.05714282,2.6714287,-3.4285715,85.84286,0.27142859,0.27142859,0.42857143,10.514286,0.8428571,0.00015393645,0.00060655177,0.0051060235,0.0041707885,0.007242989,True
2003-12-29,549.1,1.7,-3.4428573,0.90000004,-7.914286,80.58572,0.12857144,0.12857144,0.3285714,10.357142,-0.17142858,4.9084425e-05,0.0006381273,0.0059440704,0.0022913571,0.0011634305,True
2004-01-05,549.08,12.3,-2.9714286,-1.6285715,-4.4857144,87.75714,0.1,0.05,0.32857147,10.35,0.0,5.811453e-07,0.0006763488,0.013367142,3.231503e-05,0.015016437,True
2004-01-12,549.07,37.5,2.7,4.6857142,0.4,87.5,0.40000004,0.40000004,0.5428571,10.971429,0.71428573,0.0011443123,0.0007197559,0.0114015,0.022412045,0.0038824938,True
2004-01-19,549.22,52.5,2.3142858,4.8142858,0.34285712,83.32857,0.55714285,0.55714285,0.64285713,11.542857,1.8857143,0.0029155165,0.0027819723,0.0063115186,0.0030863546,0.016814072,True
2004-01-26,549.48,9.599999,-3.9142857,-0.27142856,-7.414286,86.27143,0.08571429,0.08571429,0.2857143,10.942857,0.17142858,0.0001238361,0.0015317723,0.02535309,0.0027941205,0.019259073,True
2004-02-02,549.58,4.2000003,0.8714286,3.357143,-2.9285717,73.37142,0.61428577,0.5714286,0.95714283,10.428572,0.71428573,0.0006723553,0.0018881783,0.031047646,0.027809002,0.00958658,True
2004-02-09,549.64,7.4,4.9,9.814286,1.0714285,66.328575,1.2285715,1.1285715,1.3571428,9.885715,3.7857144,0.0003016889,0.0023138449,0.0027991023,0.0075813904,0.0042407326,True
2004-02-16,549.69,6.5,0.9857143,3.7428572,-1.3428572,82.21429,0.42857143,0.41428572,0.59999996,10.242857,1.2428571,0.00021888316,0.002859816,0.009603682,0.008483466,0.01106026,True
2004-02-23,549.73,13.2,-0.08571427,3.414286,-2.457143,81.442856,0.42857143,0.4,0.7285714,10.1285715,0.8857143,0.00012114644,0.0033003092,0.005129008,0.004870886,0.012124818,True
2004-03-01,549.73,1.4,-5.2571425,-0.0285714,-10.328572,78.057144,0.17142858,0.17142858,0.62857145,10.357142,0.15714286,5.3174794e-05,0.003639534,0.011031156,0.0025133956,0.003059972,True
2004-03-08,549.74,5.0,-0.78571427,3.1714287,-4.9714284,80.12858,0.5,0.5,0.82857144,10.2,0.44285715,0.00028749555,0.0038779527,0.00902827,0.010818629,0.0063600577,True
2004-03-15,549.73,2.1,1.9142857,7.228572,-3.2571428,77.614296,0.88571423,0.8142857,1.1142857,10.1,2.642857,0.0001975596,0.0040725693,0.00371002,0.0074432865,0.0030353814,True
2004-03-22,549.71,4.4,9.057143,16.014286,3.6142857,69.72857,2.057143,1.7857143,2.0571427,9.471429,9.7,7.3730946e-05,0.0042197555,5.0720715e-05,0.00036064535,0.0,True
2004-03-29,549.69,26.5,0.67142856,4.557143,-2.7428572,81.17143,0.87142855,0.8142857,1.0857142,10.385715,3.1571429,0.0004484579,0.0042869523,0.010091969,0.013666559,0.020008396,True
2004-04-05,549.68,6.0,7.928571,14.914286,1.2714285,71.07143,2.1285713,1.8142856,2.0714285,9.528571,9.728572,0.00029360503,0.0043601394,0.0006469431,0.0045145433,0.0,True
2004-04-12,549.67,15.0,3.8,8.028571,0.6714286,79.62858,1.5,1.4428571,1.4142857,9.957143,6.357143,0.00051036477,0.0045207664,0.0007513421,0.004203832,0.004379902,True
2004-04-19,549.66,13.2,8.414286,14.400001,1.9142858,68.057144,2.2142856,1.9,2.2857144,9.385715,10.757143,0.00014425814,0.0048026517,1.9578707e-05,0.00011735782,6.966293e-07,True
2004-04-26,549.66,0.0,10.257143,16.2,3.2714288,65.814285,2.6857145,2.1285713,2.7714286,8.985714,13.414286,0.00013177842,0.0048116744,-7.2791902999999985e-25,2.0489097e-08,0.0,True
2004-05-03,549.63,13.2,12.400001,19.285715,5.085715,70.38572,2.885714,2.1857142,2.8,8.242857,15.842857,0.0001603812,0.0046709776,-7.2791902999999985e-25,0.0,0.0,True
2004-05-10,549.61,43.5,7.1857147,11.271429,4.8,82.85714,1.5,1.4285715,1.6142857,8.985714,10.114285,0.00079995394,0.004537359,5.112943e-05,0.0004924573,0.00052688643,True
2004-05-17,549.6,1.5,11.142858,16.87143,4.414286,71.27143,2.5857143,2.1857142,2.8714287,9.114285,14.242857,0.00011211634,0.004470125,4.779725e-06,4.4241548e-05,0.0,True
2004-05-24,549.58,23.1,12.228572,18.514286,5.2000003,65.814285,3.242857,2.642857,3.4428573,8.842857,16.442858,0.0012116432,0.0043516606,-7.2791902999999985e-25,0.0,0.0,True
2004-05-31,549.56,21.400002,12.242858,17.814287,5.0,67.71429,3.2,2.5714285,3.357143,8.471429,16.7,0.0003016889,0.004211001,-7.2791902999999985e-25,0.0,0.0,True
2004-06-07,549.55,33.1,12.599999,17.542858,7.9857144,82.62858,2.2428572,2.0714285,2.6000001,9.485714,15.785714,0.00074119866,0.0040991306,-7.2791902999999985e-25,3.7252903e-09,0.0,True
2004-06-14,549.52,28.900002,16.757143,22.928572,10.3,71.85714,3.6714287,3.0857143,3.8,9.028571,20.257143,0.00031471997,0.004013069,-7.2791902999999985e-25,7.450581e-09,0.0,True
2004-06-21,549.51,14.9,14.257143,18.828571,9.2,73.15715,2.957143,2.5714285,3.1714287,8.757143,17.828571,0.00027112663,0.003896691,-7.2791902999999985e-25,7.450581e-09,0.0,True
2004-06-28,549.49,10.0,16.87143,22.17143,11.042857,66.957146,3.8714287,2.9142857,3.8857143,8.242857,19.4,0.00013558567,0.0037681386,-7.2791902999999985e-25,7.450581e-09,0.0,True
2004-07-05,549.48,17.2,16.242857,21.800001,10.328572,65.52857,3.6714284,2.5714285,3.9142857,7.3,19.928572,0.00013430417,0.003578052,-7.2791902999999985e-25,7.450581e-09,0.0,True
2004-07-12,549.46,53.7,14.071428,19.085714,10.842857,81.64286,2.7285717,2.457143,2.857143,8.1285715,17.785715,0.004584536,0.0035646632,-7.2791902999999985e-25,7.450581e-09,0.0,True
2004-07-19,549.46,42.2,17.942858,23.600002,12.871429,74.457146,3.3285716,2.8285713,3.7714286,8.214286,20.385714,0.00021953136,0.0033203214,-7.284705e-25,7.450581e-09,0.0,True
2004-07-26,549.45,64.6,19.242859,25.1,14.6285715,79.200005,3.214286,2.8285713,3.5714285,7.957143,22.957144,0.0007253662,0.0032112524,-7.345365000000001e-25,9.313226e-09,0.0,True
2004-08-02,549.46,2.6,18.485714,25.300001,10.557143,64.328575,3.8428571,2.7,4.2714286,7.3428574,22.4,1.3738871e-05,0.0031050593,-7.345365000000001e-25,7.450581e-09,0.0,True
2004-08-09,549.44,2.5,20.257143,27.4,13.214286,68.04286,3.7714283,2.0571427,4.2428575,6.5285716,24.5,5.0842762e-05,0.0029529482,-7.345365000000001e-25,3.7252903e-09,0.0,True
2004-08-16,549.49,15.3,17.742857,24.17143,13.157144,74.828575,2.7857144,2.1571429,3.2857144,6.9714284,20.928572,0.00023887306,0.0027958006,-7.345365000000001e-25,1.3038516e-08,0.0,True
2004-08-23,549.49,22.3,16.685715,22.285715,12.457144,77.01428,2.4142857,2.1714284,2.8142858,7.3714285,19.585714,0.0002847463,0.002661787,-7.345365000000001e-25,1.8626451e-09,0.0,True
2004-08-30,549.49,15.5,15.514287,20.628572,11.985715,77.84286,2.1142857,1.9285715,2.642857,7.8,17.671429,0.00029459596,0.0025406852,-7.345365000000001e-25,1.3038516e-08,0.0,True
2004-09-06,549.48,0.0,16.27143,23.828571,9.228571,71.92857,2.5142858,1.942857,3.0285716,7.5,19.557142,2.5071204e-05,0.0024215803,-7.345365000000001e-25,0.0,0.0,True
2004-09-13,549.46,6.6,15.7,23.314287,8.928572,69.62858,2.4285715,1.7428571,2.8142858,6.7285714,19.057142,6.175041e-05,0.0022862554,-7.345365000000001e-25,5.5879354e-09,0.0,True
2004-09-20,549.45,14.2,13.1,18.714285,8.5,80.9,1.442857,1.1714286,1.7714285,6.8,15.728572,7.691234e-05,0.0021714494,-7.345365000000001e-25,1.8626451e-09,0.0,True
2004-09-27,549.43,37.8,9.8,12.885715,7.7000003,83.8,1.1,0.99999994,1.3571428,7.7,11.514286,0.0008433983,0.002077788,-7.345365000000001e-25,9.313226e-09,0.0,True
2004-10-04,549.42,6.5,12.642858,17.87143,8.814286,83.94286,1.0142857,0.90000004,1.4,8.542857,13.642858,0.00015884638,0.0020108,-7.345365000000001e-25,3.7252903e-09,0.0,True
2004-10-11,549.4,40.7,11.871429,16.214285,8.928572,83.97143,0.92857134,0.85714287,1.2142857,8.971429,13.2,0.00042646378,0.0019491836,-7.345365000000001e-25,3.7252903e-09,0.0,True
2004-10-18,549.39,14.2,6.9428573,11.071428,4.2714286,85.01429,0.75714284,0.75714284,0.9285714,9.9,8.257143,0.00023268163,0.001908727,-7.345365000000001e-25,0.0,0.0,True
2004-10-25,549.37,19.0,11.599999,17.442858,6.742858,85.04286,0.81428576,0.7857142,0.9857143,9.914286,11.214286,2.9839575e-05,0.0018836185,-7.345365000000001e-25,3.7252903e-09,0.0,True
2004-11-01,549.36,10.7,8.742857,11.585714,6.442857,91.87144,0.44285718,0.42857143,0.55714285,10.185715,9.714286,0.00018528849,0.0018658489,-7.345365000000001e-25,3.7252903e-09,0.0,True
2004-11-08,549.34,7.0,6.6714287,9.142858,5.014286,90.88572,0.31428573,0.31428573,0.4857143,10.171429,7.9,0.00016795099,0.0018571019,0.0001506408,9.4031915e-05,0.0009929687,True
2004-11-15,549.33,6.1,0.02857147,2.2,-1.6000001,88.6,0.20000002,0.20000002,0.37142858,10.357142,1.8142858,6.452203e-05,0.0018558204,0.003993227,0.00220122,0.007836051,True
2004-11-22,549.33,5.4,2.4142857,5.0285716,-1.4857143,81.1,0.5285714,0.5285714,0.6857143,10.242857,1.9285715,0.0002886951,0.0018661842,0.0025647026,0.007144088,0.0014628526,True
2004-11-29,549.32,3.3,2.8714287,5.514286,0.22857146,89.34286,0.25714287,0.25714287,0.3857143,10.314285,2.7714286,0.0001386106,0.0019039512,8.24985e-05,0.0005105026,2.644956e-06,True
2004-12-06,549.32,2.3999999,1.0714285,3.3142858,-0.8000001,92.87144,0.12857144,0.114285715,0.24285714,10.214286,1.7428571,6.504357e-05,0.0019728914,4.5089495e-05,8.189678e-05,0.00011491589,True
2004-12-13,549.31,0.0,-2.757143,-1.4857142,-3.8142858,94.91429,0.014285714,0.014285714,0.12857142,10.1285715,-0.18571429,7.8976154e-07,0.002045989,5.0397146e-05,3.4537166e-05,2.1276996e-05,True
2004-12-20,549.3,20.199999,-1.9857143,2.3428574,-5.5142856,88.57143,0.27142856,0.27142856,0.31428573,10.457143,-0.3857143,7.017702e-05,0.0021091104,0.0058681453,5.0859526e-05,0.022502877,True
2004-12-27,549.31,24.3,0.54285717,2.4142857,-2.7285714,85.58572,0.21428572,0.21428572,0.42857143,10.642858,0.47142857,0.00044504553,0.0021629408,0.014274625,0.018891925,0.015300885,True
2005-01-03,549.31,9.1,-0.042857137,1.9142858,-2.5714285,88.24286,0.075,0.075,0.4,10.65,0.275,0.00064549595,0.0025997832,0.017451491,0.017777056,0.0076525398,True
2005-01-10,549.32,3.2,4.6857142,8.542857,0.6714286,75.78571,0.64285713,0.64285713,0.7428571,10.271428,2.442857,0.00029759854,0.0026642904,0.0023884717,0.0065433346,1.3317913e-05,True
2005-01-17,549.36,4.9,0.14285712,5.285714,-3.8428574,81.685715,0.37142858,0.34285715,0.4,10.171429,1.0142857,0.00013692677,0.0031880736,7.6401804e-05,0.000100087374,5.8297068e-05,True
2005-01-24,549.37,24.4,0.37142858,3.2428572,-2.0285716,83.6,0.4714286,0.4714286,0.64285713,10.614285,0.64285713,0.0009261966,0.0045278817,0.0032226245,0.0038661696,0.014549147,True
2005-01-31,549.38,13.5,-8.171429,-4.928571,-12.514285,85.92857,0.028571429,0.028571429,0.25714284,10.542857,0.057142857,4.8428774e-08,0.004496336,0.014901308,0.0,0.011958651,True
2005-02-07,549.38,4.8,-2.8857143,0.042857137,-5.571429,91.21429,0.20000002,0.20000002,0.35714287,10.585714,0.114285715,4.4323504e-05,0.004991971,0.03296577,0.0019193571,0.0162624,True
2005-02-14,549.4,33.6,1.4714286,5.8,-2.2,81.62858,0.7142858,0.7142858,0.7,10.642858,0.95714283,0.0032937303,0.0072241426,0.018638866,0.031280834,0.011080135,True
2005-02-21,549.63,17.8,-3.2428572,-1.2857143,-5.085714,87.91429,0.014285714,0.014285714,0.45714286,10.971429,0.21428572,3.3006072e-06,0.00801184,0.02635895,0.00014256686,0.023966134,True
2005-02-28,549.75,8.5,-6.6857147,-2.6285713,-10.057143,84.057144,0.014285714,0.014285714,0.5,10.457143,0.14285715,0.0,0.0090063065,0.04023884,0.0,0.010569919,True
2005-03-07,549.76,4.8,-6.9857144,-1.0142857,-13.814286,77.78571,0.14285715,0.14285715,0.59999996,10.285714,0.1,2.682209e-07,0.009051651,0.04413099,1.4284626e-05,0.005863607,True
2005-03-14,549.8,9.2,-0.15714288,3.6285717,-4.871429,79.47143,0.7714285,0.7571429,0.9857143,10.328571,0.45714286,0.00023750961,0.008868001,0.0520845,0.010727186,0.014090352,True
2005-03-21,549.82,0.5,8.642858,14.585715,3.8,69.78571,1.8,1.5428572,1.9571428,9.728572,6.5857143,0.0032438189,0.009404831,0.011562659,0.047253724,0.0,True
2005-03-28,549.9,28.5,9.428572,14.400001,5.0142856,83.38572,1.2571429,1.1999999,1.5,9.742857,10.157143,0.0004130751,0.010408372,1.1546271e-05,8.2863495e-05,0.0,True
2005-04-04,550.02,8.1,8.285714,14.642858,2.7142856,70.057144,2.0428572,1.8571428,2.0571427,10.257143,10.614285,0.00032138824,0.010825887,-7.345365000000001e-25,3.7252903e-08,0.0,True
2005-04-11,550.07,12.9,7.3142858,11.271429,3.3142858,74.61428,1.6285714,1.5,1.8000001,9.928572,9.042857,0.00032293797,0.010761358,0.00010181041,0.00048606098,0.0005855933,True
2005-04-18,550.12,26.6,9.285714,14.614286,3.857143,74.685715,2.0571427,1.8000001,2.1285713,9.8,11.5,0.00022374094,0.010392129,1.2199084e-05,9.822473e-05,1.9446015e-06,True
2005-04-25,550.14,49.0,7.114286,11.428572,2.8857143,79.72858,1.5857143,1.557143,1.7285715,11.0,9.985714,0.001470834,0.010974184,-7.345365000000001e-25,3.7252903e-07,0.0,True
2005-05-02,550.21,12.2,14.114286,20.4,7.828572,70.27143,3.0857143,2.7571428,3.0714285,10.2,15.771428,0.0003889799,0.011042036,-7.345365000000001e-25,3.7252903e-09,0.0,True
2005-05-09,550.32,39.5,8.928572,13.557143,6.1142855,82.057144,1.942857,1.9285715,2.0285714,10.328571,11.785714,0.00074391067,0.011279188,5.1089694e-07,4.714355e-06,5.448237e-06,True
2005-05-16,550.37,11.2,9.857142,15.385715,3.7857144,72.35714,2.5714285,2.3142855,2.6857142,9.928572,13.257143,0.0014140606,0.010996513,5.676633e-08,7.9348683e-07,0.0,True
2005-05-23,550.38,29.4,12.357144,17.442858,7.914286,76.57143,2.3999999,2.2285714,2.7142856,10.028571,15.3,0.0007427782,0.010590665,-7.345365000000001e-25,0.0,0.0,True
2005-05-30,550.37,7.6,18.52857,25.9,9.6,63.5,4.5,3.7857146,4.6,9.514286,21.942858,0.00012101978,0.010154426,-7.345365000000001e-25,3.7252903e-09,0.0,True
2005-06-06,550.34,27.6,14.485715,19.52857,8.857142,68.41429,3.3142855,2.7,3.5,8.428572,18.785715,0.00018721819,0.009550251,-7.345365000000001e-25,3.7252903e-09,0.0,True
2005-06-13,550.31,4.4,11.7,16.685715,5.8428574,68.41429,2.8142855,2.242857,3.0285716,7.9,15.785714,9.8630786e-05,0.00885509,-7.345365000000001e-25,3.7252903e-09,0.0,True
2005-06-20,550.32,40.0,18.185715,23.9,12.214286,68.48572,3.8857143,2.8142855,3.957143,8.185715,21.514286,0.00026730448,0.008113712,-7.345365000000001e-25,0.0,0.0,True
2005-06-27,550.29,8.7,22.042858,28.914288,14.714286,66.07143,5.128571,2.8,5.1571426,6.9857144,26.171429,3.6492944e-05,0.007227555,-7.345365000000001e-25,1.1175871e-08,0.0,True
2005-07-04,550.25,53.1,18.542858,24.542858,13.442857,75.78571,3.6142857,2.7857144,3.7857144,7.357143,22.242857,0.00090803206,0.006416589,-7.345365000000001e-25,1.4901161e-08,0.0,True
2005-07-11,550.21,44.2,13.528571,17.77143,8.857142,81.8,2.3142858,2.2285714,2.4857142,9.014286,16.828571,0.0011969805,0.0058083236,-7.345365000000001e-25,7.450581e-09,0.0,True
2005-07-18,550.17,13.8,19.542858,26.742859,13.042857,69.057144,4.342857,3.7,4.5571427,8.728572,23.071428,0.00017987192,0.005342923,-7.345365000000001e-25,3.7252903e-09,0.0,True
2005-07-25,550.14,26.7,16.428572,21.0,12.742858,76.17143,2.7571428,2.5,3.1285713,8.485714,19.12857,0.00037387013,0.004922271,-7.345365000000001e-25,1.1175871e-08,0.0,True
2005-08-01,550.09,3.6000001,20.242859,26.27143,14.642858,71.47143,3.4714286,2.9857142,3.9142857,8.514286,22.857143,0.00019110739,0.0045709386,-7.345365000000001e-25,3.7252903e-09,0.0,True
2005-08-08,550.05,22.9,14.028572,18.800001,10.442857,76.48572,2.2857146,2.1857142,2.6857142,9.214286,17.4,0.0004222542,0.0042798817,-7.345365000000001e-25,3.7252903e-09,0.0,True
2005-08-15,550.02,9.400001,14.571428,20.600002,8.542857,73.51429,2.6571429,2.2999997,3.142857,8.728572,18.071428,0.00026308,0.0040151104,-7.345365000000001e-25,5.5879354e-09,0.0,True
2005-08-22,550.0,90.5,15.900001,20.0,12.6,83.98572,1.9142857,1.7571429,2.3857143,9.471429,18.071428,0.002898872,0.0041497126,-7.345365000000001e-25,3.7252903e-09,0.0,True
2005-08-29,550.03,8.8,15.742858,21.0,11.0,78.185715,2.1142857,1.9285715,2.6142857,10.071428,18.185715,0.0005339831,0.0039966404,-7.345365000000001e-25,0.0,0.0,True
2005-09-05,550.05,1.2,18.514286,25.328571,12.457144,77.700005,2.5857143,2.0285714,3.2,8.757143,21.914286,6.6287816e-05,0.004049994,-7.345365000000001e-25,1.1175871e-08,0.0,True
2005-09-12,550.07,36.9,17.357143,23.742859,12.428572,77.82857,2.1285715,1.7142859,2.542857,8.671429,20.3,0.0013803095,0.0039471537,-7.345365000000001e-25,3.7252903e-09,0.0,True
2005-09-19,550.07,19.400002,12.542857,16.814287,9.228571,81.61428,1.2571428,1.1999999,1.7571429,9.6285715,14.485714,0.00051029027,0.0038666278,-7.345365000000001e-25,5.5879354e-09,0.0,True
2005-09-26,550.07,0.1,11.8,19.185715,5.714286,79.21429,1.5142858,1.2857143,1.8857143,9.242857,14.642858,8.150935e-06,0.0038501918,-7.345365000000001e-25,0.0,0.0,True
2005-10-03,550.06,50.3,10.757143,14.085715,8.342857,86.84286,0.75714284,0.7142857,1.1,9.914286,12.271428,0.0010024607,0.003975801,-7.345365000000001e-25,3.7252903e-09,0.0,True
2005-10-10,550.09,2.1,11.614286,15.785714,8.742857,89.5,0.85714287,0.81428576,1.1428572,10.428572,13.3714285,0.0008998811,0.004349135,-7.345365000000001e-25,1.8626451e-09,0.0,True
2005-10-17,550.12,0.0,7.857143,14.985715,2.7,84.200005,0.9285715,0.7857142,1.1,9.7,11.071428,7.0780516e-07,0.0050615147,-7.345365000000001e-25,1.8626451e-09,0.0,True
2005-10-24,550.09,3.6000001,9.014286,14.6,4.2285714,85.78571,0.7428571,0.64285713,0.9285714,9.5,10.228572,1.5236437e-05,0.0051996484,-7.345365000000001e-25,1.8626451e-09,0.0,True
2005-10-31,550.08,0.1,10.157143,16.942858,4.9714284,84.58572,0.8285714,0.67142856,0.9285714,9.328571,11.2,5.811453e-06,0.0051362216,-7.345365000000001e-25,5.5879354e-09,0.0,True
2005-11-07,550.04,9.0,8.214286,13.042857,4.1,89.14286,0.51428574,0.4857143,0.6,9.585714,9.085714,0.00028431416,0.005025111,-7.345365000000001e-25,1.8626451e-09,0.0,True
2005-11-14,550.03,0.0,4.5142856,9.1,0.8000001,89.42857,0.37142855,0.34285712,0.44285718,9.757143,6.0285716,6.3329935e-06,0.0049052536,-7.345365000000001e-25,0.0,0.0,True
2005-11-21,549.98,14.0,1.0714285,4.214286,-1.7571429,85.62858,0.27142859,0.22857144,0.47142857,9.857142,2.2142856,6.531179e-05,0.004783772,0.0023361216,0.0006354768,0.012402408,True
2005-11-28,550.0,6.6000004,-3.142857,-0.35714287,-6.5428576,82.28571,0.114285715,0.114285715,0.41428572,10.285714,0.44285715,8.940697e-06,0.0046679527,0.01454116,0.00054720417,0.0093794465,True
2005-12-05,549.99,10.0,-0.51428574,2.5142858,-4.071429,88.92857,0.18571427,0.18571427,0.32857147,10.3714285,0.71428573,0.00028657913,0.004551694,0.018093722,0.009465354,0.002552621,True
2005-12-12,549.98,1.0,-0.3285714,1.8857144,-2.1857142,86.12858,0.14285715,0.14285715,0.31428573,10.314285,0.5714286,6.773323e-05,0.0044514164,0.011054556,0.0028712973,0.0023879446,True
2005-12-19,549.95,18.7,-0.85714287,0.78571427,-2.6285717,85.799995,0.2,0.2,0.44285718,10.6,0.1,0.00019612908,0.0043831766,0.014847363,0.0038063973,0.017618578,True
2005-12-26,549.93,6.4,-0.9571429,0.6857143,-2.757143,91.78571,0.071428575,0.071428575,0.2857143,10.471429,0.2,0.00010545552,0.0043349415,0.025446102,0.0040994175,0.009168634,True
2006-01-02,549.9,23.6,-3.6571429,-1.1428572,-8.214286,90.64286,0.08,0.08,0.21428572,10.54,0.2,0.00025505573,0.004311107,0.033994764,0.009072777,0.016514905,True
2006-01-09,549.92,0.2,-3.614286,-1.8571428,-5.3428574,90.1,0.042857144,0.042857144,0.24285714,10.4,0.14285715,9.462237e-06,0.0043432415,0.03604476,0.00047557428,0.0014375336,True
2006-01-16,549.89,1.1,-8.642858,-3.457143,-12.842857,88.28571,0.014285714,0.014285714,0.15714286,10.228572,-0.62857145,1.2412667e-05,0.004404418,0.034751516,0.0006461181,1.1920929e-06,True
2006-01-23,549.89,18.9,-0.7285714,1.9714286,-4.142857,87.40001,0.2857143,0.2857143,0.40000004,10.728572,-0.057142857,0.00038449466,0.004442692,0.03915442,0.011375338,0.015391625,True
2006-01-30,549.9,0.0,-5.6142855,-1.2285715,-10.285714,81.37144,0.114285715,0.1,0.35714287,10.271428,-1.3142858,3.3833086e-05,0.004560001,0.035209663,0.0016332753,0.00061055645,True
2006-02-06,549.88,0.2,-4.414286,0.37142852,-8.614286,84.61428,0.17142858,0.17142858,0.34285715,10.1285715,-1.1857142,0.00014322251,0.0046924874,0.02705381,0.006830003,0.0009381473,True
2006-02-13,549.84,8.1,-3.3428574,0.27142859,-6.4428573,86.11428,0.24285714,0.24285714,0.5,10.342857,0.0,3.0376017e-05,0.004805073,0.033227205,0.0010228734,0.01534931,True
2006-02-20,549.92,18.4,2.9428573,6.214286,-1.3142859,81.92857,0.7285714,0.7285714,0.78571427,10.785714,0.6857143,0.003158912,0.0056040064,0.020179845,0.03301694,0.0027905963,True
2006-02-27,549.93,3.8,-1.0714285,1.7142857,-3.2000003,84.65715,0.27142859,0.27142859,0.62857145,10.257143,0.44285715,9.354949e-05,0.00667198,0.00637076,0.0029629897,0.0055703986,True
2006-03-06,549.92,58.0,-2.5,0.88571435,-6.942857,84.74286,0.22857143,0.22857143,0.5714286,10.971429,0.014285714,0.00015549362,0.007719703,0.029472737,0.0032113474,0.058951702,True
2006-03-13,550.29,18.0,-1.7000002,2.2714286,-6.1285715,83.0,0.4857143,0.4857143,0.8,11.271428,0.2857143,0.0045126453,0.010683201,0.04717249,0.03313454,0.010450065,True
2006-03-20,550.39,0.1,-0.8714286,3.457143,-4.828572,74.614296,0.7714286,0.7428571,1.1428572,10.214286,0.71428573,0.0006263554,0.013789453,0.030724185,0.020891238,5.698204e-05,True
2006-03-27,550.4,14.1,6.5428576,11.214286,2.5714285,82.6,1.2857143,1.2571428,1.3857143,9.985714,4.9428573,0.00093087554,0.015709773,0.0035429965,0.016042499,0.0021492876,True
2006-04-03,550.42,26.2,8.185715,12.642858,4.8857145,78.72858,1.7714285,1.7714285,1.7714285,10.557143,8.314285,0.00066931546,0.017873697,1.8789655e-06,1.2965873e-05,1.692772e-05,True
2006-04-10,550.54,57.7,3.4428573,8.328572,-0.5571429,82.37144,1.4714286,1.4142857,1.4571428,10.771428,6.1714287,0.0009924918,0.017846495,0.0036106564,0.010032225,0.020488814,True
2006-04-17,550.81,11.3,6.7571435,10.685715,3.1285713,82.057144,1.4285715,1.4142857,1.6,10.8,6.7,0.00088618696,0.020269752,0.0040902128,0.015785944,0.005751852,True
2006-04-24,550.93,5.1000004,11.342857,18.114286,5.0142856,69.00001,2.7714288,2.4714286,2.7571428,9.685715,13.714286,0.00015939772,0.022050686,2.4409522e-07,2.3022294e-06,0.0,True
2006-05-01,550.95,24.2,9.614286,13.857142,5.5,78.557144,1.8142856,1.6857144,1.9571428,9.971429,12.242857,0.00045271218,0.020154618,-7.345365000000001e-25,6.3329935e-08,8.195639e-08,True
2006-05-08,550.93,0.9,14.042857,20.642857,5.8285713,58.528572,3.9,3.0285716,3.6571429,9.042857,17.042856,8.709729e-06,0.01770147,-7.345365000000001e-25,1.8626451e-08,0.0,True
2006-05-15,550.88,32.2,12.071428,18.485716,6.071429,74.799995,2.9428573,2.4714284,2.9142857,8.557143,15.642858,0.0007992536,0.0150562,-7.345365000000001e-25,3.7252903e-09,0.0,True
2006-05-22,550.84,27.5,14.400001,20.171429,10.028572,74.41429,3.0285714,2.885714,3.1000001,9.314285,16.22857,0.0006838888,0.012904644,-7.345365000000001e-25,1.1175871e-08,0.0,True
2006-05-29,550.81,32.3,12.771429,16.214285,9.514287,76.32857,2.4142857,2.2857144,2.4428573,9.285714,14.328571,0.001851961,0.011387482,-7.345365000000001e-25,1.1175871e-08,0.0,True
2006-06-05,550.78,16.0,8.185715,12.3714285,4.4428573,78.74286,1.9571428,1.9142855,2.142857,10.514286,11.014286,0.0005162433,0.010379054,3.633045e-06,3.08007e-05,3.0040741e-05,True
2006-06-12,550.73,0.1,14.014287,20.100002,5.714286,60.271427,4.1285715,3.2285714,4.085714,9.285714,17.6,1.4320016e-05,0.009581767,-7.345365000000001e-25,7.450581e-09,0.0,True
2006-06-19,550.67,3.2,21.0,27.914288,13.457144,62.914288,4.914285,3.4857142,4.9857144,7.614286,23.957144,7.669628e-05,0.008560389,-7.345365000000001e-25,7.450581e-09,0.0,True
2006-06-26,550.61,16.199999,20.614286,26.814285,15.214287,71.12858,4.1714287,2.8999999,4.342857,7.1714287,23.957144,4.6744943e-05,0.0075545236,-7.345365000000001e-25,7.450581e-09,0.0,True
2006-07-03,550.55,1.1,19.414288,24.614286,13.400001,71.02857,4.114286,3.0285714,4.457143,7.2714286,23.114286,0.00021626055,0.0066394955,-7.345365000000001e-25,7.450581e-09,0.0,True
2006-07-10,550.46,57.6,19.800001,25.728573,14.257143,75.457146,3.8428571,2.885714,4.0285716,7.2285714,24.014286,0.00018519163,0.005816035,-7.345365000000001e-25,1.1175871e-08,0.0,True
2006-07-17,550.4,2.3,21.1,27.685715,14.185715,63.914288,4.9,3.0142858,4.928571,6.6714287,25.27143,7.125735e-05,0.0051018074,-7.345365000000001e-25,9.313226e-09,0.0,True
2006-07-24,550.34,0.6,22.985716,31.27143,13.67143,57.12857,5.142857,1.8571427,5.2999997,5.8428574,26.142857,2.2023916e-05,0.0043957233,-7.345365000000001e-25,7.450581e-09,0.0,True
2006-07-31,550.27,43.300003,22.171429,29.52857,15.842857,67.61429,4.2428575,2.0285714,4.357143,5.9428573,25.442858,9.62913e-05,0.0037808046,-7.345365000000001e-25,7.450581e-09,0.0,True
2006-08-07,550.21,52.6,15.214286,19.7,12.542857,83.0,2.2000003,1.9714286,2.4142857,8.0,17.857143,0.00039505213,0.0033666268,-7.345365000000001e-25,9.313226e-09,0.0,True
2006-08-14,550.16,27.4,13.014285,17.842857,9.8714285,82.74286,1.8714285,1.8,2.2285714,9.457143,15.842857,0.0003431961,0.0030693635,-7.345365000000001e-25,7.450581e-09,0.0,True
2006-08-21,550.13,17.3,16.171429,22.17143,10.8714285,77.88572,2.7000003,2.542857,2.9857142,9.242857,18.614286,0.0001693815,0.0028255358,-7.345365000000001e-25,1.3038516e-08,0.0,True
2006-08-28,550.09,28.5,13.728571,19.5,10.042857,81.65714,2.0,1.942857,2.3285713,9.657143,16.471428,0.0008931756,0.00261911,-7.345365000000001e-25,1.1175871e-08,0.0,True
2006-09-04,550.05,10.7,14.914286,20.814287,10.414286,77.08572,2.2142859,2.057143,2.5285716,10.3,16.342857,0.00018666685,0.0024636835,-7.345365000000001e-25,1.3038516e-08,0.0,True
2006-09-11,550.01,8.7,16.928572,24.100002,10.214286,75.24286,2.5285714,2.085714,2.9428573,9.328571,20.1,0.00010116398,0.0023199245,-7.345365000000001e-25,3.7252903e-09,0.0,True
2006-09-18,549.96,4.3,16.228573,21.714285,11.357142,81.37144,1.6999999,1.3857142,2.0,8.842857,19.1,0.00014603138,0.0021879748,-7.345365000000001e-25,3.7252903e-09,0.0,True
2006-09-25,549.91,14.8,14.7,20.742859,9.657143,85.65714,1.6285715,1.3857143,1.7714285,9.214286,17.785715,0.0037709102,0.002086237,-7.345365000000001e-25,5.5879354e-09,0.0,True
2006-10-02,549.88,23.7,14.028571,18.185715,11.028572,87.85714,1.0428572,1.0142857,1.3000001,9.928572,16.0,0.0007151589,0.0019997582,-7.345365000000001e-25,5.5879354e-09,0.0,True
2006-10-09,549.84,17.0,10.571428,16.785715,6.5,81.74286,1.1571428,1.1,1.4285715,10.557143,12.342857,0.0016307235,0.0019396767,-7.345365000000001e-25,3.7252903e-09,0.0,True
2006-10-16,549.79,0.2,10.614286,16.528572,5.9857144,85.92857,0.9142857,0.7857142,1.0571429,9.728572,13.085714,9.454787e-06,0.0018931702,-7.345365000000001e-25,7.450581e-09,0.0,True
2006-10-23,549.75,2.5,10.585714,17.114286,5.7999997,86.057144,0.85714287,0.7428571,0.94285715,9.414286,12.1285715,1.2174249e-05,0.0018520206,-7.345365000000001e-25,3.7252903e-09,0.0,True
2006-10-30,549.73,4.7,11.914286,17.728573,6.4857144,80.71429,0.9857143,0.9285714,1.0714285,9.528571,11.985714,0.00012738258,0.0018105358,-7.345365000000001e-25,7.450581e-09,0.0,True
2006-11-06,549.69,1.8000001,3.9857144,8.514286,-0.32857147,78.41429,0.64285713,0.62857145,0.78571427,9.528571,4.957143,4.570186e-05,0.0017743707,0.00046505246,0.0009301938,0.0012805685,True
2006-11-13,549.7,10.6,5.957143,10.828572,0.9714286,81.35714,0.7,0.6571428,0.71428573,9.614285,5.4,0.00017131865,0.0017417744,6.228969e-05,0.00034974702,0.0,True
2006-11-20,549.67,2.3,7.7571425,12.814286,3.8142858,88.98572,0.51428574,0.4857143,0.42857143,9.828571,7.614286,0.00013306737,0.0017151013,-7.345365000000001e-25,5.9604645e-08,0.0,True
2006-11-27,549.66,11.8,5.657143,10.942857,1.5000001,87.14286,0.42857146,0.41428572,0.4,10.057143,5.5,0.00018042326,0.0016960502,0.00014919894,0.00059002265,0.0006063394,True
2006-12-04,549.64,10.6,4.5285716,7.071429,1.7714285,93.42857,0.31428573,0.27142859,0.25714287,9.971429,4.6,0.00019517541,0.0016917065,8.832841e-06,2.941303e-05,0.0,True
2006-12-11,549.62,33.0,4.3857145,8.1,0.9857143,90.700005,0.3857143,0.41428575,0.24285714,10.642858,4.5285716,0.0004388988,0.0016982779,0.0023303826,0.0027482882,0.008602422,True
2006-12-18,549.59,8.9,1.957143,5.928571,-1.4000002,86.471436,0.31428573,0.31428573,0.32857147,10.3,1.5428572,0.00019539893,0.0017575473,0.0034173443,0.0050378647,0.000823617,True
2006-12-25,549.58,0.0,-1.057143,0.8428572,-2.8285716,88.200005,0.12857144,0.12857144,0.18571429,10.171429,-7.930165e-18,8.881092e-06,0.0018684268,0.0015137196,0.00045159832,0.00026980415,True
2007-01-01,549.57,9.3,2.2285714,6.285714,-1.8142859,80.34286,0.33333334,0.29999998,0.5,10.066667,-0.05,0.00016997755,0.0019820705,0.00096095743,0.0016081929,0.0003864318,True
2007-01-08,549.56,9.8,4.8142858,6.9000006,2.4857142,85.3,0.6,0.6,0.5428571,10.428572,3.057143,0.00033464283,0.0020839497,0.0019059465,0.006114792,0.006129198,True
2007-01-15,549.54,4.6,6.4428573,9.8714285,3.0428574,83.057144,0.8285715,0.8,0.7,10.157143,5.2714286,0.00024570525,0.0022621006,2.7531669e-06,3.3635646e-05,0.0,True
2007-01-22,549.52,13.0,7.1,9.771429,4.357143,80.71429,1.0285714,1.0142858,0.95714283,10.1,5.428571,0.0012119263,0.002517119,1.2568065e-05,8.2645565e-06,0.0008998215,True
2007-01-29,549.49,12.6,-2.8857143,-0.8000001,-5.3428574,87.15715,0.18571427,0.18571427,0.3857143,10.557143,0.6571429,7.598102e-05,0.0028731227,0.019339658,0.00330602,0.026616152,True
2007-02-05,549.46,5.9,1.3000001,4.9428573,-2.4857144,88.0,0.4857143,0.45714286,0.40000004,10.142858,1.9,0.0005862266,0.0032071248,0.012646465,0.019627305,0.0008760989,True
2007-02-12,549.44,27.8,3.0285716,6.3,0.4,90.38572,0.64285713,0.64285713,0.5142857,10.671429,3.057143,0.0011875257,0.0038620755,0.00432971,0.010629665,0.0070954524,True
2007-02-19,549.47,8.4,2.8142858,8.157143,-1.7714285,83.98572,0.87142855,0.85714287,0.7,10.671429,3.8,0.00018391013,0.0055638626,6.9788526e-05,0.0003319243,3.3304095e-05,True
2007-02-26,549.54,12.6,5.014286,11.242858,0.9285714,81.07143,1.0428572,0.9428572,0.90000004,9.957143,5.614286,0.00016784668,0.006758094,9.1314316e-05,0.00060041994,0.0013138279,True
2007-03-05,549.58,13.4,6.0142856,10.328572,2.3142858,78.77143,1.5,1.5,1.2428571,10.657143,5.7285714,0.0005281493,0.007098384,0.00024099009,0.0018326249,0.0010946728,True
2007-03-12,549.61,2.3,4.585714,11.042857,-0.9857143,76.32857,1.3,1.2571428,1.2285715,10.157143,6.242857,0.00020317733,0.0074980035,0.00014223938,0.00053553656,0.00069855154,True
2007-03-19,549.64,12.4,5.857143,12.457144,0.20000002,77.08572,1.4714286,1.257143,1.3714286,9.657143,7.614286,0.00015981495,0.0075910166,0.0002018554,0.000448497,0.003539674,True
2007-03-26,549.65,16.4,2.3714287,6.214286,-0.61428577,81.8,1.0857142,1.0428572,1.1142857,10.285714,3.1857142,0.00051766634,0.007479124,0.010023253,0.022297665,0.022767399,True
2007-04-02,549.66,2.6,6.085714,13.6,-0.3857143,74.814285,1.8714286,1.6,1.7428571,9.7,8.857142,0.000106573105,0.0073502734,0.0004304761,0.0024486072,0.0005670786,True
2007-04-09,549.67,10.7,7.214286,14.442858,0.09999999,72.92857,2.2857144,1.9285715,2.0857143,9.3,10.442857,0.00020835549,0.0071949437,0.00017312595,0.0011958871,0.0011701472,True
2007-04-16,549.67,0.0,13.1285715,21.357143,3.8428574,62.557148,3.6857142,2.6571429,3.3142858,8.2,15.614285,2.9802322e-08,0.0069062486,1.0217939e-07,1.2293458e-06,0.0,True
2007-04-23,549.68,0.0,11.528572,19.485716,2.1857142,61.528572,3.3428574,1.7142859,3.1714287,7.071429,15.885715,7.301569e-06,0.0064711943,-7.345365000000001e-25,1.8626451e-09,0.0,True
2007-04-30,549.67,0.0,14.971429,22.528574,6.9,59.957146,3.957143,1.2428571,3.8285713,6.4,18.2,2.95043e-06,0.0059413314,-7.345365000000001e-25,0.0,0.0,True
2007-05-07,549.66,20.7,12.271429,17.428572,6.2285714,66.71429,3.1,0.95714283,2.9428573,6.285714,15.471429,0.0002516657,0.005370036,-7.345365000000001e-25,3.7252903e-09,0.0,True
2007-05-14,549.67,29.800001,15.157144,20.571428,9.614286,68.97143,3.7428572,3.1285713,3.6000001,8.3714285,16.257143,0.0013745129,0.00492429,-7.345365000000001e-25,1.1175871e-08,0.0,True
2007-05-21,549.64,24.0,13.042857,18.9,6.2285714,74.34286,3.042857,2.628571,3.2714286,8.814285,16.37143,0.00044332445,0.0045297146,-7.345365000000001e-25,3.7252903e-09,0.0,True
2007-05-28,549.62,56.8,17.785715,23.87143,11.714286,72.314285,3.7714288,3.042857,4.0142856,8.114285,21.442858,0.003104344,0.004182458,-7.345365000000001e-25,0.0,0.0,True
2007-06-04,549.78,56.699997,12.471429,17.014286,7.828572,82.02857,2.385714,2.3142858,2.5571427,10.457143,15.557143,0.0033020973,0.005412206,-7.345365000000001e-25,3.7252903e-09,0.0,True
2007-06-11,549.79,4.7,18.814285,25.100002,12.457144,74.35714,3.7571428,3.2428572,4.2,9.285714,22.257143,0.00012539327,0.0041955784,-7.345365000000001e-25,7.450581e-09,0.0,True
2007-06-18,549.78,19.6,18.128572,24.27143,12.6,73.72858,3.857143,3.642857,4.042857,9.6285715,21.62857,0.0005386174,0.004146695,-7.345365000000001e-25,7.450581e-09,0.0,True
2007-06-25,549.81,47.3,18.185715,23.828571,12.585714,72.62858,3.9428573,3.6000001,4.142857,9.742857,21.6,0.0029859245,0.0040020645,-7.345365000000001e-25,3.7252903e-09,0.0,True
2007-07-02,549.8,15.5,14.614286,19.414288,10.614286,75.685715,3.0,2.785714,3.1857142,9.757143,17.542856,0.00059524924,0.0039305165,-7.345365000000001e-25,7.450581e-09,0.0,True
2007-07-09,549.8,44.8,14.2,19.214285,10.6285715,81.18572,2.6571429,2.5714285,2.7285714,10.328571,16.414286,0.0014674067,0.0041106045,-7.345365000000001e-25,1.4901161e-08,0.0,True
2007-07-16,549.79,12.1,17.914286,24.614286,11.257143,69.67143,4.0,3.414286,4.2428575,9.814285,20.242857,0.0010698885,0.00468944,-7.345365000000001e-25,7.450581e-09,0.0,True
2007-07-23,549.79,75.8,20.285715,26.528574,15.257143,74.057144,3.885714,3.4714284,4.2571425,9.071428,23.785715,0.005074352,0.0049683526,-7.345365000000001e-25,1.4901161e-08,0.0,True
2007-07-30,549.83,30.3,17.071428,22.757143,11.814285,72.557144,3.4714286,3.114286,3.885714,9.557143,20.37143,0.0040562153,0.0051403493,-7.345365000000001e-25,7.450581e-09,0.0,True
2007-08-06,549.85,11.5,16.028572,22.5,8.685715,72.557144,3.3428571,2.8285716,3.6142857,9.1285715,20.114286,0.0001052022,0.00532344,-7.345365000000001e-25,3.7252903e-09,0.0,True
2007-08-13,550.04,106.8,15.657144,19.885714,12.085715,85.01429,1.942857,1.8999999,2.3428571,10.528571,18.442858,0.0052918643,0.006847784,-7.345365000000001e-25,7.450581e-09,0.0,True
2007-08-20,550.28,13.4,16.7,22.47143,12.328572,79.07143,2.4428573,2.214286,2.8,9.914286,19.985714,0.0006220788,0.007114865,-7.345365000000001e-25,7.450581e-09,0.0,True
2007-08-27,550.38,13.9,17.285715,23.557144,11.300001,76.328575,2.6714287,2.2714286,3.2285714,9.557143,20.671429,0.00034832954,0.0074936375,-7.345365000000001e-25,3.7252903e-09,0.0,True
2007-09-03,550.4,39.1,13.942858,18.628572,10.071428,82.71429,1.5285714,1.4,2.0142856,9.857142,17.12857,0.0024935529,0.0075099245,-7.345365000000001e-25,5.5879354e-09,0.0,True
2007-09-10,550.45,19.9,10.657144,14.6285715,6.8142858,83.51429,1.1857144,1.1428572,1.5142858,10.214286,12.471429,0.0004239604,0.008004501,-7.345365000000001e-25,3.7252903e-09,0.0,True
2007-09-17,550.46,11.7,13.242857,19.714285,7.1857147,80.200005,1.8285716,1.6,2.2142856,9.714286,15.614285,5.8844686e-05,0.008564271,-7.345365000000001e-25,5.5879354e-09,0.0,True
2007-09-24,550.46,7.7000003,11.900001,19.414288,5.3428574,80.542854,1.6285714,1.4714286,1.942857,9.814285,14.828571,0.00042904913,0.008474052,-7.345365000000001e-25,0.0,0.0,True
2007-10-01,550.43,18.3,10.085714,14.528572,7.1857147,86.0,1.0,1.0,1.2714285,10.385715,11.914286,0.0003927201,0.008266009,-7.345365000000001e-25,0.0,0.0,True
2007-10-08,550.4,1.4000001,12.871429,19.0,8.642858,85.88572,1.1,0.9857144,1.4,9.914286,15.228572,0.00016410649,0.008050732,-7.345365000000001e-25,7.450581e-09,0.0,True
2007-10-15,550.36,0.0,7.928571,14.471429,2.8714287,86.185715,0.87142855,0.7142858,1.0285714,9.528571,11.157143,2.9355288e-06,0.007802278,-7.345365000000001e-25,3.7252903e-09,0.0,True
2007-10-22,550.32,5.6000004,5.2428575,9.385715,1.7285715,85.28571,0.68571436,0.6,0.8142857,9.442857,7.3285713,0.00010547042,0.007500164,0.00075432233,0.00070520863,0.003132563,True
2007-10-29,550.28,0.5,4.571429,7.042857,2.0857143,87.74286,0.4,0.32857147,0.55714285,9.485714,5.3142858,4.9576163e-05,0.007193871,0.00049622287,0.0023377985,2.8312206e-06,True
2007-11-05,550.24,3.7,4.9857144,9.557143,1.1428572,88.27143,0.4571429,0.4,0.5,9.4,5.8285713,6.112456e-05,0.006872155,1.5553974e-06,9.784475e-06,0.0,True
2007-11-12,550.21,33.0,3.7142856,6.1857142,1.4428571,88.52857,0.7285714,0.7285714,0.55714285,10.271428,3.7714286,0.0015106425,0.006835267,0.0020587046,0.008782672,0.011511441,True
2007-11-19,550.19,10.6,-2.6857142,0.42857143,-6.3714285,89.614296,0.15714288,0.15714288,0.3,10.771428,0.85714287,6.277114e-05,0.006463237,0.012979354,0.0023077969,0.01468318,True
2007-11-26,550.13,10.700001,1.5714285,4.114286,-0.78571427,93.91429,0.24285714,0.24285714,0.31428573,10.342857,1.6857142,0.00044457614,0.006484717,0.007183336,0.013126591,0.0031351186,True
2007-12-03,550.1,20.099998,2.642857,5.3428574,-0.45714292,86.14286,0.5285714,0.5285714,0.5,10.4,1.8714286,0.00034065545,0.0067247674,0.0026239725,0.004842341,0.00036216155,True
2007-12-10,550.06,27.8,4.8428574,7.414286,2.2571428,86.12858,0.7,0.7,0.5285714,10.885715,3.8428571,0.0006308034,0.0072863176,0.0005971761,0.0025035664,0.0032698847,True
2007-12-17,550.22,15.7,-1.1571429,0.31428573,-2.414286,86.75714,0.1,0.1,0.40000004,10.857142,0.67142856,0.0004119426,0.008910164,0.010092651,0.005234735,0.015325148,True
2007-12-24,550.3,0.0,-6.142857,-1.5428572,-9.057143,90.88572,0.0,0.0,0.042857144,10.257143,-1.4857143,4.964322e-05,0.010547198,0.008398147,0.0021979287,2.257526e-06,True
2007-12-31,550.32,10.5,-2.2428572,0.9285714,-6.3142858,91.98572,0.114285715,0.114285715,0.18571429,10.242857,-1.2,0.0001687184,0.010747626,0.006500732,0.0035073813,0.0040512495,True
2008-01-07,550.32,22.2,-1.2714285,1.5428572,-4.728572,87.314285,0.24285714,0.24285714,0.2857143,10.614285,-0.5857143,0.002203241,0.010597073,0.006887589,0.008096781,0.0037032254,True
2008-01-14,550.34,0.4,1.5857143,5.714286,-2.1142857,87.87144,0.41428572,0.41428572,0.2857143,10.6,0.3,0.00010792166,0.010654695,0.0016284613,0.0025468376,0.00034407526,True
2008-01-21,550.33,11.2,5.1285715,8.328572,1.6571429,81.84286,0.81428576,0.8000001,0.71428573,10.3,2.6142857,0.00024054945,0.010792561,0.0004627648,0.0017549135,0.0007893555,True
2008-01-28,550.32,7.1,2.3142858,6.971429,-1.6857144,73.51429,0.88571435,0.87142855,0.71428573,10.328571,1.8428571,0.00028833747,0.010742061,0.00022826876,0.00035133585,0.0005944967,True
2008-02-04,550.3,16.2,0.5857143,5.2714286,-3.6285717,85.57143,0.5714286,0.54285717,0.5142857,10.142858,1.3142858,0.00020213425,0.010649845,0.0029263725,0.0031323507,0.008280247,True
2008-02-11,550.29,7.4,2.142857,7.2000003,-2.4,76.57143,1.0142857,0.9714286,0.8,10.142858,2.3428571,0.00028176606,0.010509826,0.0012616941,0.004700659,0.00015067309,True
2008-02-18,550.29,0.0,-1.7142857,4.4,-6.4000006,76.17143,0.65714294,0.54285717,0.6857143,9.8,0.6857143,6.2286854e-06,0.010360755,0.00029268718,0.00030488148,0.00036038458,True
2008-02-25,550.26,1.2,6.0,12.757143,0.45714283,76.02857,1.2428571,1.0428572,1.1142857,9.457143,5.1,6.471574e-05,0.010124087,6.4021064e-05,0.00025656633,0.0,True
2008-03-03,550.23,13.1,7.714286,11.442858,3.2,76.67143,1.5142857,1.5000001,1.3571428,9.514286,6.928571,0.00046128035,0.009723991,1.006467e-05,1.0849908e-05,0.00046640635,True
2008-03-10,550.19,5.2,0.88571423,6.1285715,-3.914286,75.25715,0.9428572,0.88571423,1.0571429,10.057143,3.2285714,8.4489584e-05,0.00933516,0.0021278972,0.0032572765,0.0039253533,True
2008-03-17,550.15,23.9,6.6857142,10.285714,3.257143,79.07143,1.4285715,1.4142857,1.3571428,10.571428,6.542857,0.00074519217,0.008978844,0.00010097594,0.000880843,8.9265406e-05,True
2008-03-24,550.11,8.9,0.17142856,3.9,-2.7142856,79.61428,0.90000004,0.90000004,1.0428572,10.5,2.4,0.00017207861,0.008741744,0.006739639,0.005333109,0.018986959,True
2008-03-31,550.06,1.8000001,4.4,9.471429,-0.7714286,73.67143,1.5571429,1.4142857,1.5571429,10.071428,5.071429,0.00039696693,0.008557454,0.0061967145,0.014226992,0.0038117915,True
2008-04-07,550.02,21.9,4.7000003,8.242857,2.0285716,81.35714,1.2571429,1.2142857,1.3428571,10.042857,6.214286,0.0007596016,0.008495435,0.00059465,0.0015423018,0.0043674,True
2008-04-14,549.97,12.6,7.3714285,12.914286,1.5142858,76.35714,1.7285713,1.6714287,1.8142856,10.271428,8.685715,0.0011236072,0.009128556,0.00052060967,0.002692543,5.7674944e-05,True
2008-04-21,549.93,61.300003,6.828572,11.67143,1.9285715,81.67143,1.7571429,1.6857144,1.7857143,10.228572,9.057143,0.001844123,0.010193571,0.00043623787,0.0031993985,0.003063172,True
2008-04-28,550.07,25.4,10.114286,15.17143,4.542857,76.6,2.2714286,2.1714287,2.357143,10.7,12.242857,0.005181633,0.018434979,-7.345365000000001e-25,4.5448542e-07,0.0,True
2008-05-05,550.21,1.2,10.442858,16.728573,3.4285715,68.51429,3.0142858,2.5857143,2.9857142,9.714286,13.957143,0.00033031404,0.015753426,-7.345365000000001e-25,0.0,0.0,True
2008-05-12,550.25,0.0,13.67143,20.800001,4.914286,59.628574,4.4714284,3.2,4.0857143,8.242857,17.357143,2.130866e-06,0.014468521,-7.345365000000001e-25,3.7252903e-09,0.0,True
2008-05-19,550.24,25.2,14.257143,20.428572,8.5,71.92857,2.9285715,2.142857,3.1857142,7.6,17.614286,0.0004865378,0.012616783,-7.345365000000001e-25,3.7252903e-09,0.0,True
2008-05-26,550.22,0.6,13.328572,17.6,8.485715,78.814285,2.2571428,1.8142859,2.5,8.114285,15.414286,4.118681e-05,0.011061721,-7.345365000000001e-25,0.0,0.0,True
2008-06-02,550.17,15.1,19.185715,26.742859,12.314286,74.17143,4.114286,3.0142858,3.7857144,7.2714286,22.471428,0.0008293167,0.009610355,-7.345365000000001e-25,1.1175871e-08,0.0,True
2008-06-09,550.13,29.1,14.985715,19.414288,11.514285,84.971436,2.1142857,1.9000002,2.6000001,8.142858,18.22857,0.00043796748,0.00842683,-7.345365000000001e-25,0.0,0.0,True
2008-06-16,550.09,23.4,13.285714,18.34286,8.957144,77.62858,2.4857142,2.3,2.8714287,8.557143,17.2,0.00075794756,0.00760144,-7.345365000000001e-25,3.7252903e-09,0.0,True
2008-06-23,550.04,7.9,18.800001,25.257143,12.1,71.07143,4.085715,3.257143,4.585714,7.9714284,21.6,0.000111848116,0.0069330856,-7.345365000000001e-25,7.450581e-09,0.0,True
2008-06-30,549.99,5.7,20.228573,25.942858,14.114286,72.11429,4.0857143,2.957143,4.214286,7.1571426,23.842857,0.00026047975,0.006251283,-7.345365000000001e-25,3.7252903e-09,0.0,True
2008-07-07,549.96,38.3,18.285715,25.0,12.071428,72.457146,3.9285717,2.942857,4.1285715,7.1714287,22.528572,0.00041991472,0.0056054294,-7.345365000000001e-25,1.1175871e-08,0.0,True
2008-07-14,549.91,60.9,16.228573,21.071428,11.971429,76.67143,3.0571427,2.6,3.3142858,7.8428574,19.2,0.0023546815,0.005312115,-7.345365000000001e-25,3.7252903e-09,0.0,True
2008-07-21,549.88,22.6,15.928572,20.87143,10.728571,76.814285,3.085714,2.7857144,3.3285713,8.842857,18.985714,0.0006842613,0.0047562197,-7.345365000000001e-25,3.7252903e-09,0.0,True
2008-07-28,549.84,16.9,17.585714,23.628572,11.1285715,75.91429,3.2285714,2.542857,3.7,8.328571,20.471428,0.00021936,0.0045421496,-7.345365000000001e-25,1.1175871e-08,0.0,True
2008-08-04,549.8,20.5,20.47143,26.814287,15.2,74.08572,3.542857,2.8285713,3.9714284,7.6571426,23.785715,0.0004447624,0.0043191835,-7.345365000000001e-25,1.4901161e-08,0.0,True
2008-08-11,549.78,42.5,18.242857,25.071428,12.271429,75.24286,3.3,2.7428572,3.8,7.6714287,21.614286,0.00028772652,0.0041026175,-7.345365000000001e-25,7.450581e-09,0.0,True
2008-08-18,549.76,43.1,15.471429,21.300001,11.042857,79.84286,2.4285715,2.2571428,2.7285712,9.414286,18.785715,0.0060533434,0.004525818,-7.345365000000001e-25,7.450581e-09,0.0,True
2008-08-25,549.75,17.0,15.271429,21.085714,10.314286,80.02857,2.2428572,2.1285715,2.6857142,9.3714285,18.542856,0.00056168437,0.0038360357,-7.345365000000001e-25,5.5879354e-09,0.0,True
2008-09-01,549.73,11.400001,17.214287,23.714285,11.2,78.314285,2.4428573,1.942857,2.9142857,8.6,20.828571,0.00048451126,0.0037539676,-7.345365000000001e-25,3.7252903e-09,0.0,True
2008-09-08,549.71,30.5,16.428572,22.47143,12.071428,82.75715,2.0714285,1.8999999,2.4285715,8.657143,19.285715,0.0006852299,0.0036491677,-7.345365000000001e-25,5.5879354e-09,0.0,True
2008-09-15,549.69,7.5,13.042857,18.1,9.071428,84.5,1.3428571,1.2285715,1.6999999,8.957143,15.7,0.0016122609,0.0036048442,-7.345365000000001e-25,7.450581e-09,0.0,True
2008-09-22,549.68,1.8,7.585715,12.242858,2.6571429,80.94286,1.0,0.9142857,1.4428571,9.1285715,10.328571,6.937981e-05,0.0036691278,-7.345365000000001e-25,0.0,0.0,True
2008-09-29,549.67,1.2,8.171429,13.014287,3.7428572,85.828575,0.9142857,0.7857143,1.2571429,8.857142,10.3714285,6.5386295e-05,0.0037025884,-7.345365000000001e-25,0.0,0.0,True
2008-10-06,549.66,9.4,9.085714,13.099999,5.3857145,79.72858,1.042857,0.9714286,1.4571428,8.9,9.528571,0.00024246424,0.0036774948,3.40598e-08,1.0915101e-06,1.065433e-06,True
2008-10-13,549.65,0.1,12.085714,18.528574,7.2428575,85.77143,0.9142857,0.8142857,1.2285715,8.857142,13.028571,2.7917325e-05,0.003634125,-7.345365000000001e-25,7.450581e-09,0.0,True
2008-10-20,549.63,20.1,9.985715,15.942858,5.4,85.64286,0.8714286,0.7714286,1.0,9.328571,11.171429,0.001020141,0.0035862252,-7.345365000000001e-25,5.5879354e-09,0.0,True
2008-10-27,549.62,8.8,7.3,11.557143,3.2285714,88.91429,0.55714285,0.5142857,0.6571428,9.542857,8.242857,0.000161618,0.00356064,-7.345365000000001e-25,1.8626451e-09,0.0,True
2008-11-03,549.61,14.0,4.5285716,8.042857,1.457143,95.02857,0.38571432,0.38571432,0.42857143,10.4,5.8142858,0.00068995357,0.0036333129,0.0021091928,0.0061753727,0.0063732117,True
2008-11-10,549.59,0.0,7.1285715,11.971429,2.957143,88.5,0.4714286,0.42857143,0.55714285,9.957143,7.4714284,2.1710992e-05,0.0039621517,3.456502e-05,0.00030308962,0.0,True
2008-11-17,549.57,6.7,4.057143,7.571429,0.47142857,89.78571,0.32857147,0.32857147,0.37142858,10.057143,4.9142857,0.00020864606,0.0042106733,-7.345365000000001e-25,4.4889748e-07,1.3783574e-07,True
2008-11-24,549.56,19.9,1.8142859,4.114286,-0.90000004,87.58572,0.4,0.4,0.4857143,10.528571,2.557143,0.0011211485,0.004509747,0.0016352506,1.4010817e-05,0.008127842,True
2008-12-01,549.55,5.0,-2.9714286,1.2285715,-6.5,89.700005,0.15714286,0.15714286,0.21428572,10.357142,0.4,8.432567e-05,0.004803464,0.00724008,0.002869092,0.003235925,True
2008-12-08,549.53,12.6,1.2428572,3.6285717,-1.457143,88.35714,0.3285714,0.3142857,0.31428573,10.3714285,0.95714283,0.00027674437,0.0051274374,0.007386003,0.0063752346,0.004990682,True
2008-12-15,549.52,18.5,-2.2142856,0.028571418,-4.7714286,95.57143,0.071428575,0.071428575,0.14285715,10.642858,0.3,7.9631805e-05,0.0054037124,0.014369176,0.0037545785,0.013042767,True
2008-12-22,549.5,11.099999,1.5,2.357143,-0.071428575,95.87142,0.20000002,0.20000002,0.25714287,10.571428,1.2714286,0.0017625988,0.006419532,0.014942833,0.026601307,0.011826288,True
2008-12-29,549.5,2.1,-1.9714286,-0.32857153,-4.0,87.38572,0.08571429,0.08571429,0.41428572,10.414286,0.3,5.802512e-05,0.0077663884,0.0018397797,0.0009794161,0.0014505349,True
2009-01-05,549.52,2.2,-4.3142858,-1.9428571,-7.0,90.88572,0.05,0.05,0.20000002,10.3,-2.1,2.066791e-05,0.009227775,0.0034048047,0.0004073158,0.00364108,True
2009-01-12,549.52,0.1,-7.657143,-4.0142856,-11.0,89.37144,0.014285714,0.014285714,0.114285715,10.3,-3.4142857,1.2330711e-05,0.009392306,0.0051353546,0.000566097,0.0005782917,True
2009-01-19,549.51,9.0,-1.0285715,3.0285716,-5.328572,86.200005,0.22857143,0.22857143,0.3285714,10.271428,-1.4428571,0.00011397898,0.009257004,0.0034190472,0.002703542,0.0010164008,True
2009-01-26,549.5,12.299999,-0.54285717,3.042857,-3.8285713,90.02857,0.34285715,0.34285715,0.2857143,10.742857,0.028571429,0.00027086586,0.009025365,0.0060949097,0.005300373,0.0071370415,True
2009-02-02,549.49,0.0,-2.1571429,-0.20000002,-3.9285715,84.35714,0.10000001,0.08571429,0.45714286,10.257143,-0.9714286,1.0550022e-05,0.008784734,0.0042139916,0.000511596,0.00054353103,True
2009-02-09,549.47,9.0,0.21428572,4.714286,-3.557143,89.28571,0.40000004,0.37142858,0.40000004,10.185715,-0.014285714,0.00010685623,0.008530162,0.0024119106,0.003177287,0.005597677,True
2009-02-16,549.45,13.6,-2.1571429,0.74285716,-5.5428576,85.614296,0.3428571,0.3428571,0.55714285,10.528571,0.1,5.6952238e-05,0.008250348,0.010205751,0.002087552,0.014645245,True
2009-02-23,549.43,22.5,-3.3,-0.042857103,-8.357143,89.68572,0.20000002,0.20000002,0.44285712,10.771428,0.014285714,0.00020956993,0.00796818,0.032800294,0.006576894,0.031291813,True
2009-03-02,549.54,8.6,2.1000001,5.5428576,-1.4142858,86.21429,0.6571428,0.6571428,0.71428573,10.485714,0.85714287,0.0012689233,0.007710092,0.02922942,0.03777024,0.004696984,True
2009-03-09,549.55,25.1,1.6142857,4.057143,-1.1285714,91.042854,0.6857143,0.6857143,0.62857145,10.657143,1.4571428,0.0007545352,0.008278668,0.012701154,0.015315287,0.027402204,True
2009-03-16,549.62,10.8,3.5428574,7.042857,0.5,86.8,0.9142858,0.9000001,0.9142857,10.771428,3.4857142,0.0012994036,0.011790991,0.008096877,0.021987911,0.005071312,True
2009-03-23,549.75,7.2,2.1142857,7.5285716,-3.142857,70.54286,1.3285714,1.1857144,1.4,9.928572,3.8285713,7.716566e-05,0.016823493,0.00041011968,0.000964161,0.00059982017,True
2009-03-30,549.84,23.1,3.457143,6.9000006,0.8428572,87.971436,0.9571429,0.9571429,0.94285715,10.642858,3.8142858,0.0009655878,0.016694143,0.002734735,0.010671744,0.01089244,True
2009-04-06,549.88,14.2,9.557143,15.200002,4.542857,79.77143,1.8857143,1.6571428,1.9714286,9.985714,10.157143,0.00014612079,0.016430363,3.0574345e-05,0.0002379734,0.0,True
2009-04-13,549.92,0.0,12.228572,20.314287,3.8428574,62.54286,3.0285716,2.3142858,2.9714284,9.0,14.614285,2.5629997e-06,0.015488282,-7.345365000000001e-25,3.7252903e-09,0.0,True
2009-04-20,549.93,4.3,10.857142,17.814287,3.957143,70.27143,2.757143,2.2285714,2.7142856,8.171429,13.314285,0.00013263524,0.0139176175,-7.345365000000001e-25,5.5879354e-09,0.0,True
2009-04-27,549.95,0.0,11.1,17.985714,2.857143,65.5,3.042857,2.0714285,2.857143,7.5142856,14.157143,2.7664006e-05,0.012221292,-7.345365000000001e-25,0.0,0.0,True
2009-05-04,549.93,18.8,9.1,13.67143,4.042857,83.828575,1.9428571,1.6571428,1.8571428,7.4142857,12.542857,0.0003702864,0.010676265,-7.345365000000001e-25,0.0,0.0,True
2009-05-11,549.92,21.1,13.471429,19.814287,6.9428573,73.98572,3.0571425,2.6142857,3.0857143,7.5857143,15.728572,0.00011219084,0.0093427375,-7.345365000000001e-25,3.7252903e-09,0.0,True
2009-05-18,549.9,38.1,14.028572,19.27143,9.400001,84.97143,2.1714284,2.1,2.5714285,8.785714,16.6,0.0007253438,0.008227669,-7.345365000000001e-25,3.7252903e-09,0.0,True
2009-05-25,549.85,16.7,18.014286,25.142857,10.099999,70.01429,3.9714284,3.3857143,4.1285715,8.657143,20.77143,0.00030621886,0.007336892,-7.345365000000001e-25,7.450581e-09,0.0,True
2009-06-01,549.87,39.6,13.228572,18.27143,7.971429,70.91429,3.1285713,2.8142858,3.4714284,9.0,17.62857,0.0025513545,0.00661958,-7.345365000000001e-25,7.450581e-09,0.0,True
2009-06-08,549.84,18.6,13.6285715,18.914288,8.0,71.042854,3.2857144,2.6571429,3.3999999,8.3,18.1,0.00013840199,0.006056942,-7.345365000000001e-25,3.7252903e-09,0.0,True
2009-06-15,549.82,11.799999,16.2,21.314287,11.1,71.700005,3.7142856,3.1571429,3.8428571,8.142858,19.214285,0.00016518682,0.005521074,-7.345365000000001e-25,3.7252903e-09,0.0,True
2009-06-22,549.78,57.4,14.742858,19.914288,9.642858,78.74286,3.0142856,2.6142857,3.142857,8.242857,18.77143,0.0003214106,0.0050122365,-7.345365000000001e-25,0.0,0.0,True
2009-06-29,549.78,44.6,15.828572,19.77143,12.414286,88.35714,2.4285715,2.2,2.7714286,9.742857,18.77143,0.00078068674,0.0046742335,-7.345365000000001e-25,3.7252903e-09,0.0,True
2009-07-06,549.81,17.4,19.442858,25.47143,14.0,79.71429,3.357143,3.0285716,4.0571427,9.285714,23.342857,0.0016639009,0.004382983,-7.345365000000001e-25,1.1175871e-08,0.0,True
2009-07-13,549.82,18.6,15.157144,20.057144,10.971429,79.21429,2.6714287,2.5,2.857143,9.342857,17.885714,0.00027817488,0.0041972473,-7.345365000000001e-25,1.4901161e-08,0.0,True
2009-07-20,549.83,47.600002,17.285715,22.428572,12.800001,80.957146,2.857143,2.757143,3.2285714,10.257143,20.242857,0.005505532,0.004396446,-7.345365000000001e-25,1.1175871e-08,0.0,True
2009-07-27,549.84,34.1,18.428572,25.800001,11.342857,72.74286,3.857143,3.514286,4.1857142,9.885715,21.642857,0.00041550398,0.0040238425,-7.345365000000001e-25,7.450581e-09,0.0,True
2009-08-03,549.86,6.4,17.385715,23.300001,11.085714,76.314285,3.0,2.6571429,3.2714286,9.414286,21.442858,0.0006863028,0.0039206594,-7.345365000000001e-25,7.450581e-09,0.0,True
2009-08-10,549.89,3.1999998,18.385715,24.742857,11.542857,75.6,3.0571427,2.5142856,3.6857142,9.085714,22.057142,0.0011960715,0.0037976205,-7.345365000000001e-25,7.450581e-09,0.0,True
2009-08-17,549.88,50.2,19.357143,25.84286,13.314286,75.22858,3.1571429,2.7142856,3.7999997,8.714286,22.485714,0.0007559955,0.0036653653,-7.345365000000001e-25,5.5879354e-09,0.0,True
2009-08-24,549.91,8.8,19.014286,26.014286,11.400001,74.971436,3.1142857,2.3428571,3.5571427,7.8142858,22.842857,0.0002181977,0.003511399,-7.345365000000001e-25,5.5879354e-09,0.0,True
2009-08-31,549.92,1.8000001,17.442858,24.442858,10.057143,72.92857,2.6857142,1.957143,3.142857,7.5285716,21.12857,3.567338e-05,0.0033606067,-7.345365000000001e-25,3.7252903e-09,0.0,True
2009-09-07,549.91,19.5,15.185715,21.357143,9.685715,76.6,2.2571428,1.9142857,2.6285713,7.957143,18.142857,0.00014135242,0.0032023266,-7.345365000000001e-25,3.7252903e-09,0.0,True
2009-09-14,549.9,3.7,13.414286,19.214285,7.514286,77.02857,1.8285714,1.3285714,2.2428572,7.6285715,17.014286,8.6046755e-05,0.0030469373,-7.345365000000001e-25,3.7252903e-09,0.0,True
2009-09-21,549.88,10.900001,15.028572,19.5,11.185715,89.48572,1.1142857,0.87142855,1.5285714,7.614286,16.614286,0.00017240644,0.0029149055,-7.345365000000001e-25,5.5879354e-09,0.0,True
2009-09-28,549.86,0.0,13.957144,20.87143,8.142858,84.75714,1.4714285,0.95714295,1.7857143,7.2285714,17.442858,4.7385693e-06,0.002785787,-7.345365000000001e-25,3.7252903e-09,0.0,True
2009-10-05,549.85,0.8,11.971429,17.800001,5.928571,78.84286,1.2285713,0.7285714,1.6714286,6.885714,14.857142,3.156811e-05,0.0026549697,-7.345365000000001e-25,1.8626451e-09,0.0,True
2009-10-12,549.85,51.600002,13.6,17.214285,10.257143,84.35714,1.1142857,0.88571423,1.2857143,7.4428573,14.385715,0.0006786436,0.00253129,-7.345365000000001e-25,1.3038516e-08,0.0,True
2009-10-19,549.85,22.8,2.4428573,5.642857,-0.34285715,87.37144,0.51428574,0.5,0.67142856,9.071428,4.7714286,0.00037521124,0.0024441108,0.00085202855,0.002295399,0.0032557696,True
2009-10-26,549.86,6.8,6.4,11.071428,1.9428571,92.27143,0.47142857,0.44285718,0.59999996,9.185715,7.285714,9.1694295e-05,0.0023924038,0.00024148964,0.00097330846,4.4703484e-07,True
2009-11-02,549.85,14.9,6.5,11.885715,1.5571429,89.01428,0.5,0.47142857,0.58571434,9.185715,7.5142856,0.0004133545,0.0023563951,7.493155e-07,4.550442e-06,3.837049e-06,True
2009-11-09,549.85,12.3,4.1,7.728572,0.7714286,88.38572,0.48571435,0.48571435,0.55714285,10.1285715,4.785714,0.00033000112,0.002335988,0.00018147628,0.00055362657,0.0021353364,True
2009-11-16,549.84,12.9,5.8142858,9.314285,1.7428571,92.27143,0.3,0.3,0.42857143,10.271428,5.0857143,0.00020264089,0.0023682788,0.00047074613,0.0016206224,0.0,True
2009-11-23,549.83,5.0,7.828572,13.342857,2.642857,84.77143,0.5714286,0.5714286,0.64285713,10.328571,6.7285714,0.00014387071,0.0024560168,6.8119596e-07,8.2645565e-06,0.0,True
2009-11-30,549.82,22.2,5.5285716,9.442857,1.6857144,83.94286,0.55714285,0.5285714,0.59999996,10.171429,5.2714286,0.00028318167,0.0025814027,0.00036729517,0.0004553534,0.009931922,True
2009-12-07,549.81,22.4,1.9285715,4.614286,-1.1000001,93.47143,0.22857143,0.22857143,0.25714284,10.642858,2.4,0.0007847622,0.002746828,0.011772598,0.018799843,0.011183411,True
2009-12-14,549.8,17.5,0.82857144,2.9428573,-1.5,89.54286,0.25714287,0.25714287,0.34285715,11.057143,2.0,0.00063241273,0.0034353882,0.005101777,0.0030182935,0.011024293,True
2009-12-21,549.87,4.7,-6.714286,-3.4285715,-10.542857,84.18572,0.014285714,0.014285714,0.24285714,10.4,-0.64285713,3.1739473e-06,0.0046400055,0.011187389,0.00013088062,0.009242155,True
2009-12-28,549.91,19.699999,1.1714286,4.657143,-2.1285715,86.91429,0.3142857,0.3142857,0.34285715,10.6285715,0.042857144,0.00048938394,0.005333487,0.01204997,0.011208134,0.0027458444,True
2010-01-04,549.95,20.0,-0.9714286,2.9142857,-5.2571425,91.44286,0.2,0.2,0.25714287,10.866667,0.9,0.00063414127,0.0062652156,0.0058943145,0.010236157,0.0085431,True
2010-01-11,550.07,8.6,-5.3857145,-3.614286,-7.8142858,92.799995,0.0,0.0,0.18571429,10.385715,-0.42857143,4.7683716e-06,0.00765045,0.010236746,0.00019229017,0.011353549,True
2010-01-18,550.08,12.0,-1.5285714,0.85714287,-4.4,94.11428,0.114285715,0.114285715,0.22857143,10.471429,0.0,0.00023896992,0.00810609,0.019167861,0.0071153007,0.005189799,True
2010-01-25,550.11,2.3000002,-2.3285713,0.6,-5.414286,94.3,0.057142857,0.057142857,0.20000002,10.357142,-0.057142857,0.00013206899,0.008138284,0.015520294,0.0054630823,0.0048006065,True
2010-02-01,550.11,12.0,-4.1142855,-1.9142858,-7.0428576,89.5,0.028571429,0.028571429,0.34285715,10.471429,-0.08571429,0.0,0.008078642,0.025897497,0.0,0.023227256,True
2010-02-08,550.1,11.9,-0.18571427,2.357143,-2.9428573,90.72857,0.31428573,0.31428573,0.45714286,10.614285,0.2,0.00049102306,0.00797651,0.038530488,0.01276831,0.01589426,True
2010-02-15,550.09,14.5,-5.928571,-3.5857143,-8.785714,88.41429,0.0,0.0,0.34285715,10.528571,0.0,1.6063452e-05,0.008025087,0.04612385,0.0006685909,0.013848975,True
2010-02-22,550.08,6.5000005,-1.0285715,4.085715,-6.3857145,83.614296,0.5,0.5,0.64285713,10.342857,0.17142858,0.00038263947,0.008068919,0.0457029,0.012932818,0.004326444,True
2010-03-01,550.12,3.3,5.1142855,10.2,0.44285718,70.51429,1.4857142,1.3857143,1.3285714,10.028571,3.357143,0.0023692995,0.009215124,0.017799355,0.038312588,1.6264617e-05,True
2010-03-08,550.21,11.0,-2.4428573,0.9714286,-5.6714287,75.67143,0.35714284,0.34285712,0.85714287,9.985714,1.2428571,9.062886e-05,0.01143343,0.0056027854,0.0011227019,0.010633592,True
2010-03-15,550.24,10.9,-1.7142857,1.3285714,-4.7714286,77.65714,0.41428572,0.41428572,0.9,10.171429,0.22857143,0.00016462803,0.012183219,0.011689016,0.006539982,0.0103873685,True
2010-03-22,550.24,8.2,7.085715,12.614286,1.4142858,72.314285,1.6,1.5285715,1.6428572,10.057143,6.6285715,0.0005237162,0.012010813,0.0043108636,0.015473163,0.005334437,True
2010-03-29,550.22,2.5,8.828572,16.27143,2.857143,72.957146,2.0428572,1.8285714,2.1,9.542857,10.028571,0.00018826127,0.011701494,3.9963497e-06,2.8552487e-05,0.0,True
2010-04-05,550.18,5.0,5.728572,10.757143,0.45714286,71.8,1.6571429,1.4714286,1.7142857,9.2,7.6857142,0.00016154349,0.011237606,0.00028739657,0.0009978507,0.0010225102,True
2010-04-12,550.13,0.70000005,6.557143,13.2,-0.7,70.97143,2.0714285,1.6285714,2.0857143,8.6285715,9.771428,4.027784e-05,0.010603689,8.571716e-06,5.9343874e-05,1.4316291e-05,True
2010-04-19,550.11,11.4,6.857143,12.042857,1.1571429,77.75714,1.8428571,1.5,1.9142857,8.671429,9.514286,0.0002155006,0.009879403,1.1466798e-06,6.7800283e-06,0.0,True
2010-04-26,550.04,4.6,10.0,16.828571,2.457143,62.24286,3.042857,2.3571432,3.0,7.885714,13.485714,6.6161156e-05,0.0090478435,-7.345365000000001e-25,0.0,0.0,True
2010-05-03,550.0,30.6,12.400001,17.814287,6.4428573,75.01428,2.585714,1.9857142,2.614286,7.4428573,15.4,0.0006196946,0.008166105,-7.345365000000001e-25,0.0,0.0,True
2010-05-10,549.97,25.8,8.5,12.328572,4.428571,88.67143,1.3714285,1.3428571,1.5,8.857142,10.914286,0.00058718026,0.0075559095,-7.345365000000001e-25,0.0,0.0,True
2010-05-17,549.93,13.5,8.757143,12.742858,5.6857147,85.4,1.5142858,1.4571427,1.7714285,9.771428,11.214286,0.0019495487,0.007187724,-7.345365000000001e-25,0.0,0.0,True
2010-05-24,549.9,8.9,11.0,16.285715,4.728572,79.27143,2.4714286,2.1857142,2.6571429,9.557143,13.8714285,0.00029747933,0.006949,-7.345365000000001e-25,0.0,0.0,True
2010-05-31,549.87,34.6,14.428572,19.571428,9.928572,76.84286,2.8999999,2.6857142,3.142857,9.3714285,16.985714,0.00063051283,0.006652914,-7.345365000000001e-25,1.1175871e-08,0.0,True
2010-06-07,549.88,37.1,14.6285715,19.228573,9.6285715,81.68572,2.8285713,2.6857145,3.085714,10.428572,17.342857,0.0021512955,0.0076969936,-7.345365000000001e-25,7.450581e-09,0.0,True
2010-06-14,549.87,16.1,18.84286,24.628572,13.385715,72.97143,3.642857,3.0285716,3.8857143,9.114285,22.514286,0.0001860708,0.0074481815,-7.345365000000001e-25,7.450581e-09,0.0,True
2010-06-21,549.88,58.3,11.971429,14.742858,9.714286,90.74286,1.457143,1.4428571,1.5285714,10.3714285,14.9,0.0021065325,0.008029304,-7.345365000000001e-25,1.1175871e-08,0.0,True
2010-06-28,549.91,0.0,16.628572,23.285715,7.871429,68.42857,4.071429,3.3,4.257143,9.414286,21.042856,1.3649464e-05,0.0084401,-7.345365000000001e-25,3.7252903e-09,0.0,True
2010-07-05,549.93,0.8,21.442858,27.814287,14.114286,67.542854,4.4857144,3.1142852,4.8714285,7.857143,25.685715,0.00017336011,0.008128442,-7.345365000000001e-25,7.450581e-09,0.0,True
2010-07-12,549.94,8.2,21.485716,28.628572,13.385715,61.84286,4.9714284,2.585714,5.285714,7.0,25.914286,6.881356e-05,0.0074756444,-7.345365000000001e-25,3.7252903e-09,0.0,True
2010-07-19,549.93,41.2,20.17143,26.27143,13.67143,74.65715,4.0,2.5714285,4.2571425,7.1,24.62857,0.00021407008,0.006712489,-7.345365000000001e-25,1.1175871e-08,0.0,True
2010-07-26,549.93,55.0,17.357143,22.914288,12.242857,79.65715,2.9857142,2.5,3.3714287,8.685715,21.171429,0.0119984,0.008748442,-7.345365000000001e-25,1.1175871e-08,0.0,True
2010-08-02,549.92,32.4,15.742857,21.328571,10.314286,83.057144,2.5142858,2.442857,2.7571428,10.1285715,19.042856,0.0031212866,0.005788386,-7.345365000000001e-25,7.450581e-09,0.0,True
2010-08-09,550.0,69.6,14.928572,19.600002,10.785714,84.01429,2.2857144,2.2285714,2.5857143,10.857142,18.285715,0.002688259,0.007067986,-7.345365000000001e-25,7.450581e-09,0.0,True
2010-08-16,550.12,21.400002,16.157145,20.585714,11.342857,82.94286,2.2428572,2.0714285,2.4142857,10.228572,19.328571,0.0011833757,0.007982507,-7.345365000000001e-25,1.1175871e-08,0.0,True
2010-08-23,550.18,4.3,18.114286,23.614286,13.028571,79.185715,2.457143,2.2142859,2.957143,9.9,20.057142,0.00034199655,0.00868009,-7.345365000000001e-25,7.450581e-09,0.0,True
2010-08-30,550.19,42.9,15.414286,19.87143,10.8714285,80.44286,2.385714,2.2857144,2.542857,10.057143,17.828571,0.0011326075,0.008845367,-7.345365000000001e-25,1.4901161e-08,0.0,True
2010-09-06,550.19,2.2,11.928572,17.914288,5.971429,80.07143,1.8999999,1.7285715,2.3,10.285714,15.571428,0.0001334697,0.0086924955,-7.345365000000001e-25,3.7252903e-09,0.0,True
2010-09-13,550.2,27.3,12.828572,18.142857,7.785714,87.828575,1.4428571,1.3571428,1.6857144,10.014286,15.714286,0.0017079413,0.008687049,-7.345365000000001e-25,3.7252903e-09,0.0,True
2010-09-20,550.17,2.4,11.3,16.9,5.971429,80.72857,1.3857143,1.2428571,1.7428571,9.957143,13.885715,4.018843e-05,0.008480072,-7.345365000000001e-25,3.7252903e-09,0.0,True
2010-09-27,550.17,35.5,11.2,17.385715,5.4857144,83.21429,1.3571428,1.1714287,1.7142857,9.942857,14.157143,0.0019769669,0.008194335,-7.345365000000001e-25,1.8626451e-09,0.0,True
2010-10-04,550.2,5.5,10.485715,15.957144,5.6714287,89.457146,0.85714287,0.84285706,1.1285714,10.185715,12.057143,0.00019985437,0.008008145,-7.345365000000001e-25,1.8626451e-09,0.0,True
2010-10-11,550.2,0.4,10.714286,14.771429,6.7428575,89.67143,0.8142857,0.7571429,1.0285714,9.942857,12.757143,0.000105917454,0.007859126,-7.345365000000001e-25,3.7252903e-09,0.0,True
2010-10-18,550.18,11.1,5.5,8.285714,2.6714287,90.77143,0.44285718,0.38571432,0.64285713,9.842857,7.742857,0.0001245141,0.007668771,-7.345365000000001e-25,0.0,0.0,True
2010-10-25,550.16,19.2,4.571429,8.3,0.75714284,86.74286,0.5285714,0.5285714,0.71428573,10.528571,5.285714,0.0005147904,0.0074859113,0.00012930801,0.00043916516,0.00046497583,True
2010-11-01,550.13,0.0,5.7999997,13.142858,0.3285714,85.11428,0.6428572,0.61428577,0.64285713,10.242857,6.428571,3.5911798e-06,0.0073526353,1.065504e-05,3.255345e-05,2.4698675e-06,True
2010-11-08,550.1,9.0,9.157143,11.828572,5.9000006,84.75714,0.5714286,0.50000006,0.82857144,10.0,8.442857,0.00013951212,0.0072058663,-7.345365000000001e-25,4.5448542e-07,0.0,True
2010-11-15,550.06,14.6,7.9714284,12.6,3.2428572,82.28571,0.8000001,0.8000001,0.7571429,10.357142,7.4,0.00015430897,0.0070330575,-7.345365000000001e-25,4.0978193e-08,4.0978193e-08,True
2010-11-22,550.02,25.4,2.0,4.428571,-0.45714286,95.6,0.17142858,0.17142858,0.27142859,10.714286,3.442857,0.00052895397,0.0068776086,0.0026626133,0.005255727,0.0131634325,True
2010-11-29,550.0,10.400001,-0.9428572,0.7714286,-3.3857143,90.299995,0.114285715,0.114285715,0.31428573,10.685715,1.0142857,7.149577e-05,0.006820284,0.015504173,0.0022537876,0.016527738,True
2010-12-06,549.95,56.1,-4.857143,-1.7142857,-10.014285,92.62858,0.028571429,0.028571429,0.21428572,10.857142,0.4,0.0002290383,0.0068154037,0.026886322,0.0006622039,0.023329906,True
2010-12-13,550.33,30.4,0.9714286,3.7857144,-1.6857144,90.65715,0.20000002,0.20000002,0.31428573,11.414286,0.78571427,0.001819931,0.00882148,0.03337664,0.024745611,0.024230734,True
2010-12-20,550.6,20.8,-4.471429,-1.2428572,-9.1,87.44286,0.10000001,0.10000001,0.24285714,10.714286,0.17142858,0.00015244633,0.009763062,0.05070549,0.0032220427,0.01881582,True
2010-12-27,550.66,19.3,-2.7571428,-0.07142864,-6.1,94.6,0.071428575,0.071428575,0.15714286,10.942857,0.27142859,0.0001346916,0.010091953,0.06498986,0.0034302343,0.0193706,True
2011-01-03,550.74,3.6000001,-2.5571427,-0.3,-5.542857,95.38572,0.0,0.0,0.17142858,10.475,0.2,0.0,0.010055259,0.077922024,0.0,0.004443925,True
2011-01-10,550.76,12.1,0.68571436,4.785714,-3.3,89.64286,0.25714284,0.25714284,0.3,10.5,1.1857142,0.00092209876,0.010024644,0.072277375,0.025807742,0.0024773143,True
2011-01-17,550.91,19.8,4.8428574,8.3,1.5714285,89.0,0.5142857,0.5142857,0.42857143,10.914286,3.9285715,0.00897117,0.028438658,0.019809565,0.059324842,2.0116568e-06,True
2011-01-24,550.94,7.2,-2.1571429,0.3857143,-5.1142855,87.185715,0.11428572,0.11428572,0.34285715,10.3714285,0.85714287,7.560104e-05,0.028638922,0.004659925,0.00049328804,0.01016064,True
2011-01-31,550.94,3.6,-3.3,-2.0428574,-4.542857,93.65715,0.10000001,0.10000001,0.2857143,10.342857,0.057142857,4.2021275e-06,0.025857374,0.018377054,0.00012541562,0.01165244,True
2011-02-07,550.9,1.5,0.6857143,4.7714286,-3.142857,80.28571,0.5857143,0.54285717,0.71428573,10.185715,0.94285715,0.0002939105,0.021934748,0.013278967,0.016016405,0.0008032322,True
2011-02-14,550.84,1.2,4.1,9.3714285,-0.84285706,79.88572,0.7571429,0.6714286,0.8142857,9.828571,3.6571429,9.714067e-05,0.018437006,0.0009544123,0.0029035024,3.799796e-06,True
2011-02-21,550.73,9.7,0.15714285,2.0285716,-1.3857143,94.17143,0.2,0.17142858,0.4,9.771428,1.8285714,2.501905e-05,0.015768498,0.0007651023,0.0003794469,0.004525166,True
2011-02-28,550.69,7.1,-1.2857143,3.2714286,-6.6,88.24286,0.41428572,0.40000004,0.55714285,10.071428,0.9285714,0.00022150576,0.013661295,0.0035829714,0.005880013,0.0038023815,True
2011-03-07,550.6,0.0,-0.11428571,4.6285715,-3.642857,74.98572,1.0571429,0.9428572,1.1,9.885715,2.2428572,2.0295382e-05,0.011962742,0.00072873774,0.0012347996,2.2727996e-05,True
2011-03-14,550.53,0.3,5.9000006,12.314286,-0.31428578,68.52857,1.4857143,1.2142857,1.5,9.328571,6.3,1.4692545e-05,0.010579348,6.0393697e-05,0.0002817586,0.0,True
2011-03-21,550.43,16.2,5.1571426,9.014286,0.8714286,79.82857,1.2857143,1.1714286,1.2285715,9.714286,6.5857143,0.00027278066,0.009393476,2.8031212e-05,6.9448724e-05,0.000119071454,True
2011-03-28,550.39,8.7,7.142857,14.028572,0.5,72.3,1.942857,1.6428573,1.8571428,9.428572,9.257143,9.1806054e-05,0.008396603,8.34465e-06,4.2613596e-05,0.0,True
2011-04-04,550.35,17.1,10.571428,17.614286,3.6285717,76.42857,2.1857142,1.9142858,2.1857142,9.185715,12.328571,0.00016736984,0.007539667,-7.345365000000001e-25,5.029142e-08,0.0,True
2011-04-11,550.23,0.1,11.8714285,18.985716,4.0,65.71429,3.1142857,2.542857,2.857143,8.8714285,14.785714,6.3478947e-06,0.0067702755,-7.345365000000001e-25,0.0,0.0,True
2011-04-18,550.2,1.3,6.285714,12.585715,-0.8142857,68.34286,2.2142856,1.7142856,2.1571429,8.185715,10.328571,3.862381e-05,0.0060803965,8.29356e-06,3.3352524e-05,3.580004e-05,True
2011-04-25,550.13,0.1,13.428572,21.228573,3.7285714,58.47143,3.6857142,2.2428572,3.5142858,7.1857142,16.685715,1.0460615e-05,0.005415648,-7.345365000000001e-25,3.7066638e-07,0.0,True
2011-05-02,550.09,26.5,10.0,16.97143,2.7857144,81.24286,2.557143,1.6714284,2.5,6.714286,14.757143,7.3350966e-05,0.0048230886,-7.345365000000001e-25,0.0,0.0,True
2011-05-09,550.04,0.0,11.1285715,18.5,1.8285714,57.81429,3.9000003,2.057143,3.7000003,6.4142857,15.514286,4.1887164e-05,0.004307218,-7.345365000000001e-25,0.0,0.0,True
2011-05-16,549.98,24.300001,13.057143,18.87143,6.514286,71.04286,2.957143,1.5857143,2.9714284,6.142857,16.714285,0.00020263344,0.003790848,-7.345365000000001e-25,7.450581e-09,0.0,True
2011-05-23,549.94,1.7,15.642858,22.928572,7.9000006,69.38572,3.6285713,2.3142858,3.8428574,6.214286,19.157143,7.9870224e-05,0.0033840984,-7.345365000000001e-25,3.7252903e-09,0.0,True
2011-05-30,549.92,14.799999,15.214286,22.571428,7.1714287,68.08572,4.0857143,2.0571427,3.8999999,6.0285716,19.471428,0.00016414374,0.0030052364,-7.345365000000001e-25,7.450581e-09,0.0,True
2011-06-06,549.88,41.0,15.442858,20.9,10.271429,80.72858,2.957143,2.357143,2.9857142,7.1714287,18.842857,0.0006275028,0.002707988,-7.345365000000001e-25,1.4901161e-08,0.0,True
2011-06-13,549.85,10.8,13.757143,18.528574,9.0,81.57143,2.2285714,1.8285716,2.4857142,7.2714286,17.571428,0.00069229305,0.002490282,-7.345365000000001e-25,3.7252903e-09,0.0,True
2011-06-20,549.82,35.600002,15.857142,21.300001,10.642858,77.0,3.0857143,2.7857144,3.4714284,7.5857143,19.028572,0.0009862259,0.0023197234,-7.345365000000001e-25,1.1175871e-08,0.0,True
2011-06-27,549.8,16.5,17.685715,23.5,11.757143,71.11429,3.6571429,3.0714285,3.9714284,8.014286,20.242857,6.784499e-05,0.0021783859,-7.345365000000001e-25,1.1175871e-08,0.0,True
2011-07-04,549.78,22.3,15.885714,22.0,8.828572,71.12858,3.5285716,2.9,3.6714287,8.057143,20.185715,0.0005863011,0.0020386353,-7.345365000000001e-25,3.7252903e-09,0.0,True
2011-07-11,549.77,39.1,18.800001,25.828571,12.985715,75.02857,3.9714282,3.457143,4.3714285,8.085714,22.77143,0.0016720966,0.0019174591,-7.345365000000001e-25,7.450581e-09,0.0,True
2011-07-18,549.77,53.5,15.714286,21.557144,9.300001,77.28571,2.957143,2.7857144,3.2,9.257143,19.5,0.00024607778,0.001809679,-7.345365000000001e-25,1.1175871e-08,0.0,True
2011-07-25,549.78,94.6,12.900001,17.385715,8.8714285,84.814285,2.1,2.1285713,2.2857144,10.385715,16.2,0.006926276,0.0018479005,-7.345365000000001e-25,7.450581e-09,0.0,True
2011-08-01,549.9,14.0,15.1285715,20.585714,10.442857,80.01429,2.4714284,2.2857144,2.8714287,9.8,19.1,0.00021443516,0.001714088,-7.345365000000001e-25,3.7252903e-09,0.0,True
2011-08-08,549.91,41.4,17.800001,23.77143,12.271429,81.42857,2.742857,2.6,3.1571429,9.914286,20.842857,0.001243487,0.0016931221,-7.345365000000001e-25,7.450581e-09,0.0,True
2011-08-15,549.97,28.0,16.528572,22.442858,10.928572,74.24286,2.885714,2.642857,3.4142857,9.771428,19.714285,0.0010835603,0.0016779825,-7.345365000000001e-25,7.450581e-09,0.0,True
2011-08-22,549.98,1.0,21.142857,28.528574,14.371429,75.814285,3.4714286,3.0,4.0142856,9.3714285,24.428572,9.471923e-05,0.0016651079,-7.345365000000001e-25,5.5879354e-09,0.0,True
2011-08-29,549.96,13.6,18.714285,25.814285,11.842857,72.27143,3.2428572,2.7285714,3.7285714,8.7,22.62857,0.00043535978,0.0016311556,-7.345365000000001e-25,5.5879354e-09,0.0,True
2011-09-05,549.99,30.599998,16.5,22.87143,10.557143,81.200005,2.1000001,1.7571429,2.457143,8.642858,20.0,0.0061977133,0.0019199476,-7.345365000000001e-25,3.7252903e-09,0.0,True
2011-09-12,549.98,5.5,16.942858,22.757143,11.8714285,75.40001,2.3142858,2.0857143,2.8999999,9.185715,18.971428,0.000102221966,0.0016200319,-7.345365000000001e-25,1.3038516e-08,0.0,True
2011-09-19,549.99,42.8,13.928572,19.257143,8.828572,82.25715,1.6571429,1.4857143,2.0142858,9.242857,17.042856,0.0013191402,0.0016487315,-7.345365000000001e-25,3.7252903e-09,0.0,True
2011-09-26,549.98,0.0,12.6,20.285715,6.014286,82.700005,1.5428572,1.3142856,1.9142857,9.4,16.028572,6.4373016e-06,0.0016978458,-7.345365000000001e-25,1.8626451e-09,0.0,True
2011-10-03,549.97,0.0,13.900001,21.157145,7.1857142,86.200005,1.5142858,1.1285714,1.6571429,8.6285715,17.6,3.427267e-07,0.0017369464,-7.345365000000001e-25,5.5879354e-09,0.0,True
2011-10-10,549.96,31.2,10.442857,14.842857,6.042857,83.52857,1.2714285,1.1285714,1.2714285,9.1285715,12.942857,0.00081727654,0.0017378181,2.1003541e-07,2.099201e-06,2.041459e-06,True
2011-10-17,549.95,3.1,7.8714285,12.17143,4.157143,85.457146,0.9142857,0.84285706,1.0,9.742857,10.228572,6.79791e-05,0.0017990842,-7.345365000000001e-25,1.8626451e-08,0.0,True
2011-10-24,549.91,14.6,4.0857143,10.457144,-0.9285715,87.34286,0.6714286,0.59999996,0.7571429,9.857142,6.4714284,0.00019395351,0.0018967763,0.00024942556,0.00076390244,0.00083762035,True
2011-10-31,549.88,0.2,6.728572,11.7,2.5428574,91.21429,0.48571426,0.44285718,0.55714285,9.585714,8.085714,1.385808e-05,0.0019804984,1.7472676e-05,8.769333e-05,0.0,True
2011-11-07,549.84,0.5,6.7000003,10.985715,3.5,96.557144,0.4,0.35714287,0.4,9.385715,8.585714,6.452203e-06,0.0020329878,-7.345365000000001e-25,3.6880374e-07,0.0,True
2011-11-14,549.79,0.0,3.357143,6.5285716,0.95714283,97.11428,0.24285717,0.20000002,0.2857143,9.228572,5.8714285,3.889203e-06,0.0020558313,5.676633e-09,1.8626451e-08,4.4330955e-07,True
2011-11-21,549.75,0.0,0.82857144,6.214286,-2.8285713,93.457146,0.28571427,0.22857144,0.22857143,9.142858,2.9571428,9.164214e-07,0.0020611957,2.7440843e-05,4.7514215e-05,5.7049096e-05,True
2011-11-28,549.72,0.2,0.9285714,4.3857145,-2.2142859,92.91429,0.24285714,0.18571427,0.2857143,9.057143,2.0428572,3.4868717e-06,0.0020560995,2.1679061e-05,4.5804307e-05,4.0777028e-05,True
2011-12-05,549.68,16.8,5.728572,10.099999,1.7,83.24286,0.5285714,0.4857143,0.7,9.185715,4.4714284,0.0018369704,0.0020430163,1.2431826e-05,1.6726553e-05,0.00015539676,True
2011-12-12,549.65,52.0,3.4857142,5.7428575,0.90000004,88.41429,0.4,0.4,0.5,10.9,2.8142858,0.0012788624,0.00247287,0.0013337646,0.004630357,0.0050680116,True
2011-12-19,549.63,25.3,1.957143,4.2285714,-1.6285714,85.41429,0.5428571,0.5428571,0.5428571,10.985714,1.8714286,0.0005954653,0.002402462,0.0021173386,0.0009388998,0.0070929416,True
2011-12-26,549.7,17.3,1.5285714,3.914286,-0.85714287,90.057144,0.20000002,0.20000002,0.31428573,10.957143,1.1142857,0.0013441145,0.003414005,0.009720201,0.017064808,0.014877506,True
2012-01-02,549.78,16.6,2.7285714,6.3428574,-0.028571503,88.200005,0.26000002,0.26000002,0.41428572,10.5,1.16,0.0012938082,0.0049408376,0.0056247427,0.018061532,0.013515763,True
2012-01-09,549.85,31.2,2.614286,4.6571426,0.61428577,85.27143,0.6,0.6,0.59999996,11.171429,2.1,0.0014518797,0.008193225,0.003741395,0.0049296115,0.011755776,True
2012-01-16,549.98,4.3,-1.0142857,2.0714285,-4.7999997,89.3,0.27142856,0.27142856,0.25714287,10.471429,0.94285715,0.0002445951,0.010722108,0.0046568825,0.004469758,0.0019633137,True
2012-01-23,550.08,53.4,1.6285715,5.585715,-2.2571428,85.9,0.62857145,0.62857145,0.55714285,11.014286,1.0142857,0.0031441748,0.014388792,0.004580021,0.016817674,0.0140288845,True
2012-01-30,550.33,12.9,-1.3142859,0.74285716,-3.3142858,91.58572,0.12857144,0.12857144,0.2857143,10.842857,0.5,7.753074e-05,0.018184528,0.0062624896,0.0019508786,0.009424519,True
2012-02-06,550.47,1.8000001,-12.157143,-8.328572,-16.6,75.72858,0.0,0.0,0.34285715,10.314285,-0.85714287,9.685755e-08,0.018717535,0.009978766,0.0,0.002939012,True
2012-02-13,550.51,5.6000004,-12.1,-8.6285715,-17.37143,81.64286,0.0,0.0,0.3,10.3,-1.8142858,4.7683716e-07,0.017465346,0.0108757075,1.6594306e-05,0.005742334,True
2012-02-20,550.52,14.5,-0.45714286,1.7714287,-3.8142858,87.11428,0.4142857,0.4142857,0.5428571,10.471429,-3.9650823999999995e-18,0.00029060245,0.0158199,0.020297408,0.008271696,0.015002068,True
2012-02-27,550.5,0.6,1.3142859,6.357143,-3.4428573,80.82857,0.7571429,0.7000001,0.8142857,10.157143,0.9142857,0.0004631728,0.014227532,0.008272245,0.016218916,0.0015507713,True
2012-03-05,550.49,3.2,5.4,11.099999,0.37142858,85.35714,0.90000004,0.81428576,1.0142858,9.857142,4.957143,0.00012291968,0.013080314,0.0006959836,0.0026480332,0.00047607347,True
2012-03-12,550.47,2.2,2.5142858,6.871429,-2.1571429,81.48572,1.0285715,0.9428572,0.95714283,9.742857,4.142857,0.000112608075,0.012124069,0.0010016079,0.0028628055,0.0028373487,True
2012-03-19,550.44,10.2,6.642857,14.471429,-0.0142857,74.57143,1.7714285,1.4999999,1.6999999,9.357142,8.242857,0.00019093603,0.011179499,0.00010157199,0.0005374849,0.00042828172,True
2012-03-26,550.4,0.0,7.7571435,15.6285715,0.014285713,71.88572,2.2571428,1.8285716,1.9714286,9.0,9.957143,1.4975667e-05,0.010217935,3.9253915e-05,0.0002598334,0.0,True
2012-04-02,550.37,0.8,7.714286,14.371429,0.4571429,62.74286,2.357143,1.7714285,2.2571428,8.171429,10.828571,1.8253922e-05,0.009260029,2.8383165e-06,8.461997e-06,1.4856458e-05,True
2012-04-09,550.3,14.1,6.071429,9.571428,2.1285713,82.185715,1.2,1.1142857,1.3714286,8.285714,8.1285715,0.00022856891,0.008385859,0.00031217508,0.00076893717,0.0015918612,True
2012-04-16,550.26,27.8,6.471429,10.271429,2.6000001,80.21429,1.4571428,1.3285713,1.5571429,8.7,7.9,0.00024813414,0.0076254755,9.535608e-05,0.00076947734,7.816404e-05,True
2012-04-23,550.2,12.5,6.1857142,11.757143,-0.15714286,73.87144,2.0285714,1.9,2.085714,8.914286,8.914286,0.00015444309,0.0069627166,8.270854e-06,4.2922795e-05,4.61936e-07,True
2012-04-30,550.15,1.2,13.571428,21.328571,4.614286,62.014286,3.914286,3.1142857,3.642857,8.485714,15.028571,9.24021e-05,0.0063524023,1.21593475e-05,0.00012046099,0.0001193732,True
2012-05-07,550.07,5.9,12.5,18.014286,6.657143,72.12858,2.9428573,2.3285713,2.957143,7.4857144,16.142857,0.00012755394,0.0057543814,-7.345365000000001e-25,0.0,0.0,True
2012-05-14,550.02,17.5,13.471429,20.214285,5.6285715,67.62858,3.5,2.6857145,3.5857143,7.285714,16.87143,0.00019903481,0.0052206144,-7.345365000000001e-25,3.7252903e-09,0.0,True
2012-05-21,549.97,6.6000004,11.657144,18.771427,4.6,69.9,3.2285714,2.5571427,3.1857142,7.3285713,15.1,0.00017982721,0.0047387406,6.131331e-05,0.0004972704,0.000488624,True
2012-05-28,549.93,4.7,15.900001,22.185715,9.242858,65.75715,4.0,2.4142857,4.0857143,6.8,19.585714,0.00016079098,0.004292354,-7.345365000000001e-25,1.1175871e-08,0.0,True
2012-06-04,549.85,43.0,15.757143,21.17143,10.714286,74.557144,3.2142854,2.4428573,3.4571426,6.5285716,18.842857,0.0003158152,0.003868647,-7.345365000000001e-25,1.1175871e-08,0.0,True
2012-06-11,549.81,48.7,13.6285715,18.914288,9.185715,80.12858,2.5,2.3428571,2.7,7.9714284,16.814285,0.00045010448,0.0035505667,-7.345365000000001e-25,7.450581e-09,0.0,True
2012-06-18,549.78,17.3,16.671429,23.028574,9.400001,73.0,3.9857144,3.385714,4.2285714,8.785714,19.9,0.00034570694,0.0033122897,-7.345365000000001e-25,7.450581e-09,0.0,True
2012-06-25,549.75,45.2,17.857143,23.642857,11.414286,74.5,3.8857143,3.3714287,3.9428573,8.028571,22.057142,0.0016436279,0.003090918,-7.345365000000001e-25,7.450581e-09,0.0,True
2012-07-02,549.72,11.0,19.628572,25.585714,13.685715,74.85714,3.9571426,3.285714,4.157143,7.885714,23.114286,8.350611e-05,0.0028892085,-7.345365000000001e-25,1.1175871e-08,0.0,True
2012-07-09,549.71,31.4,18.571428,24.128572,13.542857,78.85714,3.385714,3.142857,3.7285714,8.728572,22.385714,0.00030633807,0.0027121827,-7.345365000000001e-25,3.7252903e-09,0.0,True
2012-07-16,549.69,31.7,15.67143,20.600002,11.485715,73.77143,3.1999996,2.8714287,3.5,8.414286,19.042856,0.00025209785,0.0025381371,-7.345365000000001e-25,1.1175871e-08,0.0,True
2012-07-23,549.67,5.7,15.657144,20.67143,10.67143,71.75715,3.2571428,2.6142857,3.5714285,7.7285714,18.828571,9.778887e-05,0.0023783147,-7.345365000000001e-25,7.450581e-09,0.0,True
2012-07-30,549.64,17.3,19.37143,26.142857,11.857142,72.04286,3.785714,2.8428571,4.042857,7.0857143,22.6,9.328127e-05,0.0022147298,-7.345365000000001e-25,7.450581e-09,0.0,True
2012-08-06,549.63,34.0,19.214285,25.828571,12.785714,74.27143,3.5142858,2.8142858,3.7142856,6.9142857,22.77143,0.0011499524,0.002056852,-7.345365000000001e-25,1.1175871e-08,0.0,True
2012-08-13,549.63,0.0,16.671429,22.885715,9.757143,69.42857,3.2714283,2.357143,3.7857144,6.857143,21.114286,1.3336539e-05,0.0019252151,-7.345365000000001e-25,3.7252903e-09,0.0,True
2012-08-20,549.62,66.3,20.185715,28.2,11.457144,69.04286,3.814286,2.7714286,4.0,6.6857142,23.457144,9.6186996e-05,0.0017834231,-7.345365000000001e-25,3.7252903e-09,0.0,True
2012-08-27,549.62,41.8,18.642857,24.34286,13.114286,77.07143,3.0142858,2.557143,3.2571428,7.4428573,21.885714,0.00081403553,0.0016514435,-7.345365000000001e-25,7.450581e-09,0.0,True
2012-09-03,549.65,31.6,15.228572,19.728573,10.914286,84.64286,1.7285713,1.5285712,1.9428571,8.528571,17.7,0.00045138597,0.001552105,-7.345365000000001e-25,3.7252903e-09,0.0,True
2012-09-10,549.67,0.0,16.257143,23.257143,9.6285715,77.01429,2.2571428,1.7571429,2.5571427,8.2,19.214285,1.6957521e-05,0.0014846921,-7.345365000000001e-25,3.7252903e-09,0.0,True
2012-09-17,549.68,11.8,12.1285715,18.557144,5.9,80.88572,1.7142857,1.4714286,2.0,8.457143,15.728572,0.00014908612,0.001416482,-7.345365000000001e-25,3.7252903e-09,0.0,True
2012-09-24,549.69,36.8,11.8,17.814287,5.571429,84.54286,1.5571429,1.4714286,1.6285714,8.714286,14.842857,0.000985831,0.0013604388,-7.345365000000001e-25,5.5879354e-09,0.0,True
2012-10-01,549.7,22.800001,11.5,16.514286,6.4428573,85.87144,1.0857142,1.0285714,1.3857143,9.0,13.342857,0.00022851676,0.0013166815,-7.345365000000001e-25,1.8626451e-09,0.0,True
2012-10-08,549.71,19.900002,11.342857,16.914286,5.1857142,85.15715,1.1999999,1.1142857,1.3714286,8.942857,12.971429,0.00016634166,0.0012854412,-7.345365000000001e-25,7.450581e-09,0.0,True
2012-10-15,549.71,29.9,9.342857,12.800001,5.971429,90.48572,0.68571424,0.67142856,0.82857144,9.971429,10.671429,0.00055368245,0.0012684688,-7.345365000000001e-25,7.450581e-09,0.0,True
2012-10-22,549.73,0.1,9.714286,16.628572,4.642857,87.957146,0.9571429,0.8428572,0.9714286,9.157143,11.314285,2.2649765e-06,0.0012750253,-7.345365000000001e-25,1.8626451e-09,0.0,True
2012-10-29,549.75,22.5,3.957143,6.457143,1.3000001,93.88572,0.3,0.25714287,0.47142857,9.357142,6.4142857,0.00017495453,0.0012874901,0.005469169,0.0012012292,0.019240953,True
2012-11-05,549.77,28.8,5.6,10.6285715,1.8285714,85.07143,0.8428572,0.8285715,0.71428573,10.085714,6.214286,0.0011648089,0.0013084635,0.005690325,0.017788226,0.0002706647,True
2012-11-12,549.85,21.0,5.457143,8.614286,1.8999999,88.85714,0.37142858,0.37142858,0.5,10.728572,5.7714286,0.0018443763,0.002069369,5.7509966e-05,0.00021463074,0.00018030778,True
2012-11-19,549.91,0.0,3.1714287,6.4428573,0.85714287,94.77143,0.24285714,0.24285714,0.25714287,10.328571,4.4714284,1.244247e-06,0.0017800704,9.536743e-07,5.0477684e-06,6.519258e-07,True
2012-11-26,550.0,2.6,5.085714,8.457143,2.3285713,91.08572,0.2857143,0.27142859,0.41428572,10.057143,4.8428574,9.790063e-06,0.002107799,1.1120524e-05,4.0717423e-05,4.0847808e-05,True
2012-12-03,550.05,37.100002,0.42857152,2.4,-1.9142857,93.814285,0.14285716,0.14285716,0.27142859,10.814285,2.357143,0.0002616495,0.002319634,0.018056098,0.0012946632,0.033464763,True
2012-12-10,550.14,13.9,-2.4428573,-0.10000002,-6.8,90.22858,0.15714286,0.15714286,0.3,10.728572,0.4857143,0.00021322817,0.00252074,0.035618532,0.005186513,0.020844366,True
2012-12-17,550.22,17.5,-1.5142858,2.0857143,-5.457143,91.52857,0.22857143,0.22857143,0.22857143,10.785714,0.74285716,0.0016052499,0.0042386875,0.043457128,0.033916265,0.0053536594,True
2012-12-24,550.32,20.3,3.8428571,6.1857147,1.0714285,88.15715,0.35714287,0.35714287,0.5,11.142858,2.6142857,0.0022436678,0.0063119754,0.012559051,0.027965961,0.008538164,True
2012-12-31,550.49,15.9,4.642857,8.385715,1.4428571,80.08572,0.61428577,0.61428577,0.6857143,10.885715,3.7571428,0.00071047246,0.0078430325,0.00041531192,0.0011542756,0.0010081865,True
2013-01-07,550.59,23.0,3.0714285,5.214286,0.37142855,92.11428,0.31428573,0.31428573,0.34285715,10.671429,2.6714287,0.00067028403,0.012601398,0.00015269575,0.00040967204,0.00011514127,True
2013-01-14,550.68,6.0,-0.028571436,1.6428572,-1.6428572,93.52857,0.14285715,0.14285715,0.27142859,10.457143,1.1714286,4.0635467e-05,0.014359191,0.002214761,0.0007025711,0.004998412,True
2013-01-21,550.71,15.3,-4.214286,-2.4142857,-6.357143,91.1,0.0,0.0,0.27142859,10.5,0.08571429,1.9595027e-06,0.014504872,0.01403472,8.866936e-05,0.017058067,True
2013-01-28,550.73,7.5,-2.6000001,0.14285715,-6.328572,86.75715,0.2,0.2,0.3857143,10.314285,0.114285715,0.000104770064,0.013942115,0.019717012,0.004252743,0.0044156313,True
2013-02-04,550.78,42.1,3.8857143,6.7714286,1.0857142,85.14286,0.78571427,0.78571427,0.7571429,11.214286,3.0428572,0.0028540716,0.015835732,0.00538394,0.024470214,0.0143559165,True
2013-02-11,550.97,13.5,-3.0857146,-0.15714288,-7.071429,88.04286,0.18571429,0.18571429,0.42857143,11.1285715,0.7285714,0.00032626092,0.018491708,0.016420132,0.0043944195,0.02017796,True
2013-02-18,551.02,5.2000003,-2.7857146,0.07142859,-6.8,87.74286,0.15714286,0.15714286,0.42857143,10.471429,0.2,6.3955784e-05,0.01931537,0.027004333,0.0031292364,0.009692367,True
2013-02-25,551.06,7.0,-4.542857,-1.457143,-7.614286,84.25714,0.08571429,0.08571429,0.51428574,10.3,0.15714286,2.9072165e-05,0.018242784,0.030515563,0.0015003812,0.008736495,True
2013-03-04,550.99,2.0,-0.9285714,1.3857144,-3.5857143,91.01429,0.41428572,0.4,0.5428571,10.257143,0.32857144,0.00044102967,0.01666376,0.026689712,0.021952385,0.0048954785,True
2013-03-11,550.94,3.4,5.8142858,12.657143,0.05714286,78.57143,1.2714285,1.1714286,1.2714285,9.814285,5.6571426,0.00042776763,0.015164763,0.003438626,0.013251275,0.0,True
2013-03-18,550.87,12.6,-0.15714285,4.2714286,-4.2000003,79.12858,0.55714285,0.5285714,0.9714286,10.0,1.9,0.00015458465,0.014079347,0.0014081909,0.0016447548,0.005505543,True
2013-03-25,550.82,4.6,1.1142857,5.071429,-2.1285713,77.41429,1.0285714,1.0,1.2428571,10.071428,3.2714286,0.00013124943,0.013067409,0.0023327272,0.0042652637,0.0067332834,True
2013-04-01,550.75,19.4,-1.0571429,1.8142859,-4.2000003,87.44286,0.5714286,0.5571429,0.8142857,10.342857,1.2714286,0.00040649623,0.012111612,0.008083316,0.010889696,0.014814725,True
2013-04-08,550.7,2.3,1.3714286,4.1,-0.8714286,81.12858,0.81428576,0.7714285,1.0571429,10.071428,2.9571428,0.00017364323,0.011293672,0.0024950732,0.007066736,0.00034133345,True
2013-04-15,550.63,15.9,9.67143,15.614286,4.2285714,72.41429,2.5428574,2.3857143,2.4857142,10.042857,10.057143,0.00026640296,0.010548614,5.1697094e-05,0.0003890451,0.0,True
2013-04-22,550.6,44.0,10.742858,15.1285715,6.3142858,80.38572,1.942857,1.6999999,2.0285714,9.714286,12.4,0.00056934357,0.009761773,-7.345365000000001e-25,7.450581e-09,0.0,True
2013-04-29,550.65,1.4,11.042857,16.671429,5.1,76.942856,2.2142856,1.9142857,2.2857144,9.542857,13.7,0.00026726723,0.009154506,-7.345365000000001e-25,0.0,0.0,True
2013-05-06,550.64,7.5,11.842857,16.628572,6.6714287,83.37144,1.9857142,1.8000001,2.2428572,9.414286,14.1285715,0.00033172965,0.008618236,-7.345365000000001e-25,3.7252903e-09,0.0,True
2013-05-13,550.61,27.699999,11.657144,16.085714,7.2428575,80.75715,2.1571429,2.0,2.2285714,9.8,14.314285,0.0019419342,0.00812602,-7.345365000000001e-25,0.0,0.0,True
2013-05-20,550.53,3.3000002,12.314286,17.5,6.914286,77.37144,2.614286,2.3285713,2.7428572,9.542857,15.242857,0.00021506846,0.007849954,-7.345365000000001e-25,0.0,0.0,True
2013-05-27,550.47,19.7,7.1571426,11.442858,3.5857143,83.32857,1.6857141,1.6285714,1.8714286,9.728572,10.157143,0.00052791834,0.007594414,-7.345365000000001e-25,3.7252903e-09,0.0,True
2013-06-03,550.52,83.4,9.085714,12.471429,5.857143,86.75715,1.8142859,1.8000001,1.7571429,11.185715,11.671429,0.00896053,0.018120311,-7.345365000000001e-25,3.7252903e-09,0.0,True
2013-06-10,550.66,53.8,14.842857,20.514286,8.185715,75.37142,3.5571427,3.1,3.5714285,10.042857,18.514286,0.0004261434,0.017132275,-7.345365000000001e-25,0.0,0.0,True
2013-06-17,550.97,10.200001,17.557142,24.457144,10.557143,73.78571,4.1285715,3.6714287,4.1857142,9.857142,21.12857,0.00016511977,0.016273439,-7.345365000000001e-25,3.7252903e-09,0.0,True
2013-06-24,551.01,8.700001,18.585714,24.328571,12.942857,74.557144,4.1571426,3.414286,3.9142857,8.4,22.9,0.002796851,0.014434017,-7.345365000000001e-25,7.450581e-09,0.0,True
2013-07-01,550.97,13.2,12.257143,16.714285,7.9857144,79.28571,2.5285716,2.2,2.7,8.785714,16.185715,0.0004223436,0.012759052,-7.345365000000001e-25,0.0,0.0,True
2013-07-08,550.9,4.3,18.314287,23.27143,13.057143,76.58572,3.7714286,3.042857,3.7285714,8.485714,21.642857,9.4518065e-05,0.0113125,-7.345365000000001e-25,1.1175871e-08,0.0,True
2013-07-15,550.82,0.0,17.87143,23.97143,10.157143,65.11429,4.585714,2.5142858,4.6571426,6.9857144,23.485714,8.34465e-07,0.009850159,-7.345365000000001e-25,3.7252903e-09,0.0,True
2013-07-22,550.75,0.0,20.657145,27.9,11.828572,59.285713,5.371429,1.4285716,5.2714286,6.042857,24.928572,9.0897083e-07,0.008347325,-7.345365000000001e-25,1.1175871e-08,0.0,True
2013-07-29,550.66,13.3,21.714285,29.785715,14.114286,68.21429,4.4,1.6714287,4.6,6.214286,25.328571,0.00037944317,0.0070135742,-7.345365000000001e-25,1.1175871e-08,0.0,True
2013-08-05,550.57,6.5,21.34286,29.34286,12.942857,65.48572,4.5142856,3.1571429,4.8285713,6.7714286,24.528572,1.5348196e-05,0.0059879646,-7.345365000000001e-25,7.450581e-09,0.0,True
2013-08-12,550.46,30.6,18.442858,24.17143,13.028572,77.91429,2.9999998,2.5142858,3.2571428,7.3142858,22.37143,0.00029592216,0.0051623434,-7.345365000000001e-25,1.1175871e-08,0.0,True
2013-08-19,550.39,5.4,17.428572,23.985716,10.414286,68.57143,3.2999997,2.5285716,3.642857,7.0571427,21.457144,0.00019587576,0.004538186,-7.345365000000001e-25,5.5879354e-09,0.0,True
2013-08-26,550.3,13.8,14.942858,21.014286,8.714286,78.07143,2.3999999,1.9,2.7142856,7.2714286,18.885714,0.00021918118,0.0040188357,-7.345365000000001e-25,3.7252903e-09,0.0,True
2013-09-02,550.24,9.1,14.514287,20.228573,8.2,78.200005,2.0714285,1.8000001,2.3714287,8.428572,18.085714,0.00016443431,0.00362999,-7.345365000000001e-25,1.8626451e-09,0.0,True
2013-09-09,550.16,10.6,17.428572,24.128572,10.7,74.48572,2.7142856,2.2571428,2.9428573,8.0,20.585714,0.0011582077,0.0032875314,-7.345365000000001e-25,1.1175871e-08,0.0,True
2013-09-16,550.09,72.6,11.571428,14.385715,8.457143,88.91429,1.1285715,1.1285715,1.2428571,10.085714,13.385715,0.00088997185,0.0030369014,-7.345365000000001e-25,9.313226e-09,0.0,True
2013-09-23,550.02,32.8,10.914286,16.071428,6.057143,83.328575,1.4714286,1.442857,1.6571429,10.657143,13.471429,0.0006971508,0.002904795,-7.345365000000001e-25,3.7252903e-09,0.0,True
2013-09-30,549.97,3.8999999,12.642858,16.928572,8.857142,87.84286,1.1857141,1.0285715,1.3857143,9.842857,15.428572,0.00040194392,0.0028227642,-7.345365000000001e-25,1.8626451e-09,0.0,True
2013-10-07,549.91,15.2,10.071428,14.685715,6.1857147,88.685715,0.78571427,0.7285714,1.0142857,10.0,12.357142,0.00021080673,0.0027638152,-7.345365000000001e-25,5.5879354e-09,0.0,True
2013-10-14,549.84,20.3,7.428571,11.985715,4.257143,89.67143,0.6428572,0.6428572,0.8142857,10.785714,9.314285,0.0004335642,0.0027364716,0.00035770168,0.0013365671,0.0014215522,True
2013-10-21,549.8,37.6,10.957143,16.328571,6.5,83.957146,0.9714286,0.9714286,1.1714286,10.928572,11.3,0.0038359165,0.004541658,1.35614755e-05,0.00016308948,0.0,True
2013-10-28,549.78,11.3,12.771429,19.071428,7.7428575,82.64286,1.0714285,1.0428572,1.2142857,10.214286,12.842857,0.0002361089,0.003089562,-7.345365000000001e-25,5.5879354e-09,0.0,True
2013-11-04,549.77,14.9,7.6285715,11.428572,3.6857142,86.35714,0.7285714,0.71428573,0.7571429,10.4,8.4,0.0018422306,0.0032690987,-7.345365000000001e-25,3.7252903e-09,0.0,True
2013-11-11,549.76,30.099998,7.328572,10.6,3.557143,83.957146,0.7285715,0.7285715,0.82857144,10.957143,7.5,0.0010734946,0.0036079586,0.0011764084,0.0022947546,0.0076301247,True
2013-11-18,549.78,0.8,2.5571427,4.3142858,0.8142857,90.8,0.21428572,0.21428572,0.3857143,10.571428,3.442857,0.00020065904,0.004544817,0.00248737,0.0055765864,0.00041346252,True
2013-11-25,549.81,18.300001,1.6428572,3.057143,-0.32857147,92.67143,0.20000002,0.20000002,0.3,10.542857,2.7,0.00042682886,0.005498685,0.0013014589,0.0032859426,0.004114736,True
2013-12-02,549.85,5.6,-1.8142859,1.2142857,-5.4857144,89.38572,0.14285715,0.14285715,0.22857143,10.357142,0.37142858,4.5873225e-05,0.006329842,0.004936542,0.0018662773,0.007889457,True
2013-12-09,549.89,4.1,0.40000004,4.042857,-2.8857143,81.37142,0.40000004,0.40000004,0.4857143,10.257143,0.8,0.00012512505,0.0068452135,0.005547308,0.004801115,0.002704719,True
2013-12-16,549.92,4.2,-0.3142857,3.8428574,-3.557143,91.48572,0.17142858,0.17142858,0.18571427,10.228572,0.6,8.2701445e-05,0.007003486,0.0029728129,0.002958959,0.00092167035,True
2013-12-23,549.96,0.8,1.9714288,5.2714286,-2.7142856,85.87144,0.2857143,0.2857143,0.3857143,10.2,0.8428571,7.085502e-05,0.0070073903,0.0013636578,0.0020790342,2.682209e-07,True
2013-12-30,549.98,8.6,2.6142857,0.0,-1.0428572,86.34286,0.35714287,0.35714287,0.35714287,10.485714,2.0857143,0.00032720715,0.0069456175,0.0016680445,0.0027278103,0.003968224,True
2014-01-06,549.99,5.9,1.9285715,5.7285714,-2.642857,87.24286,0.2,0.2,0.37142855,10.3,0.6,0.00023726374,0.006899908,0.0010345152,0.0013831276,5.8978796e-05,True
2014-01-13,549.97,11.3,4.557143,8.728572,-0.071428575,85.28571,0.5285714,0.5285714,0.4857143,10.314285,3.5285714,0.00021764636,0.0069171637,9.687742e-05,0.0003855694,1.2695789e-05,True
2014-01-20,549.98,15.900001,1.6142857,3.5285716,-0.5285714,95.0,0.20000002,0.20000002,0.2857143,10.614285,2.057143,0.0004518777,0.0071463883,0.0015448729,0.0027397592,0.0033150688,True
2014-01-27,549.99,13.200001,1.4428571,3.257143,-0.40000004,89.92857,0.37142858,0.37142858,0.41428572,10.471429,1.6142857,0.00017992407,0.0076553896,0.002735365,0.0021072123,0.010788776,True
2014-02-03,550.0,3.8999999,-0.31428573,2.6571429,-2.6857145,89.61428,0.2857143,0.27142859,0.35714287,10.385715,0.6142857,0.00018063188,0.007963873,0.007145666,0.0059012864,0.0023078173,True
2014-02-10,550.02,1.5,2.9142857,7.9000006,-1.7285715,80.54286,0.6999999,0.68571424,0.7285714,10.2,2.0428572,0.00017270446,0.008025244,0.0021654877,0.0051516704,3.6951154e-05,True
2014-02-17,550.01,10.200001,3.7000003,8.242857,-0.8,80.67143,0.87142855,0.8428572,0.8,10.2,3.3285713,0.00017412007,0.007986389,0.00020920663,0.0006360039,0.00025633723,True
2014-02-24,550.02,4.6,3.4857144,8.857142,-1.1428572,82.957146,0.88571423,0.82857144,0.8142857,10.071428,4.285714,0.00011599809,0.007900201,5.4262935e-05,0.00017222576,0.00021348521,True
2014-03-03,549.99,6.1,3.4,8.1,-0.7,82.8,0.9714286,0.88571435,0.85714287,9.942857,4.8142858,0.0002272129,0.007764153,0.00061212265,0.0020522699,0.0025212206,True
2014-03-10,549.97,1.9,4.428571,10.5,-0.9285714,79.28571,1.3857143,1.2142857,1.1714286,9.685715,5.8428574,0.00013026595,0.007611476,0.00015614147,0.000685608,6.631017e-07,True
2014-03-17,549.93,0.1,7.4000006,14.742858,0.6999999,67.442856,1.9857142,1.5714285,1.8714286,8.957143,8.071428,1.7173588e-05,0.007384911,4.8251377e-07,2.745539e-06,0.0,True
2014-03-24,549.9,18.7,7.228572,13.6,0.9142857,72.15714,2.0142858,1.5857142,1.8857143,8.557143,9.014286,0.00032275915,0.007083796,0.00090595084,0.0022330321,0.006335549,True
2014-03-31,549.88,0.2,6.057143,13.928572,-1.5428572,72.11429,2.1571429,1.6999999,1.9,8.685715,9.014286,0.00011011958,0.0067642555,0.0014625334,0.005604107,0.0013289303,True
2014-04-07,549.84,2.3999999,11.514285,18.442858,4.4428573,71.87144,2.2000003,1.6142856,2.1714284,7.8428574,13.571428,0.00017826259,0.006381519,1.3396854e-06,1.2328848e-05,0.0,True
2014-04-14,549.81,6.2,9.557143,15.17143,3.8,68.9,2.4142857,1.7142857,2.2571428,7.257143,12.485714,0.00013132393,0.00601618,-7.345365000000001e-25,0.0,0.0,True
2014-04-21,549.77,12.4,5.8142858,11.528572,0.14285715,76.37142,1.8,1.1857144,1.7571429,6.8428574,9.385715,0.00013695657,0.0056534857,8.020514e-05,0.0004780274,0.00046847202,True
2014-04-28,549.74,30.5,11.771429,17.37143,5.6285715,77.5,2.557143,1.7571429,2.457143,7.0142856,14.642858,0.0002361387,0.005289346,6.6416607e-07,6.429851e-06,0.0,True
2014-05-05,549.72,26.6,8.900001,13.942858,4.8428574,82.87144,1.9142857,1.6857141,1.9428571,8.3714285,12.514286,0.0002225712,0.004976064,-7.345365000000001e-25,0.0,0.0,True
2014-05-12,549.7,19.8,12.157144,16.985714,6.957143,73.22857,2.9999998,2.757143,2.857143,8.228572,14.214286,0.0002867058,0.00467474,-7.345365000000001e-25,7.450581e-09,0.0,True
2014-05-19,549.68,13.6,10.042857,15.6285715,4.714286,72.42857,2.6571429,2.2571428,2.7571428,8.3,13.242857,0.00017369539,0.004410729,-7.345365000000001e-25,0.0,0.0,True
2014-05-26,549.67,15.4,15.971429,23.085714,8.285714,68.54286,3.9142854,2.8857143,3.8428571,7.285714,19.585714,0.0001180619,0.0041096658,-7.345365000000001e-25,0.0,0.0,True
2014-06-02,549.66,21.4,11.828572,16.414288,6.7428575,78.87142,2.3714283,1.9285713,2.4428573,7.6714287,15.642858,0.00019215792,0.0038476363,-7.345365000000001e-25,7.450581e-09,0.0,True
2014-06-09,549.63,10.0,17.757143,26.142857,8.428572,64.442856,4.571429,3.1714284,4.6,6.9142857,21.314285,4.465878e-05,0.0035685673,-7.345365000000001e-25,3.7252903e-09,0.0,True
2014-06-16,549.62,3.5,18.928572,24.985716,11.785714,62.285713,4.9428573,2.1285715,4.8714285,5.785714,23.685715,2.554059e-05,0.0032336488,-7.345365000000001e-25,3.7252903e-09,0.0,True
2014-06-23,549.6,13.400001,15.742858,22.585714,8.214286,65.11429,4.3714285,1.1428572,4.2428575,5.285714,21.014286,2.4840236e-05,0.0029205307,-7.345365000000001e-25,3.7252903e-09,0.0,True
2014-06-30,549.6,26.4,15.285714,20.77143,8.671429,74.01429,3.5285714,1.9285715,3.3142858,5.8428574,19.742857,0.0002835542,0.0026317984,-7.345365000000001e-25,0.0,0.0,True
2014-07-07,549.6,10.8,17.47143,23.857143,10.400001,73.41429,3.9142854,3.057143,3.8142858,6.5142856,21.2,6.3985586e-05,0.0024059564,-7.345365000000001e-25,3.7252903e-09,0.0,True
2014-07-14,549.61,37.899998,14.757143,18.328571,12.042857,87.200005,2.3142858,2.2428572,2.3714287,8.357142,17.457144,0.0009397641,0.0022199452,-7.345365000000001e-25,1.1175871e-08,0.0,True
2014-07-21,549.59,47.4,19.857143,26.67143,12.657144,70.21429,4.2428575,3.4285717,4.3,7.928571,24.014286,0.00042819232,0.0020560995,-7.345365000000001e-25,7.450581e-09,0.0,True
2014-07-28,549.6,75.399994,18.242857,23.142857,13.614286,81.28571,3.1,2.8857143,3.2142856,9.728572,21.828571,0.010181189,0.0025192723,-7.345365000000001e-25,3.7252903e-09,0.0,True
2014-08-04,549.68,22.4,17.642857,22.5,13.17143,85.47143,2.6000001,2.5,2.6571429,10.242857,21.257143,0.00061710924,0.0018849596,-7.345365000000001e-25,7.450581e-09,0.0,True
2014-08-11,549.72,48.4,17.928572,23.642857,12.142858,81.01429,2.9857144,2.6857142,3.0571427,9.457143,22.071428,0.00025856495,0.0018647239,-7.345365000000001e-25,1.1175871e-08,0.0,True
2014-08-18,549.77,17.3,13.914286,18.742857,9.957143,80.64286,2.3,2.1714287,2.542857,9.757143,17.085714,0.0005193502,0.0018518642,-7.345365000000001e-25,1.3038516e-08,0.0,True
2014-08-25,549.78,10.200001,13.328572,18.328571,8.185714,76.78571,2.1714284,1.8857143,2.3857143,9.085714,17.3,0.00021389127,0.0018526018,-7.345365000000001e-25,3.7252903e-09,0.0,True
2014-09-01,549.82,34.3,14.6,19.014286,10.314286,88.25714,1.7857143,1.7285715,1.8428571,10.042857,17.314285,0.000569053,0.0018526986,-7.345365000000001e-25,1.1175871e-08,0.0,True
2014-09-08,549.84,1.3,15.557143,21.414288,10.657143,86.5,1.7571428,1.5714285,2.1142857,10.071428,18.342857,0.0001424104,0.0018973202,-7.345365000000001e-25,7.450581e-09,0.0,True
2014-09-15,549.85,34.0,13.771429,17.957144,10.0,88.52857,1.3571428,1.2714287,1.5857143,10.142858,16.685715,0.00066402555,0.0019585043,-7.345365000000001e-25,3.7252903e-09,0.0,True
2014-09-22,549.89,28.8,14.585714,20.985716,8.971429,88.314285,1.6142857,1.5285714,1.8857143,10.185715,17.685715,0.0021202117,0.002098821,-7.345365000000001e-25,3.7252903e-09,0.0,True
2014-09-29,549.93,8.2,11.057143,17.642857,4.7571435,87.74286,1.4,1.3,1.5142858,10.271428,14.142858,0.0001873225,0.0022896752,-7.345365000000001e-25,1.8626451e-09,0.0,True
2014-10-06,549.97,5.4,12.385715,16.785715,8.214286,92.37144,0.88571435,0.8,1.0857142,9.985714,15.071428,0.0001551956,0.002501525,-7.345365000000001e-25,1.8626451e-09,0.0,True
2014-10-13,550.01,7.6000004,13.871429,19.657145,8.714286,87.25714,1.0714285,0.9714285,1.1428572,9.742857,15.314285,0.00016020238,0.002630636,-7.345365000000001e-25,3.7252903e-09,0.0,True
2014-10-20,550.04,29.699999,13.271429,18.885715,8.342857,86.58572,1.1285714,1.1285714,1.1999999,10.271428,14.342857,0.0014415532,0.0026962236,-7.345365000000001e-25,5.5879354e-09,0.0,True
2014-10-27,550.06,20.2,7.3428574,10.671428,3.5714285,88.85714,0.68571424,0.67142856,0.71428573,11.0,8.614285,0.0012840927,0.0030934364,8.0948785e-06,7.752888e-05,7.580221e-05,True
2014-11-03,550.11,1.0,7.957143,14.642858,2.8714287,88.200005,0.5857143,0.5285715,0.67142856,10.1285715,8.9,4.3205917e-05,0.0034894794,-7.345365000000001e-25,2.5890768e-07,0.0,True
2014-11-10,550.15,12.7,5.728572,9.728572,1.6428572,91.314285,0.45714286,0.44285718,0.44285712,10.485714,7.0142856,0.00064054877,0.0038494095,0.0009658223,0.0033450108,0.0035040975,True
2014-11-17,550.16,9.4,6.085715,8.8,3.4285715,95.75715,0.31428573,0.31428573,0.34285715,10.457143,7.3142858,0.0006055385,0.004298277,5.0669623e-05,0.0002507791,0.0,True
2014-11-24,550.14,8.3,5.0,8.728572,1.5714285,94.557144,0.28571433,0.28571433,0.24285714,10.757143,5.5571427,0.0003581643,0.0050527975,1.8789655e-06,1.0078773e-05,7.890165e-06,True
2014-12-01,550.12,2.6999998,2.5285716,3.642857,1.5142858,98.57143,0.18571429,0.17142858,0.22857143,10.2,4.0,3.8802624e-05,0.005904667,1.3340087e-06,3.118068e-06,6.4857304e-06,True
2014-12-08,550.11,5.9,1.7428572,2.6285717,0.87142855,96.22857,0.114285715,0.114285715,0.22857143,10.242857,2.3428571,0.00018128753,0.0062312186,0.0015131973,0.0025481451,0.005997181,True
2014-12-15,550.11,3.0,4.071429,6.8428574,1.4142858,81.37144,0.42857143,0.41428572,0.6571428,10.242857,3.0285714,0.0001938343,0.006344281,0.0020304974,0.004228968,0.0009945147,True
2014-12-22,550.09,12.799999,5.285714,7.642857,3.0142858,85.457146,0.4857143,0.4857143,0.55714285,10.642858,4.642857,0.0008336082,0.0064594,0.00017198494,0.000917837,0.0008838624,True
2014-12-29,550.07,17.6,-0.22857149,3.3857143,-5.7285714,82.057144,0.34285712,0.3285714,0.59999996,10.585714,1.6857142,5.5342913e-05,0.00700099,0.005093325,0.00019162893,0.019574802,True
2015-01-05,550.06,31.0,-1.3000001,1.7857143,-4.714286,91.542854,0.0,0.0,0.20000002,11.1,0.4,0.003392011,0.0091047585,0.026037637,0.018065026,0.015030317,True
2015-01-12,550.32,16.4,3.9857144,7.7428575,1.0285715,78.8,0.8428572,0.82857144,0.88571423,10.714286,2.8714285,0.0014082491,0.010809757,0.00708588,0.017027803,0.0031899735,True
2015-01-19,550.4,16.0,2.1,6.057143,-1.3285714,83.47143,0.51428574,0.51428574,0.62857145,10.742857,1.8571428,0.00042910874,0.014469422,0.003871583,0.0033673532,0.009336624,True
2015-01-26,550.5,7.1000004,-0.8714286,0.42857143,-1.9857143,91.08572,0.12857142,0.12857142,0.31428573,10.485714,0.47142857,5.426258e-05,0.015667096,0.008755145,0.0020985696,0.010604553,True
2015-02-02,550.53,18.9,-0.34285715,1.3428571,-2.7428572,89.24286,0.35714287,0.35714287,0.41428572,10.8714285,0.55714285,2.8871e-05,0.015397064,0.028461281,0.0005721729,0.027799133,True
2015-02-09,550.55,1.3000001,-4.871429,-1.9714286,-9.514285,83.3,0.071428575,0.071428575,0.45714286,10.485714,0.14285715,0.0,0.014656529,0.041052017,0.0,0.005831402,True
2015-02-16,550.54,0.0,-3.2000003,2.1714287,-7.785714,90.77143,0.34285712,0.3285714,0.37142858,10.171429,0.22857143,0.0003644824,0.013643555,0.035397258,0.01944349,0.000100657344,True
2015-02-23,550.53,8.1,-0.74285716,3.7,-5.2999997,86.37144,0.50000006,0.4571429,0.61428577,10.085714,0.42857143,0.00044528395,0.012680419,0.0153977135,0.017273424,0.0060352534,True
2015-03-02,550.5,16.5,1.2714287,5.1857142,-3.8428574,85.85714,0.78571427,0.7714285,0.67142856,10.4,1.7428571,0.0010488406,0.012304619,0.009434388,0.01953197,0.010660581,True
2015-03-09,550.54,2.3999999,2.4285715,8.728572,-2.7714288,73.91429,1.3571428,1.2571429,1.2142857,10.285714,3.5714285,0.00014003366,0.011826977,0.0023520503,0.0046181157,0.0025285743,True
2015-03-16,550.63,1.0,3.1714287,9.157143,-2.8,76.07143,1.3999999,1.1714287,1.2571429,9.542857,5.1857142,3.475696e-05,0.011664458,0.00013200442,0.00049094483,5.5506825e-07,True
2015-03-23,550.59,7.1,5.6142855,12.385715,-0.62857145,74.9,1.6714284,1.3142856,1.5428572,9.042857,7.9142857,0.00010086596,0.011230022,0.00013375282,0.00069993176,0.0008915961,True
2015-03-30,550.62,20.4,6.571429,11.114286,1.9000002,76.84286,1.7142856,1.5571429,1.6142857,8.928572,7.9,0.0006764233,0.010598429,3.088088e-05,0.0002159588,1.28000975e-05,True
2015-04-06,550.58,24.099998,3.3,6.9000006,-0.6285714,77.84286,1.5857143,1.5428572,1.4285715,10.1,5.0142856,0.0005881861,0.010047555,0.0021244118,0.005137004,0.008250296,True
2015-04-13,550.56,0.1,8.957143,16.128572,1.5285714,63.757145,2.7857146,2.2857144,2.7142856,9.3,11.257143,6.238371e-05,0.009689361,0.00060901756,0.0027029589,4.1760504e-06,True
2015-04-20,550.53,22.6,10.314285,16.657145,2.5571427,61.2,3.2428572,2.5428574,2.9857142,8.585714,13.271428,0.00076653063,0.009174198,3.40598e-08,5.9604645e-07,0.0,True
2015-04-27,550.52,34.1,10.557143,18.514286,1.8428574,67.38572,3.2857144,2.542857,3.042857,7.8714285,14.8,0.00022090971,0.008541323,-7.345365000000001e-25,0.0,0.0,True
2015-05-04,550.64,75.8,10.371429,14.428572,6.2285714,85.64286,1.942857,1.8285713,1.7857143,9.571428,12.971429,0.0028010607,0.0085128695,-7.345365000000001e-25,0.0,0.0,True
2015-05-11,550.9,21.3,14.0,20.142857,7.7428575,72.47143,3.4,3.0714285,3.1857142,9.885715,17.2,0.00071454793,0.008965448,-7.345365000000001e-25,7.450581e-09,0.0,True
2015-05-18,551.01,49.6,14.728572,20.214285,8.885715,75.814285,3.4000003,2.8857143,3.2571428,9.285714,18.542856,0.0028983355,0.009714089,-7.345365000000001e-25,3.7252903e-09,0.0,True
2015-05-25,551.14,31.5,10.642858,14.714286,6.8,80.42857,1.9285715,1.6714287,1.9,9.685715,13.857142,0.0017421991,0.0120176375,-7.345365000000001e-25,3.7252903e-09,0.0,True
2015-06-01,551.18,2.0,13.314286,18.742857,7.1857147,71.685715,3.257143,2.742857,3.3714287,8.928572,16.814285,0.00024664402,0.012093194,-7.345365000000001e-25,0.0,0.0,True
2015-06-08,551.16,26.0,19.714285,26.0,12.585714,71.04286,4.7000003,3.3714283,4.6571426,7.8142858,23.3,0.0003248304,0.0114497915,-7.345365000000001e-25,7.450581e-09,0.0,True
2015-06-15,551.12,26.2,16.514286,21.185715,11.785714,83.01429,2.9285715,2.4857142,2.9857142,8.342857,20.214285,0.00032299757,0.010562643,-7.345365000000001e-25,3.7252903e-09,0.0,True
2015-06-22,551.1,36.2,13.471429,17.657145,9.728571,81.185715,2.385714,2.1857142,2.5142858,9.214286,16.9,0.00037017465,0.009691179,-7.345365000000001e-25,3.7252903e-09,0.0,True
2015-06-29,551.07,17.3,15.800001,21.985716,8.900001,71.97143,3.8999999,3.2714288,3.8142855,8.785714,20.4,0.0006649345,0.008926228,-7.345365000000001e-25,0.0,0.0,True
2015-07-06,551.04,10.0,23.34286,31.128572,14.599999,67.08572,5.8142858,3.485714,5.414286,7.1857142,27.3,2.0444393e-05,0.008058488,-7.345365000000001e-25,1.1175871e-08,0.0,True
2015-07-13,550.98,7.7,19.0,25.100002,11.714286,65.85714,4.7428575,2.2571428,4.3,6.4142857,23.428572,5.210936e-05,0.007139012,-7.345365000000001e-25,1.1175871e-08,0.0,True
2015-07-20,550.92,4.2000003,21.97143,29.185715,14.857142,66.44286,4.928571,1.5714287,4.8428574,5.757143,25.557142,0.0001296699,0.006251581,-7.345365000000001e-25,7.450581e-09,0.0,True
2015-07-27,550.85,18.3,19.742859,26.128572,13.214286,69.48572,4.428571,2.0142856,4.342857,5.928571,24.042856,0.00017052889,0.005470678,-7.345365000000001e-25,3.7252903e-09,0.0,True
2015-08-03,550.8,5.2999997,16.428572,22.185715,9.442857,70.51429,3.4142857,1.4714285,3.457143,5.9,20.071428,5.9351325e-05,0.004828453,-7.345365000000001e-25,1.1175871e-08,0.0,True
2015-08-10,550.76,10.599999,23.028574,31.314285,14.685715,65.71429,4.8428574,1.6428572,4.957143,5.6285715,25.87143,2.4408102e-05,0.0042330325,-7.345365000000001e-25,3.7252903e-09,0.0,True
2015-08-17,550.71,22.599998,19.585714,25.885714,14.214286,76.6,3.242857,1.6857144,3.3285713,6.1285715,23.171429,0.00022237003,0.003697589,-7.345365000000001e-25,7.450581e-09,0.0,True
2015-08-24,550.69,14.3,15.371429,21.571428,9.585714,80.557144,2.4857144,1.9428571,2.6142857,6.885714,19.257143,0.000119552016,0.0033221543,-7.345365000000001e-25,1.8626451e-09,0.0,True
2015-08-31,550.64,0.0,20.257143,28.314287,11.914286,65.84286,3.8428571,2.5285714,4.2000003,6.4142857,22.742857,2.4199486e-05,0.0029661953,-7.345365000000001e-25,0.0,0.0,True
2015-09-07,550.59,12.4,13.257143,18.157145,9.014286,78.52857,1.742857,1.3428571,1.9714286,6.6571426,16.885714,0.00015792996,0.0026692152,-7.345365000000001e-25,3.7252903e-09,0.0,True
2015-09-14,550.54,13.7,12.928572,19.485716,6.357143,77.12858,2.042857,1.2857143,2.2142856,6.385714,16.2,6.042421e-05,0.0024426728,-7.345365000000001e-25,0.0,0.0,True
2015-09-21,550.5,5.6000004,12.2,18.057144,7.2571425,85.12858,1.4857143,1.1571429,1.5,6.6714287,15.1,0.0001270175,0.0022531599,-7.345365000000001e-25,3.7252903e-09,0.0,True
2015-09-28,550.46,6.5,10.400001,14.914286,5.714286,80.557144,1.1714286,0.95714283,1.4571428,6.9428573,12.728572,0.000153929,0.0020974353,-7.345365000000001e-25,1.8626451e-09,0.0,True
2015-10-05,550.42,4.6,10.042857,16.542858,3.8285716,74.471436,1.442857,1.0571429,1.7428571,6.5571427,12.042857,4.1283667e-05,0.0019550174,-7.345365000000001e-25,0.0,0.0,True
2015-10-12,550.38,14.0,10.1285715,13.5,6.8,89.328575,0.7999999,0.7,0.90000004,7.1714287,12.185715,6.8977475e-05,0.0018380135,-7.345365000000001e-25,3.7252903e-09,0.0,True
2015-10-19,550.35,28.800001,4.8428574,6.957143,2.5,92.35714,0.44285718,0.41428572,0.5857143,7.9,6.9428573,0.0003610924,0.0017445683,1.0791279e-05,3.690459e-05,4.0199608e-05,True
2015-10-26,550.31,0.4,7.785714,12.0,4.2000003,87.542854,0.61428577,0.5285715,0.7714286,7.6714287,8.642858,1.4364719e-05,0.0016704574,8.4014164e-07,4.000962e-06,0.0,True
2015-11-02,550.27,5.8,6.7428575,10.17143,4.0142856,96.51429,0.44285712,0.3857143,0.47142857,7.5857143,8.242857,6.903708e-05,0.0016064197,-7.345365000000001e-25,3.7252903e-09,0.0,True
2015-11-09,550.24,0.3,10.228572,16.87143,4.6,82.542854,0.78571427,0.62857145,0.9142857,7.4,9.657143,3.2112002e-06,0.0015492514,-7.345365000000001e-25,1.8626451e-09,0.0,True
2015-11-16,550.2,0.8,8.814286,14.185715,3.457143,77.65714,0.90000004,0.7,1.0142857,7.0857143,8.6,2.771616e-05,0.0014951006,-7.345365000000001e-25,1.8626451e-09,0.0,True
2015-11-23,550.17,74.0,6.5142856,9.242858,2.4714286,80.71429,0.7428571,0.64285713,1.0,8.728572,6.7714286,0.0029551685,0.0014460832,0.0027299891,0.0015273858,0.009835713,True
2015-11-30,550.16,10.6,1.4714288,3.4,-0.5428571,87.71429,0.41428572,0.41428572,0.5714286,9.957143,1.9,0.00032138824,0.0014145151,0.009402241,0.015360419,0.008640736,True
2015-12-07,550.14,5.5,4.4857144,8.757143,0.04285715,89.98572,0.3857143,0.3857143,0.31428573,9.985714,4.4714284,0.00020259619,0.0014003664,0.000104398954,0.0009282902,0.0,True
2015-12-14,550.11,6.0,1.6857144,6.557143,-2.7714288,88.314285,0.3,0.3,0.27142859,9.942857,2.3714285,0.00010930002,0.0014047027,4.6718687e-06,1.052022e-05,8.456409e-07,True
2015-12-21,550.07,11.800001,5.4428573,10.3,0.82857144,89.8,0.3,0.3,0.37142858,10.142858,4.214286,0.00024175644,0.0014187768,3.5762787e-07,1.7471611e-06,0.0,True
2015-12-28,550.03,0.0,5.042857,11.1,0.08571427,80.82857,0.4571429,0.42857143,0.4857143,9.8714285,3.8714285,7.4505806e-08,0.0014467984,-7.345365000000001e-25,1.1175871e-08,0.0,True
2016-01-04,549.98,21.5,1.8285714,4.7999997,-1.1428572,95.21429,0.2,0.16666667,0.21428572,9.8,1.2,0.00032253563,0.0014783442,0.00046943483,0.0012852214,0.0038212575,True
2016-01-11,549.96,39.3,3.2857144,5.6142855,0.5714286,92.37144,0.35714287,0.35714287,0.32857147,11.042857,2.4285715,0.0011213124,0.0015512556,0.0023747284,0.0056392513,0.0030942522,True
2016-01-18,550.02,15.9,-1.5571429,0.7857143,-4.7285714,85.21429,0.3142857,0.3142857,0.42857143,11.042857,0.9285714,0.00017523766,0.0018296763,0.012317096,0.0013663284,0.023715302,True
2016-01-25,550.1,2.1999998,-2.2142856,2.2,-7.7714286,87.34286,0.21428572,0.21428572,0.37142855,10.428572,0.22857143,0.00031651556,0.002255179,0.019172033,0.012061149,0.0014566556,True
2016-02-01,550.09,28.6,6.828572,10.985715,2.9857144,81.0,0.88571423,0.88571423,0.9285714,10.585714,4.0,0.001478985,0.003905058,0.0022156807,0.014257012,0.003589142,True
2016-02-08,550.14,15.9,3.9714286,8.428572,0.55714285,84.38572,0.8428572,0.8428572,0.7428571,10.9,3.8428571,0.0009443015,0.004346885,0.0036529757,0.010626445,0.011394858,True
2016-02-15,550.24,12.1,3.057143,6.3714285,0.085714325,81.200005,0.8142857,0.8142857,0.8142857,10.6285715,3.3714285,0.0004053414,0.0063388124,0.0022896756,0.004282981,0.005084913,True
2016-02-22,550.28,5.0,3.8142858,6.828572,1.0142857,81.48572,0.88571423,0.85714287,0.9857143,10.485714,3.4285715,0.00034413487,0.00765983,0.0015900078,0.0052802693,0.0042567737,True
2016-02-29,550.28,29.099998,0.7142858,4.0,-3.3857143,87.15715,0.62857145,0.61428577,0.62857145,10.657143,2.7857144,0.00045728683,0.008544318,0.0056401547,0.007978559,0.019713972,True
2016-03-07,550.29,15.4,1.0857143,4.285714,-1.5428572,86.814285,0.7285715,0.7285715,0.7428571,10.957143,2.0714285,0.0009404123,0.010104038,0.010559724,0.01600482,0.015152305,True
2016-03-14,550.41,0.2,1.5571429,5.7571435,-2.5428574,81.4,0.95714283,0.90000004,0.9857143,10.2,3.0857143,0.00025735795,0.011970654,0.0042417785,0.009038188,0.0006205365,True
2016-03-21,550.48,4.5,2.7857144,8.9,-1.5428572,78.814285,1.3285714,1.1714286,1.3142856,9.8,4.9857144,0.00010544062,0.012674943,0.0018394561,0.004847016,0.0047122315,True
2016-03-28,550.49,6.0,5.1142855,9.657144,0.04285715,76.64286,1.3428571,1.2285715,1.3714286,9.6285715,6.5571427,0.00021126866,0.012329884,4.3755485e-05,0.00022708066,0.00010086596,True
2016-04-04,550.48,1.6,10.471429,16.714285,5.0,77.37144,2.1,1.8,2.0,9.3714285,11.414286,0.00010356307,0.011717305,1.2488593e-07,1.8309802e-06,0.0,True
2016-04-11,550.43,7.7999997,7.7714286,12.428572,2.957143,80.91429,1.6999999,1.4857142,1.6285714,9.057143,10.542857,0.0001746118,0.010911278,-7.345365000000001e-25,0.0,0.0,True
2016-04-18,550.39,30.9,8.457143,13.142858,4.0571427,86.01429,1.6571429,1.6285716,1.5571429,9.742857,10.828571,0.0009934902,0.010133214,-7.345365000000001e-25,0.0,0.0,True
2016-04-25,550.34,13.400001,7.0428576,13.114286,0.9571429,74.84286,2.3285713,2.142857,2.2714286,9.957143,10.985714,0.00014486909,0.009557642,0.0001483077,0.00050687604,0.0011354275,True
2016-05-02,550.29,24.9,5.7714286,11.214286,0.35714287,77.42857,2.2,2.0571427,2.0,10.057143,9.014286,0.0004080683,0.009093456,0.00086115656,0.0038322546,0.0034557432,True
2016-05-09,550.24,7.4,11.742858,19.27143,3.114286,66.17143,3.9000003,3.142857,3.4428573,9.185715,15.1,8.614361e-05,0.008575514,4.5980727e-07,5.237758e-06,0.0,True
2016-05-16,550.19,59.0,10.314285,14.400001,6.3,83.35714,1.8142855,1.6714286,1.7714285,9.414286,13.428572,0.0016987622,0.008130163,-7.345365000000001e-25,3.7252903e-09,0.0,True
2016-05-23,550.21,32.699997,11.942857,17.885715,5.9000006,75.34286,3.0571425,2.8,2.9714284,9.642858,15.285714,0.0009665638,0.007827148,1.6462235e-07,3.2298267e-06,4.377216e-06,True
2016-05-30,550.24,49.600002,14.914286,20.114286,9.942857,81.22858,2.9857142,2.8285716,3.0857143,9.942857,17.942858,0.00414975,0.008317575,4.5413064e-08,1.3783574e-06,0.0,True
2016-06-06,550.52,72.4,15.071428,20.085714,11.228571,84.41429,2.5714285,2.542857,2.7714286,10.514286,18.27143,0.001689285,0.008644268,-7.345365000000001e-25,0.0,0.0,True
2016-06-13,550.94,57.5,15.17143,19.600002,10.7,82.25714,2.8714287,2.7857144,2.7142856,10.471429,18.885714,0.0012372807,0.010190606,-7.345365000000001e-25,7.450581e-09,0.0,True
2016-06-20,551.2,55.3,13.7,18.442858,9.514287,80.40001,2.8142855,2.7999997,2.8999999,10.857142,16.971428,0.0016862452,0.0134350285,-7.345365000000001e-25,7.450581e-09,0.0,True
2016-06-27,551.47,35.2,19.228573,25.128572,13.357142,74.74286,4.257143,3.7714286,4.142857,9.771428,22.814285,0.00016847253,0.015109934,-7.345365000000001e-25,1.1175871e-08,0.0,True
2016-07-04,551.47,27.199999,17.97143,23.300001,12.714286,74.14286,3.6285717,3.2,3.8142858,9.242857,21.87143,0.00061279535,0.014186375,-7.345365000000001e-25,3.7252903e-09,0.0,True
2016-07-11,551.4,23.9,19.614286,26.057144,11.871429,66.442856,4.857143,3.5714285,4.7,8.014286,24.185715,4.3436885e-05,0.012752421,-7.345365000000001e-25,1.1175871e-08,0.0,True
2016-07-18,551.34,41.7,15.314286,20.585714,10.428572,79.22858,2.857143,2.4714284,2.957143,9.1285715,19.157143,0.0045557916,0.012536421,-7.345365000000001e-25,3.7252903e-09,0.0,True
2016-07-25,551.29,40.1,20.314287,26.928572,14.1285715,78.17143,3.857143,3.1142857,4.042857,8.3,24.614286,0.00021643937,0.010709748,-7.345365000000001e-25,7.450581e-09,0.0,True
2016-08-01,551.22,16.7,18.957144,24.385714,14.1285715,78.74286,3.3857143,2.742857,3.5714285,8.528571,23.014286,0.0016540438,0.009889372,-7.345365000000001e-25,3.7252903e-09,0.0,True
2016-08-08,551.14,66.5,17.257143,23.34286,11.071428,77.47143,3.2571428,2.8571427,3.4142857,9.057143,20.928572,0.005508855,0.009738304,-7.345365000000001e-25,3.7252903e-09,0.0,True
2016-08-15,551.12,8.9,15.657144,21.142857,10.328572,78.557144,2.7142856,2.3285713,2.857143,8.8714285,19.685715,0.0001488179,0.008587211,-7.345365000000001e-25,0.0,0.0,True
2016-08-22,551.08,21.7,16.985714,23.085714,11.671428,79.700005,2.6857142,2.2142859,2.7857144,8.285714,21.185715,0.00022038817,0.00802955,-7.345365000000001e-25,9.313226e-09,0.0,True
2016-08-29,550.96,8.6,20.085714,27.485716,12.657143,75.21429,3.5142858,2.3571432,3.7,7.6285715,23.457144,7.042289e-05,0.0073989183,-7.345365000000001e-25,7.450581e-09,0.0,True
2016-09-05,550.88,3.8999999,17.742857,23.685715,12.6,77.52857,2.5571427,1.5714285,2.7285714,7.285714,21.2,6.121397e-05,0.006736785,-7.345365000000001e-25,9.313226e-09,0.0,True
2016-09-12,550.78,0.0,17.914286,25.5,10.928572,76.14286,2.7142856,1.4571428,3.0571427,7.0,21.142857,1.2353063e-05,0.0061144903,-7.345365000000001e-25,5.5879354e-09,0.0,True
2016-09-19,550.67,48.9,15.714286,20.942858,11.285714,83.8,1.8428571,1.0428573,1.9,7.4428573,19.028572,0.00040099025,0.0055117905,-7.345365000000001e-25,7.450581e-09,0.0,True
2016-09-26,550.57,1.3000001,11.771429,18.714285,5.3857145,83.557144,1.4714286,1.2285715,1.7285715,8.414286,15.242857,7.852912e-06,0.0050555915,-7.345365000000001e-25,3.7252903e-09,0.0,True
2016-10-03,550.47,2.7,13.285714,18.985716,7.6857142,80.24286,1.5142858,1.2428572,1.8428571,7.9142857,15.785714,0.00010497868,0.0046434924,-7.345365000000001e-25,9.313226e-09,0.0,True
2016-10-10,550.39,1.9000001,6.585715,10.214286,2.3,86.35714,0.6571428,0.54285717,0.8428572,7.928571,9.471429,3.761053e-05,0.0043078735,-7.345365000000001e-25,0.0,0.0,True
2016-10-17,550.3,5.1000004,7.371429,12.728572,2.7000003,87.85714,0.71428573,0.62857145,0.85714287,7.885714,9.3,6.119907e-05,0.0040221065,-7.345365000000001e-25,1.8626451e-09,0.0,True
2016-10-24,550.22,21.5,7.6857142,11.614286,3.8285713,88.11428,0.7,0.6857143,0.7571429,8.557143,8.914286,0.00028904527,0.0037727877,5.4836273e-06,2.7697533e-05,2.849102e-05,True
2016-10-31,550.14,7.8999996,7.1,11.957144,2.4285715,93.04286,0.5,0.5,0.5142857,9.2,9.171429,7.836521e-05,0.0035709962,1.362392e-07,1.7825514e-06,0.0,True
2016-11-07,550.08,23.9,4.342857,8.914286,0.14285718,90.057144,0.45714286,0.42857143,0.5142857,9.328571,5.7714286,0.00024288893,0.0034072474,0.00024636587,0.00042991713,0.0018230677,True
2016-11-14,550.03,13.8,1.1,3.6285717,-1.4285715,88.700005,0.34285712,0.34285712,0.44285718,10.214286,2.5,0.0003370419,0.0032807216,0.0033208188,0.004698679,0.007939652,True
2016-11-21,549.97,30.6,4.9,8.657144,1.2285715,89.98572,0.5285714,0.5285714,0.51428574,10.514286,4.9857144,0.00043528527,0.003206104,0.00095388433,0.0046972837,2.6732683e-05,True
2016-11-28,549.93,1.2,4.4,6.3285713,2.2857144,92.200005,0.25714287,0.25714287,0.37142855,10.142858,5.3,1.3560057e-05,0.003178805,9.553773e-06,1.4634803e-05,5.6069344e-05,True
2016-12-05,549.89,0.0,-0.7,3.357143,-4.714286,83.52857,0.22857144,0.21428573,0.35714287,9.957143,0.17142858,3.1217933e-06,0.0031693056,4.6395122e-05,2.6902184e-05,2.5581568e-05,True
2016-12-12,549.85,0.6,0.61428577,6.6571426,-4.3428574,80.01428,0.35714287,0.31428573,0.47142857,9.842857,0.35714287,1.6912818e-05,0.0031512603,4.251798e-05,6.227754e-05,8.488074e-05,True
2016-12-19,549.8,0.9,-0.014285704,3.0142858,-2.8714287,92.41429,0.15714288,0.14285716,0.21428572,9.8,0.6571429,9.998679e-06,0.0031260252,0.00025892258,0.00013826415,0.0013984144,True
2016-12-26,549.75,1.8,1.957143,4.714286,-0.44285712,89.37144,0.27142856,0.27142856,0.42857143,9.771428,1.2571429,5.9746206e-05,0.0030987412,0.000706088,0.0013216212,3.501773e-07,True
2017-01-02,549.7,3.6,-1.8714286,1.957143,-5.414286,89.35714,0.2,0.18,0.2,9.7,0.38,7.748604e-07,0.003066279,0.00014978931,1.9636005e-05,0.0029010884,True
2017-01-09,549.67,7.6,-4.9,-1.9714286,-9.557143,84.58572,0.028571429,0.028571429,0.31428573,10.057143,-0.41428572,1.6391277e-07,0.0030337349,0.011526625,0.0,0.016957138,True
2017-01-16,549.66,16.6,-1.3285714,0.88571435,-4.285714,85.25714,0.27142859,0.27142859,0.5,10.428572,0.042857144,0.0003001988,0.0030003265,0.017553654,0.009783402,0.015101958,True
2017-01-23,549.64,0.0,-9.228571,-5.557143,-13.17143,84.442856,0.014285714,0.014285714,0.25714287,10.257143,-0.6,1.12354755e-05,0.0029763207,0.021762082,0.0006286055,0.0007321015,True
2017-01-30,549.63,7.0,-5.7571435,-0.32857138,-11.114286,85.85714,0.21428572,0.21428572,0.3285714,10.157143,-0.74285716,0.0002899766,0.0029586703,0.018225767,0.009195682,0.00026598945,True
2017-02-06,549.64,10.900001,2.5285716,5.9428573,-0.85714287,91.114296,0.4571429,0.4571429,0.47142857,10.542857,1.4428571,0.0009962171,0.003115885,0.0031066735,0.010350356,0.0003898479,True
2017-02-13,549.64,0.5,-0.71428573,1.7428571,-2.8142858,88.5,0.35714287,0.35714287,0.45714286,10.1285715,0.8428571,3.210455e-05,0.003401406,0.00092070445,0.0014041103,0.0008198656,True
2017-02-20,549.65,11.7,2.557143,8.228572,-2.1000001,84.07143,0.8,0.7571429,0.7714286,10.157143,2.5857143,0.00025126338,0.0036638677,0.00019452118,0.0006353222,0.00013053417,True
2017-02-27,549.66,9.8,5.857143,10.914286,1.3000001,73.942856,1.442857,1.3571428,1.5142858,10.114285,5.5142856,0.0003887266,0.003907375,0.00038862796,0.0010904819,0.001361277,True
2017-03-06,549.64,19.3,4.8857145,10.5,0.11428572,74.34286,1.5428572,1.5285714,1.3714286,10.3714285,5.1714287,0.00048331916,0.0042669177,0.0006070421,0.0028481074,0.0035787895,True
2017-03-13,549.65,19.3,4.6285715,9.357142,-0.4571429,79.24286,1.3571428,1.3142856,1.1571429,10.657143,6.142857,0.0012478828,0.0058096945,0.00049396924,0.0026194025,0.0016587637,True
2017-03-20,549.75,10.0,8.114286,14.028572,2.2714286,75.557144,1.8000001,1.6000001,1.6428572,9.828571,9.228572,0.00035886467,0.0063235164,1.175063e-06,7.21775e-06,0.0,True
2017-03-27,549.8,3.5,7.2000003,11.885714,3.1571429,76.9,1.6714286,1.442857,1.6714286,9.7,9.285714,0.00018280745,0.0067656487,-7.345365000000001e-25,1.8626451e-09,0.0,True
2017-04-03,549.82,5.7999997,10.8714285,18.27143,2.8999999,70.200005,2.6285713,2.0714285,2.3714287,8.742857,13.571428,9.230524e-05,0.0068281293,-7.345365000000001e-25,1.8626451e-09,0.0,True
2017-04-10,549.82,5.0,8.8714285,15.585715,1.1999999,72.24286,2.5,1.9142857,2.3285713,8.285714,12.357142,8.371472e-05,0.0066577867,-7.345365000000001e-25,0.0,0.0,True
2017-04-17,549.81,17.7,8.2,12.685715,2.1714284,72.04286,2.0,1.4428571,1.9142857,7.7,11.4,0.00020737201,0.0063605085,6.9822585e-07,0.0,7.414818e-05,True
2017-04-24,549.8,9.599999,3.6285717,9.314285,-2.0285716,71.38572,1.9857142,1.6000001,1.9714285,8.314285,7.3142858,0.00013104826,0.006070994,0.0012145326,0.0039651506,0.004109729,True
2017-05-01,549.81,82.9,4.5142856,8.885715,0.05714286,84.71429,1.6428572,1.557143,1.5571429,9.714286,7.5285716,0.0018083602,0.0058181137,0.0029173126,0.0150447,0.014756653,True
2017-05-08,550.04,39.9,9.071428,13.642858,4.428571,85.0,1.9714286,1.942857,1.8285714,10.242857,11.9,0.0012588054,0.0067439154,1.9902274e-05,0.00019143894,0.0,True
2017-05-15,550.19,13.8,12.17143,18.642857,5.457143,74.87142,3.042857,2.871429,3.1000001,9.928572,15.528571,0.00058956444,0.007401556,-7.345365000000001e-25,3.7252903e-09,0.0,True
2017-05-22,550.31,9.5,14.17143,20.814287,5.3142858,71.51429,3.642857,3.0285716,3.6571429,9.071428,18.314285,0.0009133667,0.007959992,-7.345365000000001e-25,3.7252903e-09,0.0,True
2017-05-29,550.34,0.1,17.77143,24.457144,8.8714285,63.57143,4.8285713,3.3714287,4.585714,7.8714285,21.785715,1.4707446e-05,0.007715583,-7.345365000000001e-25,3.7252903e-09,0.0,True
2017-06-05,550.33,42.7,18.028572,23.7,12.457143,75.5,3.7,2.7142856,3.7714286,7.4142857,22.585714,0.0002875924,0.0072063506,-7.345365000000001e-25,3.7252903e-09,0.0,True
2017-06-12,550.31,20.1,15.557143,21.614286,8.114286,71.185715,4.0,3.257143,3.7714286,7.9,19.6,0.00014810264,0.006712191,-7.345365000000001e-25,7.450581e-09,0.0,True
2017-06-19,550.26,6.5,18.514286,24.785715,11.400001,64.34286,5.0571427,2.6571429,4.8142858,6.7714286,23.742857,8.6799264e-05,0.0060957,-7.345365000000001e-25,1.1175871e-08,0.0,True
2017-06-26,550.22,4.0,22.114286,28.414288,14.642858,65.91429,5.657143,2.1285713,5.0,6.1,25.72857,4.595518e-05,0.0054442436,-7.345365000000001e-25,1.4901161e-08,0.0,True
2017-07-03,550.18,37.6,16.885714,22.27143,12.828572,74.457146,3.6571426,2.9714284,3.7571428,7.1,20.7,0.0016122907,0.0048692003,-7.345365000000001e-25,1.1175871e-08,0.0,True
2017-07-10,550.15,21.699999,20.47143,28.114286,13.485715,71.77143,4.7714286,3.4857144,4.457143,6.8285713,24.37143,6.350875e-05,0.004385993,-7.345365000000001e-25,7.450581e-09,0.0,True
2017-07-17,550.1,9.4,16.87143,22.785715,11.014285,72.17143,3.7285717,2.885714,3.8142858,7.1857142,21.27143,0.00019428879,0.0039542615,-7.345365000000001e-25,3.7252903e-09,0.0,True
2017-07-24,550.09,34.4,19.328571,25.34286,13.285714,73.47143,4.0142856,2.885714,4.1285715,6.8142858,23.314285,0.00011214614,0.0035560355,-7.345365000000001e-25,1.1175871e-08,0.0,True
2017-07-31,550.06,49.0,16.9,21.9,12.042857,81.35714,3.0428574,2.8857143,2.9428573,8.8714285,19.414286,0.00069111586,0.0032658353,-7.345365000000001e-25,1.6763806e-08,0.0,True
2017-08-07,550.04,15.1,20.485716,26.67143,14.028571,75.68572,3.8285716,3.4285715,3.9142857,8.3714285,24.314285,0.00013892353,0.0030069798,-7.345365000000001e-25,5.5879354e-09,0.0,True
2017-08-14,550.01,34.5,15.5,20.228573,11.3,83.814285,2.3,2.1714284,2.457143,9.014286,18.914286,0.0004284382,0.0028005615,-7.345365000000001e-25,0.0,0.0,True
2017-08-21,549.98,37.5,17.7,24.257143,11.8,76.91429,3.2000003,3.0428574,3.4142857,9.142858,22.242857,0.00026597083,0.0026251972,-7.345365000000001e-25,7.450581e-09,0.0,True
2017-08-28,549.95,3.5,18.785715,26.428572,11.785714,75.61428,3.2571428,2.6285717,3.6571429,8.3714285,23.285715,5.1103532e-05,0.0024574697,-7.345365000000001e-25,5.5879354e-09,0.0,True
2017-09-04,549.92,78.3,14.714286,20.228573,9.314286,83.957146,2.0714285,1.8285714,2.1714287,9.114285,18.828571,0.0013198182,0.002311945,-7.345365000000001e-25,3.7252903e-09,0.0,True
2017-09-11,550.02,14.7,13.214286,17.942858,8.385715,81.67143,1.6714286,1.5285712,1.9428571,9.2,16.185715,0.00038193166,0.002235137,-7.345365000000001e-25,3.7252903e-09,0.0,True
2017-09-18,550.03,25.3,10.557143,15.642858,6.428571,80.61428,1.4714285,1.4285715,1.7285715,9.514286,12.642858,0.00025723875,0.0021914244,-7.345365000000001e-25,7.450581e-09,0.0,True
2017-09-25,550.01,9.0,10.285714,16.457144,5.085715,83.90001,1.3714285,1.2428571,1.6,9.442857,13.7,0.00013403594,0.0021713153,-7.345365000000001e-25,0.0,0.0,True
2017-10-02,549.99,18.6,12.728572,18.671429,7.3,86.200005,1.2285715,1.0857143,1.4,9.114285,15.785714,0.00034974515,0.0021525621,-7.345365000000001e-25,3.7252903e-09,0.0,True
2017-10-09,549.98,23.5,9.785714,13.7,5.7428575,83.0,1.1857144,1.1857144,1.3000001,10.185715,11.357142,0.002665937,0.0021936223,-7.345365000000001e-25,3.7252903e-09,0.0,True
2017-10-16,549.94,0.0,11.785714,19.042858,5.857143,81.971436,1.1285714,1.0142857,1.4142857,9.571428,12.971429,6.8694353e-06,0.0022830293,-7.345365000000001e-25,5.5879354e-09,0.0,True
2017-10-23,549.91,15.2,10.957144,17.385715,5.557143,80.24286,1.1571428,0.98571426,1.2428571,9.214286,12.6,0.00020469725,0.0023769662,-7.345365000000001e-25,1.8626451e-09,0.0,True
2017-10-30,549.88,10.0,8.157144,12.728572,3.0714285,81.84286,0.90000004,0.8285714,0.94285715,9.542857,9.3714285,0.00024852157,0.002426304,-7.345365000000001e-25,1.8626451e-09,0.0,True
2017-11-06,549.85,12.200001,6.1857147,10.900001,1.1857144,85.328575,0.5571429,0.51428574,0.6571428,9.757143,6.885714,0.00038328767,0.0024857149,5.199796e-06,2.5779009e-05,5.113706e-05,True
2017-11-13,549.84,39.899998,4.4428573,6.2714286,2.6714287,91.71429,0.4,0.4,0.4714286,10.657143,5.0,0.0023641586,0.0038927868,0.0002277976,0.00032325275,0.0021046624,True
2017-11-20,549.85,5.2,0.78571427,2.7,-0.82857144,90.14286,0.27142859,0.27142859,0.37142855,10.585714,2.0,0.00013039261,0.0036696643,0.0027642818,0.0032046568,0.0073311217,True
2017-11-27,549.91,12.1,4.7714286,8.957143,0.6571428,78.12858,0.61428577,0.61428577,0.82857144,10.471429,4.1857142,0.0004659593,0.004578389,0.0014446066,0.0058540218,0.0021581315,True
2017-12-04,549.91,6.5,-0.15714285,1.1714287,-1.6714286,84.957146,0.15714286,0.15714286,0.45714286,10.585714,1.0428572,0.00010192394,0.0053350553,0.005481953,0.0010282472,0.012202583,True
2017-12-11,549.92,24.8,0.32857147,3.8142858,-2.642857,84.957146,0.31428573,0.31428573,0.44285718,10.6,0.74285716,0.00053830445,0.0058671758,0.012318617,0.009166054,0.010753486,True
2017-12-18,549.98,12.700001,0.38571426,2.614286,-1.9857142,84.814285,0.41428572,0.41428572,0.42857143,11.0,0.9142857,0.00043433905,0.0065446496,0.015769986,0.005911963,0.016801089,True
2017-12-25,550.05,8.1,1.7285713,3.657143,0.14285715,92.971436,0.18571429,0.18571429,0.2857143,10.614285,1.5571429,0.0010997206,0.008185215,0.015070558,0.023262028,0.003067024,True
2018-01-01,550.1,14.1,2.3142858,6.0285716,-1.5285714,82.85714,0.4333333,0.4333333,0.59999996,10.683333,1.6166667,0.0010211691,0.011215791,0.007385884,0.017641757,0.014782377,True
2018-01-08,550.2,40.9,4.9428573,8.157144,2.2,87.35714,0.68571424,0.68571424,0.55714285,11.228572,4.3285713,0.004289478,0.018331222,0.00033863386,0.0017711781,0.001074113,True
2018-01-15,550.48,1.4,1.6857144,5.1714287,-1.1428572,86.814285,0.34285715,0.32857147,0.40000004,10.285714,2.3,9.1940165e-06,0.022184469,3.3588636e-05,1.8566847e-05,0.00066560507,True
2018-01-22,550.53,58.0,2.2714286,4.7285714,-0.3142857,87.15715,0.6857143,0.6857143,0.51428574,11.442857,1.7428571,0.0045542344,0.02393023,0.008115048,0.02201284,0.030464757,True
2018-01-29,550.82,0.1,5.1714287,8.3,2.1142857,82.84286,0.62857145,0.61428565,0.6857143,10.7,3.9571428,0.00032268465,0.025279947,0.002528588,0.009367986,0.0,True
2018-02-05,550.85,9.5,1.7,4.428571,-0.78571427,82.91429,0.5,0.5,0.62857145,10.342857,2.5714285,0.0002425164,0.025481448,0.002169365,0.001032155,0.0051346533,True
2018-02-12,550.96,8.4,-1.0142858,0.9714286,-3.1857145,85.200005,0.2857143,0.2857143,0.45714286,10.285714,0.5285714,6.981194e-05,0.02301541,0.006052233,0.002667956,0.012177199,True
2018-02-19,550.93,33.5,-1.8000001,1.5142858,-5.428571,87.685715,0.21428573,0.21428573,0.42857143,10.857142,0.4857143,0.00070661306,0.020136096,0.012700989,0.009278107,0.014558744,True
2018-02-26,550.89,0.3,-5.5285716,-3.7000003,-8.0,76.65715,0.10000001,0.10000001,0.61428577,10.428572,0.057142857,3.874302e-07,0.018007949,0.016564902,1.873821e-05,0.0024593547,True
2018-03-05,550.85,1.6,-4.657143,-0.4714286,-8.971429,78.08572,0.4714286,0.45714286,0.7,10.242857,-0.071428575,0.00022222102,0.016110923,0.0113341585,0.011174766,0.0018137209,True
2018-03-12,550.84,4.5,6.0,10.214286,2.3285716,76.91429,1.1999999,1.1,1.2571429,9.9,5.1,0.00014138222,0.014319733,0.00083805266,0.0030287392,4.6044588e-05,True
2018-03-19,550.8,4.0,2.1714284,5.514286,-1.2571429,82.90001,0.85714287,0.8285713,1.0,9.828571,4.4428573,0.00011026859,0.012794547,0.0011389425,4.7409907e-05,0.0047754534,True
2018-03-26,550.75,2.9,1.1,6.2714286,-3.642857,73.98572,1.042857,0.9714285,1.2571429,9.757143,3.2,0.00013808906,0.011522636,0.004458348,0.0075006094,0.0052094795,True
2018-04-02,550.7,15.6,5.571429,10.571428,0.5,78.51429,1.6428572,1.6,1.4857142,9.8714285,7.2285714,0.0004177764,0.010402143,0.00017662843,0.0013855286,0.00030404702,True
2018-04-09,550.62,1.9,10.1,18.542858,2.2714286,65.94286,2.9,2.3999999,2.7,9.157143,12.314285,1.731515e-05,0.009463936,6.81196e-08,1.0225922e-06,0.0,True
2018-04-16,550.56,8.9,10.928572,17.142857,3.8285716,71.957146,2.6857145,2.1571426,2.4285715,8.285714,14.342857,0.00015459955,0.008545853,-7.345365000000001e-25,0.0,0.0,True
2018-04-23,550.46,5.8,15.142858,23.5,6.085714,62.8,4.2285714,2.8714287,3.857143,7.3285713,18.242857,4.0322542e-05,0.0076479167,-7.345365000000001e-25,0.0,0.0,True
2018-04-30,550.4,2.1,13.7,20.442858,5.9428573,65.15714,3.8714283,1.9714286,3.6571429,6.5142856,17.557142,5.4627657e-05,0.006772995,-7.345365000000001e-25,3.7252903e-09,0.0,True
2018-05-07,550.3,0.0,13.885715,18.828571,8.928572,65.15714,3.3857143,0.8428572,3.3999999,6.042857,16.928572,8.538365e-06,0.006011106,-7.345365000000001e-25,1.1175871e-08,0.0,True
2018-05-14,550.24,23.8,14.142858,20.628572,7.471429,73.44286,3.4285717,1.3,3.3285713,6.1571426,18.214285,0.0003445223,0.005272791,-7.345365000000001e-25,3.7252903e-09,0.0,True
2018-05-21,550.18,52.6,12.485715,17.571428,8.385715,84.28571,2.5714285,2.3285713,2.4142857,7.9857144,16.3,0.0004724115,0.0047322437,-7.345365000000001e-25,3.7252903e-09,0.0,True
2018-05-28,550.16,18.0,17.314287,24.428572,10.528571,75.9,3.985714,3.3285716,4.071429,7.9142857,22.1,0.00012984872,0.004305728,-7.345365000000001e-25,3.7252903e-09,0.0,True
2018-06-04,550.16,28.5,18.728573,24.885715,11.742858,74.22858,4.3857145,3.5714285,4.414286,7.4428573,23.885714,0.00014664233,0.003906764,-7.345365000000001e-25,7.450581e-09,0.0,True
2018-06-11,550.12,25.3,19.285715,25.97143,13.17143,77.85714,3.9857142,3.1142857,4.1714287,7.3142858,24.357143,0.00032309443,0.0035381764,-7.345365000000001e-25,3.7252903e-09,0.0,True
2018-06-18,550.29,65.7,15.614286,21.057142,10.428572,77.01429,3.257143,2.8428571,3.3142858,8.585714,20.828571,0.0014488399,0.0032573268,-7.345365000000001e-25,0.0,0.0,True
2018-06-25,550.33,3.5,15.942858,21.87143,9.171428,67.88572,4.214286,3.0,4.0285716,7.3285713,22.214285,1.5355647e-05,0.0030058324,-7.345365000000001e-25,3.7252903e-09,0.0,True
2018-07-02,550.34,8.1,16.828571,22.457144,9.985715,70.25714,4.2571425,2.4,4.0857143,6.8428574,21.671429,4.3436885e-05,0.0027740598,-7.345365000000001e-25,7.450581e-09,0.0,True
2018-07-09,550.3,24.1,17.914286,23.728573,11.685715,75.957146,3.8285716,2.757143,3.442857,7.042857,22.62857,0.00021886826,0.0025395006,-7.345365000000001e-25,3.7252903e-09,0.0,True
2018-07-16,550.24,3.2,17.514286,23.928572,10.814286,70.64286,3.9142857,2.4428573,3.9285715,6.5571427,22.828571,5.7205558e-05,0.0023373812,-7.345365000000001e-25,0.0,0.0,True
2018-07-23,550.22,30.8,18.785715,25.228573,12.757143,74.34286,3.8428571,2.414286,3.6,6.4428573,23.157143,0.00021868944,0.0021293312,-7.345365000000001e-25,3.7252903e-09,0.0,True
2018-07-30,550.2,0.0,21.34286,29.114286,12.7,65.74286,5.0,2.8428571,4.8285713,6.257143,25.757143,2.041459e-05,0.0019482374,-7.345365000000001e-25,1.1175871e-08,0.0,True
2018-08-06,550.17,6.7000003,23.728573,31.37143,15.271429,63.07143,5.2571425,2.2428572,5.142857,5.4428573,27.614286,5.402416e-05,0.0017562509,-7.345365000000001e-25,7.450581e-09,0.0,True
2018-08-13,550.15,21.7,19.257143,27.142857,11.7,69.27143,3.9285717,1.7571428,3.7857144,5.3428574,24.22857,3.9115548e-05,0.0015793815,-7.345365000000001e-25,9.313226e-09,0.0,True
2018-08-20,550.13,5.7999997,19.657145,27.057144,12.214286,67.61429,3.8142855,1.6142856,3.8857143,5.3,24.0,3.248453e-05,0.0014345944,-7.345365000000001e-25,9.313226e-09,0.0,True
2018-08-27,550.11,18.599998,17.171429,24.2,10.285714,70.78571,2.9428573,1.5,3.1000001,5.4,21.257143,9.916723e-05,0.0012983382,-7.345365000000001e-25,7.450581e-09,0.0,True
2018-09-03,550.1,32.7,15.228572,19.285715,11.242858,83.42857,1.8428571,1.4,2.0142858,6.3285713,18.4,0.00038282573,0.0012025535,-7.345365000000001e-25,1.8626451e-09,0.0,True
2018-09-10,550.09,7.0,15.985715,23.042858,9.400001,77.88572,2.4428573,1.9,2.642857,6.8428574,19.7,7.134676e-05,0.0011317208,-7.345365000000001e-25,3.7252903e-09,0.0,True
2018-09-17,550.06,22.199999,17.1,24.4,10.5,74.957146,2.4714284,1.8142856,2.7714286,6.542857,20.5,0.00016309321,0.0010562316,-7.345365000000001e-25,0.0,0.0,True
2018-09-24,550.03,16.6,15.471429,22.985716,8.857142,72.54286,2.257143,1.7142857,2.642857,6.5857143,18.457144,0.00086568296,0.0009909272,-7.345365000000001e-25,9.313226e-09,0.0,True
2018-10-01,550.0,28.699999,9.985715,17.428572,2.6571429,74.78571,1.5857143,1.2571428,1.8285714,6.8285713,13.7,0.0009220913,0.00093591213,-7.345365000000001e-25,0.0,0.0,True
2018-10-08,549.98,0.5,10.971429,17.2,4.9428573,82.61428,1.1857141,0.9285714,1.4285715,6.9428573,13.528571,8.240342e-06,0.00089380145,-7.345365000000001e-25,5.5879354e-09,0.0,True
2018-10-15,549.94,0.0,13.042857,21.428572,6.2000003,80.24286,1.4285716,0.94285715,1.4571428,6.428571,15.285714,8.493662e-07,0.000857614,-7.345365000000001e-25,0.0,0.0,True
2018-10-22,549.88,0.0,8.914286,16.6,2.3857143,81.057144,1.0714285,0.6,1.0571429,6.042857,12.8714285,1.4901161e-07,0.0008235276,-7.345365000000001e-25,0.0,0.0,True
2018-10-29,549.86,37.3,6.7714286,10.3714285,3.3142858,86.957146,0.6571428,0.4571429,0.78571427,6.542857,8.928572,0.0004222393,0.0007966459,0.0017270758,0.008561643,0.01037132,True
2018-11-05,549.83,0.4,6.6285715,11.185715,2.7285714,88.057144,0.54285717,0.4857143,0.67142856,7.642857,7.4857144,5.7682395e-05,0.0007768497,0.00032580466,0.002167955,0.0,True
2018-11-12,549.79,1.6,7.371429,12.742858,3.0,92.07143,0.5714286,0.5,0.44285712,7.4142857,8.957143,2.3439527e-05,0.00076071173,8.628482e-07,4.6733767e-06,0.0,True
2018-11-19,549.75,0.9,2.5571427,5.542857,-0.40000004,87.971436,0.31428576,0.22857143,0.4857143,7.385714,4.3285713,8.4117055e-06,0.00074753165,5.6300843e-05,3.1851232e-07,0.00049892813,True
2018-11-26,549.71,5.4,0.27142859,3.4428573,-2.8999999,94.27143,0.22857144,0.20000002,0.25714284,7.3714285,2.0857143,5.1528215e-05,0.0007356033,0.00045278526,0.0006791763,0.0034296252,True
2018-12-03,549.67,13.6,3.7428572,6.5428576,0.94285715,91.62858,0.41428572,0.40000004,0.35714287,8.1285715,3.7142856,0.001506269,0.0007257089,0.002898733,0.0061898176,0.002748873,True
2018-12-10,549.62,22.199999,5.7000003,7.871429,3.114286,86.57143,0.62857145,0.62857145,0.59999996,9.614285,5.4428573,0.0004928857,0.0007200241,6.9283305e-05,5.2923337e-05,0.0020057894,True
2018-12-17,549.58,3.5,-1.4285715,0.54285717,-4.3428574,85.185715,0.08571429,0.08571429,0.37142858,9.785714,0.4857143,2.9951334e-05,0.00073038787,0.003733391,0.0014226492,0.0046715923,True
2018-12-24,549.54,28.9,4.285714,7.642857,1.0857142,87.057144,0.59999996,0.59999996,0.55714285,10.314285,3.1714287,0.0020869002,0.001849845,0.0020864974,0.0050789937,0.000117536634,True
2018-12-31,549.51,4.6,-0.7,2.3142858,-3.0714285,93.799995,0.14285715,0.14285715,0.17142858,10.585714,0.8,0.00015795231,0.00085258484,0.000631094,0.0014510937,0.0043872893,True
2019-01-07,549.49,28.4,-0.14285715,1.2428571,-1.7428572,88.52857,0.18571432,0.18571432,0.37142858,10.714286,0.8142857,0.00014295429,0.000994198,0.013931518,0.0029672794,0.038318425,True
2019-01-14,549.47,41.899998,-0.12857142,1.7571429,-2.457143,90.471436,0.31428573,0.31428573,0.3857143,11.271428,0.7,0.0015737414,0.001851134,0.060470123,0.016574046,0.047300283,True
2019-01-21,549.63,0.5,-2.1857145,1.5428572,-6.6285715,82.82857,0.31428573,0.31428573,0.44285712,10.7,0.6571429,0.000117599964,0.0014376044,0.067119256,0.0037590545,0.0023769066,True
2019-01-28,549.75,2.1000001,-2.2857144,0.042857118,-5.0,81.84286,0.24285714,0.24285714,0.5142857,10.314285,-0.042857144,8.866191e-05,0.0018124953,0.066546924,0.0036394317,0.007131204,True
2019-02-04,549.78,9.6,-1.1999999,2.4714286,-6.114286,83.62858,0.3285714,0.3285714,0.45714286,10.542857,0.4,0.0001707375,0.0020948946,0.06847733,0.005729234,0.0078377165,True
2019-02-11,549.79,9.5,-0.15714286,4.1714287,-4.9428573,82.52857,0.7285714,0.7285714,0.7,10.5,1.0428572,0.0012052357,0.0032929853,0.06405478,0.024767805,0.0037183836,True
2019-02-18,549.8,0.1,1.5714285,10.414286,-4.8857145,72.37144,1.0,0.91428566,0.9571429,10.142858,2.1,0.0007703379,0.0028606057,0.038251728,0.027880764,0.0011973307,True
2019-02-25,549.8,0.2,4.1857142,10.214286,-1.4428571,68.828575,1.1857144,1.0,1.2142857,9.6285715,3.8142858,0.000658676,0.0043972954,0.009951375,0.019054912,2.30968e-07,True
2019-03-04,549.81,7.8,6.8857145,13.057143,1.557143,69.92857,1.6285714,1.3857143,1.6571429,9.3714285,6.1285715,0.00037764013,0.0059524626,0.00078842754,0.0029659774,8.08388e-05,True
2019-03-11,549.8,8.1,6.0142856,10.2,1.6857145,72.17143,1.6142857,1.5142858,1.5714285,9.5,5.7285714,0.00052408874,0.0068724453,0.00012376194,0.00012644939,0.0018813685,True
2019-03-18,549.79,27.1,5.457143,9.614286,1.7714285,73.58572,1.7571428,1.7142859,1.6428572,10.171429,5.542857,0.0021903664,0.0086905435,0.0013306255,0.0071972664,0.005871337,True
2019-03-25,549.77,2.0,4.928571,12.314285,-2.3428571,68.328575,1.9857142,1.7285713,1.8428572,9.614285,7.642857,3.4481287e-05,0.00977619,0.00011831238,0.00044450723,0.00035102665,True
2019-04-01,549.75,0.0,6.7571435,13.185715,0.2857143,69.61429,2.1714284,1.6999999,2.057143,8.885715,9.414286,2.9176474e-05,0.009991318,0.0002246641,0.0011053272,0.00082496926,True
2019-04-08,549.7,12.799999,7.5142856,12.814286,1.8142859,75.75714,1.8714285,1.4857143,1.7857143,8.385715,10.714286,0.00028015673,0.009457491,0.00063853606,0.003558576,0.0035601594,True
2019-04-15,549.69,23.3,5.9428573,9.657144,2.4285715,77.200005,1.542857,1.3000001,1.5714285,8.8,8.714286,0.00039742887,0.008909471,9.0218724e-05,0.00065249205,0.00069613755,True
2019-04-22,549.68,0.2,11.785714,19.828571,2.0000002,55.04286,4.042857,2.6714287,3.5857143,7.885714,14.614285,2.682209e-05,0.00834129,7.913226e-06,7.8137964e-05,0.0,True
2019-04-29,549.68,13.9,9.5,15.514287,3.1571429,71.24286,2.785714,1.7285715,2.5142858,7.1857142,13.157143,0.00018635392,0.0076455474,-7.345365000000001e-25,0.0,0.0,True
2019-05-06,549.68,26.2,6.6,11.785714,1.0857143,79.71429,2.0285714,1.6428572,1.9571428,7.7285714,10.414286,0.0003489703,0.00705228,0.00022903511,0.0010020584,0.0013945103,True
2019-05-13,549.66,17.7,8.642858,13.414286,3.6000001,76.34286,2.3714287,2.0,2.2285714,8.2,11.428572,0.00032790005,0.0065284222,6.0081482e-05,0.0003977865,0.0,True
2019-05-20,549.64,61.9,9.742858,14.928572,4.1,75.82857,2.5,1.9999999,2.5,8.3714285,13.314285,0.0027486235,0.0067204908,-7.345365000000001e-25,7.450581e-09,0.0,True
2019-05-27,549.76,35.9,12.771429,18.085714,6.8428574,78.5,2.9142857,2.6571426,2.8714287,10.071428,16.785715,0.0028411448,0.0075823367,-7.345365000000001e-25,3.7252903e-09,0.0,True
2019-06-03,549.86,7.5,15.028572,21.442858,7.9857144,72.314285,3.5142858,2.9428573,3.6857142,9.414286,19.028572,0.0003129691,0.00654383,-7.345365000000001e-25,3.7252903e-09,0.0,True
2019-06-10,549.94,17.199999,16.728573,23.942858,8.942858,69.14286,4.142857,3.0285714,4.1285715,7.8,21.6,0.00011906028,0.0064364523,-7.345365000000001e-25,7.450581e-09,0.0,True
2019-06-17,549.95,27.6,16.800001,22.0,10.728571,76.47143,3.7142856,3.0142858,3.642857,8.142858,20.985714,0.009977996,0.0061959475,-7.345365000000001e-25,7.450581e-09,0.0,True
2019-06-24,549.95,29.5,19.057144,24.914286,13.314286,75.3,4.2,3.557143,4.1142855,8.285714,23.385714,0.0006519556,0.0058398694,-7.345365000000001e-25,1.1175871e-08,0.0,True
2019-07-01,549.94,7.2,23.357143,31.214289,13.971429,63.47143,6.085715,3.914286,5.9857144,7.3285713,27.828571,1.104176e-05,0.0054994375,-7.345365000000001e-25,3.7252903e-09,0.0,True
2019-07-08,549.91,15.3,18.385714,24.300001,12.071428,67.08572,4.6571426,2.4857142,4.342857,6.6714287,24.142857,0.00023131073,0.0050663278,-7.345365000000001e-25,3.7252903e-09,0.0,True
2019-07-15,549.87,26.3,14.928572,20.257143,9.742858,74.72858,3.2,2.2285714,3.2714286,6.9428573,19.9,0.00026905537,0.0046952516,-7.345365000000001e-25,3.7252903e-09,0.0,True
2019-07-22,549.85,13.299999,19.428572,26.828571,11.67143,68.51429,4.928571,2.8571432,4.6142855,6.457143,24.77143,5.1409006e-05,0.004327722,-7.345365000000001e-25,7.450581e-09,0.0,True
2019-07-29,549.82,44.7,21.885715,28.614286,14.771429,69.4,4.6142855,2.2,4.5,6.4428573,26.014286,0.000706777,0.003918484,-7.345365000000001e-25,7.450581e-09,0.0,True
2019-08-05,549.79,15.0,18.34286,24.542858,12.314286,73.75715,3.542857,2.6714284,3.7285714,7.385714,22.857143,0.00014017522,0.003603965,-7.345365000000001e-25,3.7252903e-09,0.0,True
2019-08-12,549.78,48.8,18.585714,24.157145,13.185715,81.02857,3.1857145,2.9428573,3.2714286,8.271428,22.542856,0.001321502,0.0033279508,-7.345365000000001e-25,3.7252903e-09,0.0,True
2019-08-19,549.76,34.6,16.714285,22.628572,10.928572,77.28571,2.9142854,2.7,3.1000001,8.714286,20.471428,0.0003118813,0.0031237677,-7.345365000000001e-25,0.0,0.0,True
2019-08-26,549.75,25.5,17.014286,22.514286,11.485715,82.3,2.4285715,2.1714287,2.7428572,9.3714285,20.671429,0.0011597276,0.003081277,-7.345365000000001e-25,1.1175871e-08,0.0,True
2019-09-02,549.75,43.899998,19.100002,25.214285,12.742858,76.78571,2.914286,2.3714287,3.0857143,8.485714,23.457144,0.00035538524,0.0028746054,-7.345365000000001e-25,3.7252903e-09,0.0,True
2019-09-09,549.73,21.2,11.985715,16.742857,7.457143,84.442856,1.6428572,1.3714286,1.7428571,8.542857,16.4,0.0006543547,0.0027881041,-7.345365000000001e-25,0.0,0.0,True
2019-09-16,549.71,0.2,15.628572,22.757143,8.657144,79.1,2.3571432,1.8428571,2.6571429,8.314285,19.242857,4.9620867e-06,0.0027814955,-7.345365000000001e-25,7.450581e-09,0.0,True
2019-09-23,549.68,25.4,11.3,17.657145,4.571429,76.87142,1.8142859,1.242857,1.9285715,7.5857143,16.72857,0.0001308322,0.0027596056,-7.345365000000001e-25,1.8626451e-09,0.0,True
2019-09-30,549.67,15.400001,13.828572,18.028572,8.914286,81.08572,1.5714285,1.457143,1.8428571,8.357142,15.485714,0.00088353455,0.0027104318,-7.345365000000001e-25,1.4901161e-08,0.0,True
2019-10-07,549.65,35.1,9.485715,13.714286,4.1285715,86.34286,0.9857144,0.9428572,1.1571429,9.142858,11.457143,0.0013445765,0.003026031,-7.345365000000001e-25,5.5879354e-09,0.0,True
2019-10-14,549.64,23.1,11.785714,18.1,6.0,80.52857,1.2428571,1.1857144,1.5142858,9.742857,12.414286,0.0005602315,0.0030431598,-7.345365000000001e-25,5.5879354e-09,0.0,True
2019-10-21,549.64,6.8,11.385715,17.357143,6.1285715,84.9,1.0857143,1.0142857,1.1857144,9.442857,13.3,0.00016741455,0.003259614,-7.345365000000001e-25,3.7252903e-09,0.0,True
2019-10-28,549.64,6.4,11.185715,16.27143,6.514286,88.700005,0.8142857,0.71428573,0.87142855,9.3,12.942857,0.0001373291,0.0034799948,-7.345365000000001e-25,5.5879354e-09,0.0,True
2019-11-04,549.63,26.9,7.7000003,10.142858,5.5142856,89.92857,0.5714286,0.5714286,0.64285713,10.042857,8.571428,0.0002591908,0.003583029,-7.345365000000001e-25,5.5879354e-09,0.0,True
2019-11-11,549.62,7.5,3.3285716,6.2714286,-0.14285716,92.01429,0.35714287,0.35714287,0.41428572,10.214286,5.357143,0.00033560395,0.0036794469,5.653926e-06,1.5508384e-05,4.388392e-05,True
2019-11-18,549.61,7.7000003,2.5571427,5.657143,-0.37142855,88.94286,0.34285715,0.34285715,0.41428572,10.057143,3.4571428,0.00043067336,0.0039015561,0.0013180744,0.0027126186,0.0036585778,True
2019-11-25,549.59,0.2,2.5142858,5.857143,-0.7571429,93.62858,0.2857143,0.25714284,0.25714287,9.857142,4.042857,5.4374337e-05,0.0043125004,0.00053392135,0.0010689665,1.0177493e-05,True
2019-12-02,549.56,5.7,3.6714287,6.357143,0.64285713,87.21429,0.4,0.4,0.45714286,10.0,4.1571426,0.0003524199,0.0047152936,0.00015867324,0.00013931468,0.0009286627,True
2019-12-09,549.56,2.5,1.9857143,5.5428576,-1.3857144,83.14286,0.45714286,0.45714286,0.4857143,9.942857,1.8285714,0.00012607872,0.005126752,0.000502172,0.0008749217,0.00030542538,True
2019-12-16,549.55,4.2,2.3857143,6.014286,-2.2857144,84.07143,0.5285714,0.5285714,0.5285714,10.242857,2.3857143,0.0003450513,0.005409658,0.0028625273,0.008281875,0.0088109225,True
2019-12-23,549.53,7.6,3.6857142,8.785714,-0.057142872,89.3,0.47142854,0.47142854,0.3285714,10.2,4.2285714,0.00033029914,0.005709812,0.00027838774,0.0007621385,0.0006431751,True
2019-12-30,549.51,9.9,1.0857143,4.2000003,-2.1285713,89.84286,0.31428576,0.31428576,0.24285714,10.671429,2.2142856,0.00052493066,0.0064034387,0.00022852421,0.0006900262,0.00033269823,True
2020-01-06,549.48,0.8,0.18571432,4.1714287,-3.4714286,89.15715,0.3,0.3,0.24285714,10.3,0.0,0.0001269728,0.0076319426,0.00036932173,0.00048145838,0.001048252,True
2020-01-13,549.47,0.5,2.4857142,6.4857144,-2.2285714,79.94286,0.47142857,0.47142857,0.62857145,9.985714,1.8285714,7.1793795e-05,0.008152328,0.0005519674,0.0012678877,0.0006647259,True
2020-01-20,549.44,8.5,2.457143,6.857143,-2.2571428,79.77143,0.55714285,0.5142857,0.54285717,9.857142,2.0142858,0.00014932454,0.008204527,0.0009863434,0.00066231005,0.0034143925,True
2020-01-27,549.41,2.4,-0.24285711,3.8285713,-2.957143,88.82857,0.29999998,0.29999998,0.35714287,9.857142,0.45714286,4.826486e-05,0.0081189945,0.001884557,0.0021392722,5.427748e-06,True
2020-02-03,549.39,34.300003,6.857143,9.471429,4.1285715,83.54286,0.9857144,0.9857144,0.85714287,10.571428,5.0857143,0.0033510178,0.010996237,0.0013883909,0.0053352024,0.004675083,True
2020-02-10,549.38,13.700001,2.5857143,8.7,-2.2714286,73.42857,1.1285714,1.1142857,1.0428572,10.8714285,2.9285715,0.0014590323,0.010130651,0.0019358397,0.0030200873,0.0035528168,True
2020-02-17,549.47,11.6,4.828572,9.528571,0.47142863,74.77143,1.1857144,1.1714286,1.1571429,10.742857,4.3428574,0.00045078993,0.012023799,0.0005656197,0.0017821677,0.001664143,True
2020-02-24,549.52,6.4,6.2000003,10.17143,1.8857144,67.11428,1.542857,1.4857142,1.6285714,10.2,5.4142857,0.00033554435,0.012584329,0.00014896052,0.0005089119,0.0004821308,True
2020-03-02,549.56,22.4,4.4,8.442858,0.87142855,73.42857,1.3142859,1.3142859,1.3571428,10.514286,4.4714284,0.0003477484,0.012484737,0.0031991913,0.007458428,0.008969933,True
2020-03-09,549.59,16.9,3.2000003,6.8428574,-0.9571429,80.828575,1.0714285,1.0714285,0.9857143,10.571428,4.242857,0.0005400181,0.0122745335,0.00090099516,0.0029659662,0.0027459078,True
2020-03-16,549.6,4.5,6.914286,12.671428,1.1714286,73.314285,1.7,1.6,1.6285714,10.385715,7.5571427,0.0003427863,0.012587316,0.00015056701,0.0015202165,0.001131393,True
2020-03-23,549.69,4.5,5.914286,12.400001,-0.08571427,72.828575,1.6285714,1.4,1.7285715,9.771428,8.757143,0.0001514554,0.01264441,0.00058829784,0.00027445704,0.0023785718,True
2020-03-30,549.7,7.2,2.1142857,7.7714286,-3.4,66.51429,1.6999999,1.3857143,1.7285715,9.357142,5.7,5.26309e-05,0.012127548,0.00086712267,0.001186356,0.0011584312,True
2020-04-06,549.71,0.0,4.9714284,12.785714,-3.6285717,60.5,2.5,1.9142857,2.3285713,8.757143,8.457143,1.6845763e-05,0.011338167,0.00036067623,0.0010524802,2.6464462e-05,True
2020-04-13,549.69,12.9,11.928572,20.614286,1.7714285,57.31429,3.5,2.4142857,3.2,7.614286,14.742857,1.4200807e-05,0.010260984,4.48454e-07,4.6584755e-06,0.0,True
2020-04-20,549.68,0.0,10.785714,18.485716,2.5714285,58.085716,3.5142858,1.642857,3.4142857,6.8285713,14.971429,6.273389e-06,0.009095959,-7.345365000000001e-25,3.7252903e-09,0.0,True
2020-04-27,549.64,0.0,12.5,19.857143,4.0285716,51.11429,4.1571426,1.1428572,4.0571427,6.1857142,16.3,1.9609928e-05,0.007923737,-7.345365000000001e-25,0.0,0.0,True
2020-05-04,549.59,32.0,9.914286,14.871429,4.714286,80.98572,2.2857141,1.7571428,2.0142858,7.1857142,13.042857,0.00040967762,0.006948404,-7.345365000000001e-25,0.0,0.0,True
2020-05-11,549.58,18.599998,12.157144,19.27143,4.042857,72.942856,3.285714,2.0571427,3.1142857,7.1714287,16.857143,0.00019201636,0.0061592683,1.8642062e-05,4.794821e-05,0.0012706779,True
2020-05-18,549.55,6.3,9.457143,14.414286,3.2857144,74.71429,2.6142857,2.1285713,2.542857,7.7,13.771428,0.000191167,0.005515702,0.00020351863,0.0013974309,0.00015788525,True
2020-05-25,549.52,12.6,14.614286,20.9,6.9857144,69.37144,3.5571434,2.4714284,3.3857143,7.0142856,18.8,0.00014074147,0.004931681,-7.345365000000001e-25,2.9802322e-08,0.0,True
2020-06-01,549.5006351656303,0.0,12.6,18.714285,4.6285715,62.67143,3.942857,2.1857142,3.9857142,6.4857144,17.814285,1.4051795e-05,0.004423864,-7.345365000000001e-25,0.0,0.0,False
2020-06-08,549.47,30.5,13.742858,18.628572,8.342857,74.48572,2.9285712,1.9142857,2.9714284,6.614286,17.414286,0.00025303662,0.00395412,-7.345365000000001e-25,7.450581e-09,0.0,True
2020-06-15,549.44,67.5,14.228571,18.042858,10.428572,85.27143,2.6285713,2.3285716,2.5857143,8.071428,17.37143,0.0005054772,0.0036203414,-7.345365000000001e-25,7.450581e-09,0.0,True
2020-06-22,549.45,59.7,15.028572,20.085714,10.457144,82.957146,2.9285715,2.7,2.8428571,9.257143,18.742857,0.0033964068,0.0033568814,-7.345365000000001e-25,7.450581e-09,0.0,True
2020-06-29,549.45,22.9,18.214287,24.285715,11.514285,72.65714,4.457143,3.6857142,4.3142858,8.214286,22.657143,0.00092822313,0.0031309202,-7.345365000000001e-25,1.1175871e-08,0.0,True
2020-07-06,549.5,34.5,18.014286,23.628572,11.17143,72.57143,4.357143,3.5428574,4.1714287,8.214286,22.142857,0.00016888976,0.0029240847,-7.345365000000001e-25,7.450581e-09,0.0,True
2020-07-13,549.53,7.7999997,17.028572,23.557144,8.842857,66.21429,4.7571425,3.0,4.457143,7.3142858,22.214285,0.00032298267,0.0027310997,-7.345365000000001e-25,3.7252903e-09,0.0,True
2020-07-20,549.53,10.1,16.528572,22.314287,10.3,74.314285,3.442857,2.4,3.3428571,7.4142857,21.157143,0.00025232136,0.002562426,-7.345365000000001e-25,3.7252903e-09,0.0,True
2020-07-27,549.52,31.2,18.87143,25.714285,12.185715,73.11429,4.214286,2.3285716,4.0142856,6.785714,23.6,0.000252828,0.0024100915,-7.345365000000001e-25,7.450581e-09,0.0,True
2020-08-03,549.5,58.4,20.285715,27.300001,13.571428,73.614296,4.114286,2.1571429,3.9285715,6.8428574,24.157143,0.005254209,0.0027998313,-7.345365000000001e-25,3.7252903e-09,0.0,True
2020-08-10,549.51,7.1,18.5,25.614286,10.214286,73.84286,3.9857144,3.0285714,3.9714284,8.114285,22.657143,0.0013440996,0.0021755174,-7.345365000000001e-25,1.1175871e-08,0.0,True
2020-08-17,549.49,4.9,20.057144,26.342855,14.028572,78.58571,3.342857,2.4714284,3.4142857,7.0285716,24.814285,0.000106841326,0.002042234,-7.345365000000001e-25,1.1175871e-08,0.0,True
2020-08-24,549.48,10.0,18.885714,25.357143,12.757143,74.91429,3.2857146,2.442857,3.3142855,6.9428573,22.857143,0.00020767748,0.0019562915,-7.345365000000001e-25,7.450581e-09,0.0,True
2020-08-31,549.47,69.1,15.257143,20.1,9.5,78.24286,2.3714287,1.6999999,2.4285715,7.4142857,18.757143,0.0027065873,0.0023178533,-7.345365000000001e-25,3.7252903e-09,0.0,True
2020-09-07,549.49,21.9,14.928572,20.414288,9.757143,80.471436,2.1857142,1.9142857,2.357143,8.842857,18.385714,0.00034947693,0.0018885583,-7.345365000000001e-25,0.0,0.0,True
2020-09-14,549.48,0.0,16.014286,24.17143,8.328571,80.24286,2.4285715,1.9,2.7142856,7.928571,20.72857,3.2782555e-07,0.0019425377,-7.345365000000001e-25,5.5879354e-09,0.0,True
2020-09-21,549.5,0.3,16.028572,23.385715,9.442857,81.35714,2.1857142,1.5285714,2.2857144,7.1285715,20.714285,3.6224723e-05,0.0019437745,-7.345365000000001e-25,9.313226e-09,0.0,True
2020-09-28,549.5,47.2,11.071428,15.857142,6.3857145,84.057144,1.3571427,1.2,1.4571428,8.142858,14.042857,0.00034439564,0.0019182712,-7.345365000000001e-25,5.5879354e-09,0.0,True
2020-10-05,549.5,9.400001,10.742858,15.2,5.9714284,84.200005,1.1571429,1.0857143,1.3142856,8.514286,12.614285,0.00011263788,0.0019004792,-7.345365000000001e-25,5.5879354e-09,0.0,True
2020-10-12,549.49,27.0,8.914286,12.8,5.414286,86.12858,0.98571426,0.95714283,1.1,8.971429,10.771428,0.00069861114,0.0018902868,-7.345365000000001e-25,5.5879354e-09,0.0,True
2020-10-19,549.48,13.4,5.914286,9.614286,2.5285716,88.85714,0.5428571,0.5285714,0.67142856,9.214286,7.9857144,0.00024235249,0.0019348636,-7.345365000000001e-25,0.0,0.0,True
2020-10-26,549.46,26.7,9.442857,15.257143,4.0142856,86.61428,0.82857144,0.7714286,0.87142855,9.257143,10.757143,0.0006758794,0.0020415112,-7.345365000000001e-25,3.7252903e-09,0.0,True
2020-11-02,549.4528325002323,16.0,9.671428,13.742858,5.5142856,84.74286,0.84285706,0.8285714,0.90000004,10.028571,9.6,0.0005090833,0.0023214892,-7.345365000000001e-25,9.313226e-09,0.0,False
2020-11-09,549.46,3.4,6.2714286,10.671428,2.8,91.72858,0.42857146,0.42857146,0.45714286,9.714286,7.757143,0.00029575825,0.0029520243,-7.345365000000001e-25,0.0,0.0,True
2020-11-16,549.46,1.1,7.0142856,12.557143,2.3857143,86.84286,0.5714286,0.5142857,0.5428571,9.385715,7.6,6.110966e-05,0.003573589,-7.345365000000001e-25,0.0,0.0,True
2020-11-23,549.47,4.1,3.457143,8.571428,-1.3285714,83.98572,0.45714286,0.44285712,0.37142858,9.4,4.6,9.639561e-05,0.003891714,5.7646208e-05,6.41346e-05,0.0001408942,True
2020-11-30,549.46,2.3,-0.45714286,2.0428572,-2.542857,92.57143,0.15714286,0.15714286,0.22857143,9.314285,1.5571429,1.2591481e-06,0.0040411726,8.08239e-05,5.229935e-05,0.00015534833,True
2020-12-07,549.45,12.5,-0.61428577,1.5,-2.8714287,93.32857,0.12857144,0.12857144,0.22857143,9.757143,0.41428572,0.00010421872,0.004108317,0.009382509,0.0025395527,0.022052199,True
2020-12-14,549.44,12.0,0.5285714,2.3,-1.7142857,93.5,0.15714286,0.14285715,0.21428572,10.071428,1.0857143,0.00047296286,0.004130967,0.024018299,0.017107196,0.010734551,True
2020-12-21,549.43,3.8000002,2.5714285,7.3857145,-0.88571435,93.0,0.20000002,0.20000002,0.10000001,9.8714285,2.6571429,0.00043827295,0.0042775422,0.007440255,0.012468599,2.032891e-05,True
2020-12-28,549.42,21.3,2.8714287,5.785714,-0.37142858,84.14286,0.44285712,0.44285712,0.55714285,10.4,3.442857,0.0010952204,0.004930638,0.0020307247,0.0028597023,0.0049353912,True
2021-01-04,549.42,0.5,-0.29999998,1.9714286,-2.9,85.97143,0.29999998,0.29999998,0.32857147,10.3,0.73333335,3.580749e-05,0.006168619,0.0048912307,0.0012201387,0.002788864,True
2021-01-11,549.45,3.1999998,-2.914286,-1.1,-5.2428575,86.84286,0.057142857,0.057142857,0.2857143,10.171429,0.08571429,8.1956387e-07,0.006783478,0.010213654,3.557466e-05,0.006170962,True
2021-01-18,549.47,19.8,-1.8285716,0.22857139,-4.8142858,88.64286,0.15714288,0.14285715,0.34285715,10.814285,0.114285715,0.00010091066,0.006915748,0.030211318,0.0014028028,0.03458326,True
2021-01-25,549.48,14.099999,0.61428577,4.3714285,-4.328572,80.557144,0.61428577,0.61428577,0.5857143,10.471429,0.6142857,0.00025814772,0.0068878904,0.041079395,0.009612678,0.015433565,True
2021-02-01,549.51,30.5,2.2142856,4.471429,-0.18571424,89.98572,0.48571435,0.47142863,0.5,11.085714,1.8428571,0.009110481,0.012690887,0.027723301,0.052356817,0.006276354,True
2021-02-08,549.82,30.699999,5.357143,8.3714285,2.4857142,88.35714,0.6857143,0.6857143,0.5857143,11.1,4.957143,0.0013829619,0.021407038,0.0007868097,0.0046896357,0.0033607818,True
2021-02-15,550.09,8.0,-6.285714,-2.1000001,-11.471429,77.17143,0.10000001,0.10000001,0.5285714,10.614285,0.22857143,2.0071864e-05,0.024126753,0.010237075,0.00061836094,0.01103469,True
2021-02-22,550.21,2.3,4.8142858,12.642858,-1.5,82.457146,1.1857144,1.1,0.9285714,10.042857,4.8,0.00035268068,0.022718921,0.0018333197,0.010782056,0.0,True
2021-03-01,550.27,0.9,5.5,13.471429,-0.81428576,73.24286,1.4142857,1.1571429,1.2857143,9.542857,6.428571,2.3968518e-05,0.020382576,1.6643888e-05,9.093247e-05,0.0,True
2021-03-08,550.31,4.8,2.7714286,8.900001,-2.7285714,74.0,1.1714286,1.0,1.1714286,9.242857,4.957143,0.00013117492,0.017726436,1.7841658e-05,2.596341e-05,5.8822334e-05,True
2021-03-15,550.31,24.1,4.0,8.400001,0.32857138,75.37144,1.4714285,1.4285715,1.4714286,9.5,4.9,0.00042952597,0.015290454,0.001032432,0.0036042705,0.009020571,True
2021-03-22,550.28,8.9,0.2714286,3.4285715,-2.0428572,79.5,0.6857143,0.6714286,0.9857143,10.114285,2.3142858,0.0002360493,0.013488054,0.0068521444,0.008286731,0.0116882175,True
2021-03-29,550.25,3.0,6.514286,13.714286,-0.64285713,66.04286,2.2714288,1.9571428,2.1714284,9.414286,7.9857144,0.00020501018,0.012201391,0.0019965796,0.008257363,0.00019180775,True
2021-04-05,550.23,3.6000001,7.857143,15.514287,-0.44285718,63.44286,2.5571427,2.0428572,2.4428573,8.485714,11.285714,2.7865171e-05,0.010955103,9.120646e-05,3.4147874e-05,0.0035565868,True
2021-04-12,550.18,10.2,4.3714285,10.185715,-1.057143,67.37143,1.8428571,1.5142858,2.0714285,8.2,7.0,0.00016751885,0.009819627,0.0039535817,0.008656429,0.012176152,True
2021-04-19,550.13,1.3,2.3285716,7.071429,-2.7714288,75.25714,1.4142857,1.1714286,1.5571429,8.157143,6.257143,0.0001257211,0.008802548,0.0017845461,0.005391134,0.0003704466,True
2021-04-26,550.07,0.0,7.928571,15.414286,-0.8428572,60.47143,3.1285717,2.2428572,2.9285715,7.4857144,12.442857,2.1085143e-05,0.007881306,1.889751e-05,0.00014377944,0.0,True
2021-05-03,550.04,32.7,8.1285715,13.542857,3.0428574,74.457146,2.3714287,1.8142859,2.2714286,7.457143,11.942857,0.00052277744,0.007005982,0.00010494959,0.0008284822,0.00096652284,True
2021-05-10,550.0,37.7,10.471429,16.757143,2.8285713,67.457146,3.3285713,2.9714284,3.0857143,8.8,12.571428,0.00067305565,0.006367199,1.4214289e-05,0.00015239604,0.0,True
2021-05-17,549.96,33.8,10.028572,14.6285715,6.2000003,80.3,2.2428572,2.2142856,2.3285713,9.414286,13.185715,0.0016866624,0.005951412,-7.345365000000001e-25,0.0,0.0,True
2021-05-24,549.96,43.600002,9.442858,14.742857,5.457143,78.685715,2.5571427,2.5142858,2.4285715,9.814285,12.685715,0.0005891025,0.005719602,-7.345365000000001e-25,3.7252903e-09,0.0,True
2021-05-31,549.99,16.800001,10.7,16.028572,4.457143,69.34286,3.357143,2.9428573,3.2714286,9.328571,14.585714,0.00029321015,0.0055430084,-7.345365000000001e-25,0.0,0.0,True
2021-06-07,549.98,73.3,16.157145,22.128572,9.928572,75.957146,3.3714287,2.742857,3.3999999,8.614285,19.942858,0.006019309,0.008283645,-7.345365000000001e-25,0.0,0.0,True
2021-06-14,550.11,3.5000002,17.757143,24.37143,10.785714,71.92857,4.271428,3.5857143,4.4857144,9.157143,22.485714,0.0012060106,0.0057189986,-7.345365000000001e-25,7.450581e-09,0.0,True
2021-06-21,550.2,33.4,21.4,28.614286,12.842857,65.21429,5.428572,3.8285713,5.2571425,7.5142856,26.77143,0.0014672205,0.005932957,-7.345365000000001e-25,1.1175871e-08,0.0,True
2021-06-28,550.29,38.5,18.414288,23.942858,12.685715,77.98572,4.085714,3.7999997,4.1142855,8.928572,23.157143,0.023058936,0.014418423,-7.345365000000001e-25,7.450581e-09,0.0,True
2021-07-05,550.38,50.7,15.757143,21.057144,11.142858,81.51429,3.1714287,3.0714285,3.142857,9.728572,19.957144,0.006211281,0.007730283,-7.345365000000001e-25,7.450581e-09,0.0,True
2021-07-12,550.56,69.3,16.828571,22.2,11.185715,84.457146,3.1714284,3.142857,3.1857142,10.414286,20.742857,0.0047157854,0.0134686455,-7.345365000000001e-25,1.1175871e-08,0.0,True
2021-07-19,550.83,19.5,16.585714,20.942858,12.428572,85.21429,2.614286,2.5,2.7142856,10.742857,19.957144,0.0031529814,0.016708963,-7.345365000000001e-25,1.1175871e-08,0.0,True
2021-07-26,550.9,28.899998,18.300001,24.957144,11.885715,77.65715,3.7285714,3.2,3.9857142,9.414286,23.742857,0.00015102327,0.018678367,-7.345365000000001e-25,5.5879354e-09,0.0,True
2021-08-02,550.9,40.6,17.457144,23.0,12.514287,79.87144,3.128571,2.8999996,3.4714284,9.728572,21.357143,0.0046186447,0.01690209,-7.345365000000001e-25,5.5879354e-09,0.0,True
2021-08-09,550.91,28.1,15.342858,20.97143,11.1285715,82.57143,2.5571427,2.5142856,2.6857142,10.328571,18.9,0.0017778426,0.015184596,-7.345365000000001e-25,3.7252903e-09,0.0,True
2021-08-16,550.9,28.5,20.528574,27.628572,13.400001,76.15714,3.6857142,3.0714285,4.0,9.171429,24.37143,0.00014360249,0.013866164,-7.345365000000001e-25,7.450581e-09,0.0,True
2021-08-23,550.87,9.1,16.228573,21.585714,11.471429,80.4,2.442857,2.142857,2.6857142,9.228572,20.114286,0.0003232807,0.012477756,-7.345365000000001e-25,0.0,0.0,True
2021-08-30,550.83,58.699997,12.871429,16.485716,9.857142,86.24286,1.642857,1.5142858,1.8000001,9.414286,16.142857,0.004744351,0.012040049,-7.345365000000001e-25,7.450581e-09,0.0,True
2021-09-06,550.84,0.6,14.285714,21.414286,6.8,79.42857,2.4714286,2.1,2.7285714,9.428572,18.328571,3.373623e-05,0.010411598,-7.345365000000001e-25,9.313226e-09,0.0,True
2021-09-13,550.84,0.8,16.342857,23.728573,9.742857,79.41429,2.4142857,1.8857143,2.6857142,8.414286,20.785715,3.9726496e-05,0.00965105,-7.345365000000001e-25,1.8626451e-09,0.0,True
2021-09-20,550.8,24.6,14.357142,19.928572,8.8714285,85.71429,1.5857142,1.3285713,1.7857143,8.685715,18.114286,0.00019682944,0.008894071,-7.345365000000001e-25,3.7252903e-09,0.0,True
2021-09-27,550.73,5.0,13.257143,19.885715,6.785714,82.84286,1.7000002,1.4,1.9142857,8.6285715,16.642857,0.00012096763,0.00815095,-7.345365000000001e-25,3.7252903e-09,0.0,True
2021-10-04,550.67,5.5,12.5,18.314287,7.085715,79.65715,1.4571428,1.2285715,1.6285714,8.528571,15.828571,0.00016725808,0.007439904,-7.345365000000001e-25,1.8626451e-09,0.0,True
2021-10-11,550.58,6.2,8.3,12.6285715,4.3285713,84.78571,0.9285714,0.8,1.0714285,8.657143,10.985714,0.00013238192,0.006846696,-7.345365000000001e-25,1.8626451e-09,0.0,True
2021-10-18,550.49,3.9,6.0285716,12.071428,1.1142857,88.114296,0.78571427,0.7,0.8428572,8.714286,9.214286,0.0001732707,0.006359108,-7.345365000000001e-25,0.0,0.0,True
2021-10-25,550.41,13.099999,7.557143,13.142858,1.9714288,79.557144,1.0000001,0.91428566,1.1285714,8.685715,9.071428,9.5792115e-05,0.0059445277,-7.345365000000001e-25,1.8626451e-09,0.0,True
2021-11-01,550.32,10.6,6.614286,12.585715,1.5571429,90.77143,0.64285713,0.54285717,0.64285713,8.657143,8.6,0.000120058656,0.005580917,-7.345365000000001e-25,0.0,0.0,True
2021-11-08,550.27,9.9,3.8428574,7.285714,-0.24285714,90.14286,0.5,0.4857143,0.47142857,9.528571,5.3428574,0.00013743341,0.005271077,2.8451284e-05,9.811856e-05,0.000108882785,True
2021-11-15,550.21,2.1,2.9428573,6.9428573,-0.31428573,93.84286,0.3,0.3,0.35714287,9.342857,4.5,6.579608e-05,0.005009219,4.019056e-06,1.3440847e-05,9.573996e-07,True
2021-11-22,550.15,1.6,2.7714286,5.5,0.42857143,92.77143,0.25714284,0.22857144,0.31428573,9.328571,3.9571428,2.373755e-05,0.004785411,2.102057e-05,0.00010212697,0.00027335435,True
2021-11-29,550.1,4.2999997,-0.114285715,1.5142858,-1.8857144,89.14286,0.17142858,0.17142858,0.35714287,9.357142,0.9714286,1.0930002e-05,0.004583299,0.001369675,0.00024468452,0.0063273422,True
2021-12-06,550.05,18.599998,1.5142858,3.914286,-1.0428572,86.75714,0.4,0.4,0.5,10.042857,1.6,0.0009139925,0.004401818,0.006576175,0.016686618,0.015818935,True
2021-12-13,550.0,26.2,0.08571427,2.4857142,-3.7714288,89.75714,0.27142859,0.27142859,0.31428573,10.5,0.74285716,0.00020639598,0.0042912588,0.02170175,0.006473705,0.025931414,True
2021-12-20,549.94,0.5,0.31428573,2.1714284,-1.5857143,95.24286,0.14285716,0.14285716,0.17142858,10.057143,1.1714286,0.00035457313,0.0042361766,0.013622687,0.016192453,0.00023621693,True
2021-12-27,549.9,9.5,1.4571428,4.414286,-1.8142859,87.40001,0.24285714,0.22857144,0.3857143,10.228572,1.0428572,0.00061030686,0.004276529,0.0051392373,0.007051721,5.1371753e-06,True
2022-01-03,549.88,11.0,7.7285714,11.357142,4.042857,81.40001,0.675,0.675,0.8142857,11.1,6.2,0.0014905855,0.0049937814,0.00013347466,0.0010382142,0.0,True
2022-01-10,549.86,13.5,1.057143,3.642857,-2.8428571,85.04286,0.5,0.5,0.5285714,10.742857,1.9285715,0.00051242113,0.0064721704,0.004553006,0.0011474881,0.011580475,True
2022-01-17,549.86,0.3,-1.2857143,2.4285715,-4.957143,84.91429,0.29999998,0.29999998,0.31428573,10.3,0.14285715,9.352714e-05,0.0076270923,0.008676478,0.0040467754,0.0015787147,True
2022-01-24,549.84,3.5,0.17142858,2.3714287,-2.3142858,84.24286,0.34285715,0.3285714,0.47142857,10.171429,0.5857143,9.075552e-05,0.008043133,0.009061689,0.0038530324,0.008266881,True
2022-01-31,549.81,3.3000002,0.9142857,4.328572,-2.7428572,80.85714,0.59999996,0.5857143,0.67142856,10.1,0.94285715,0.00026515126,0.008076571,0.007895152,0.009465218,0.009822898,True
2022-02-07,549.79,15.5,2.9428573,5.514286,0.3142857,81.24286,0.7714286,0.7714286,0.7714286,10.471429,2.3285713,0.0013210252,0.008194342,0.0057064523,0.01576324,0.009209748,True
2022-02-14,549.75,6.1,2.4285715,8.442857,-2.9,70.72858,1.0,0.9857143,1.0571429,10.4,2.2714286,0.00020392984,0.00925193,0.0014464287,0.0030371994,0.0006881729,True
2022-02-21,549.73,13.0,5.957143,9.428572,2.457143,71.51429,1.4,1.3428572,1.5571429,10.1,4.8142858,0.00033643097,0.0099642575,0.0001976263,0.00086848624,0.0016499199,True
2022-02-28,549.7,3.7,2.4714284,7.0428576,-2.0,72.38572,1.2142857,1.1571429,1.1142857,9.885715,3.7,0.00019481778,0.010016233,0.0012140898,0.002752427,0.0031233765,True
2022-03-07,549.68,0.0,-0.5285714,5.585715,-6.0285716,63.385715,1.1428572,0.9285715,1.2142857,9.3714285,2.6857142,1.8551946e-05,0.009894356,0.00058083306,0.00091426075,1.0207295e-05,True
2022-03-14,549.65,0.0,3.2285714,11.771429,-4.4857144,55.34286,1.9714286,1.5,1.8142856,8.785714,5.4857144,8.970499e-06,0.009637855,9.962491e-05,0.00026046857,0.0,True
2022-03-21,549.63,5.7999997,5.728572,10.900001,0.5714286,71.72857,1.5285714,1.1999999,1.5571429,8.342857,7.457143,0.0001468584,0.009205632,4.7116052e-07,4.0065497e-06,0.0,True
2022-03-28,549.61,0.0,7.6857147,17.642857,-2.5,52.11429,2.8428574,1.9857142,2.5285716,7.5,10.328571,5.9604645e-08,0.00861685,-7.345365000000001e-25,1.8626451e-09,0.0,True
2022-04-04,549.59,39.4,3.4714286,7.0,-1.0,78.48572,1.0857142,0.85714287,1.3142856,8.014286,6.1,0.00037810951,0.0079845935,0.007207581,0.004834231,0.020131942,True
2022-04-11,549.58,23.0,6.6857147,11.828572,2.2857144,72.47143,2.0714285,1.9857142,2.1,9.142858,8.028571,0.0008522719,0.0074968636,0.0026345481,0.017255198,0.004853748,True
2022-04-18,549.6,2.6,10.057143,17.0,1.9428571,63.285713,3.185714,2.5428574,2.8714287,8.642858,13.8714285,3.475696e-05,0.00715068,5.426861e-05,0.00048817694,0.0,True
2022-04-25,549.61,11.9,8.328572,14.157144,2.5571427,70.35714,2.542857,1.9857142,2.5,7.8285713,12.5,0.00020517409,0.0067636147,-7.345365000000001e-25,3.9115548e-08,0.0,True
2022-05-02,549.6196200620614,13.5,8.914286,14.585715,2.3142858,75.9,2.4857144,2.1142857,2.4428573,8.271428,12.942857,0.00025300682,0.0063872486,-7.345365000000001e-25,0.0,0.0,False
2022-05-09,549.64,42.999996,12.228572,17.557144,7.157143,80.58571,2.5,2.2285714,2.5,8.557143,15.4,0.00023768842,0.0060130954,-7.345365000000001e-25,3.7252903e-09,0.0,True
2022-05-16,549.64,25.1,16.671429,23.27143,9.571428,69.42857,4.3285713,3.4285715,4.1,7.928571,20.571428,0.00021357834,0.0056136623,-7.345365000000001e-25,7.450581e-09,0.0,True
2022-05-23,549.64,14.799999,17.857143,25.057144,9.300001,67.314285,4.7571435,3.3428571,4.6285715,7.3428574,22.514286,0.0018499047,0.005173452,-7.345365000000001e-25,0.0,0.0,True
2022-05-30,549.65,16.199999,12.3,17.714285,6.642857,73.957146,3.1,2.2285714,3.1285713,7.457143,17.62857,0.00030767918,0.004774995,-7.345365000000001e-25,3.7252903e-09,0.0,True
2022-06-06,549.64,26.900002,16.2,23.128572,9.657143,77.34286,3.6285713,2.5857143,3.6571429,7.1571426,20.485714,0.0007513389,0.0044328347,-7.345365000000001e-25,7.450581e-09,0.0,True
2022-06-13,549.63,19.900002,16.228573,22.428572,9.471429,71.52857,3.8714283,3.142857,4.042857,7.757143,20.685715,0.0010929629,0.0041426495,-7.345365000000001e-25,0.0,0.0,True
2022-06-20,549.61,0.0,20.77143,28.7,10.928572,58.771427,5.8714285,3.1714284,5.6,6.5857143,25.285715,6.0543418e-05,0.0038512275,-7.345365000000001e-25,7.450581e-09,0.0,True
2022-06-27,549.6,21.300001,19.442858,25.357143,13.357142,74.957146,4.2285714,3.0285716,4.2714286,6.5,24.014286,0.00033465028,0.0035588518,-7.345365000000001e-25,1.1175871e-08,0.0,True
2022-07-04,549.6191418128997,26.6,18.442858,24.385715,12.014287,76.91429,3.9571426,3.1000001,3.9142857,7.0285716,22.685715,0.005079463,0.0035493225,-7.345365000000001e-25,3.7252903e-09,0.0,False
2022-07-11,549.585,2.0,16.4,22.242859,9.328572,67.8,3.9857144,2.442857,4.071429,6.457143,22.142857,5.0082803e-05,0.0031164214,-7.345365000000001e-25,7.450581e-09,0.0,True
2022-07-18,549.58,0.1,20.014286,28.085714,9.928572,53.657143,5.714286,1.9142859,5.3857145,5.4428573,25.0,8.881092e-06,0.0029030368,-7.345365000000001e-25,0.0,0.0,True
2022-07-25,549.57,25.8,22.457144,30.728573,13.1,63.585716,5.428571,2.0571427,5.1571426,5.0857143,26.171429,0.00011013448,0.0026415586,-7.345365000000001e-25,1.1175871e-08,0.0,True
2022-08-01,549.56,21.6,19.557144,25.800001,13.471429,68.17143,4.285714,2.2,4.071429,5.5,23.77143,0.00051496923,0.002407819,-7.345365000000001e-25,3.7252903e-09,0.0,True
2022-08-08,549.58,16.6,20.300001,27.042858,12.771429,67.9,4.571429,2.0714285,4.4,5.242857,24.757143,0.00012716651,0.0022058934,-7.345365000000001e-25,7.450581e-09,0.0,True
2022-08-15,549.59,0.3,19.057144,26.628572,10.257143,57.614285,4.8142858,1.4857142,4.857143,4.7285714,23.171429,2.9593706e-05,0.0020109788,-7.345365000000001e-25,3.7252903e-09,0.0,True
2022-08-22,549.63,121.9,17.928572,23.800001,12.2,78.5,3.1142857,1.9428571,3.042857,6.3285713,22.12857,0.013802201,0.0027929172,-7.345365000000001e-25,7.450581e-09,0.0,True
2022-08-29,549.66,18.800001,18.214287,24.87143,11.371429,77.21429,3.114286,2.4285715,3.2857144,7.2714286,22.685715,0.00018900633,0.0017450303,-7.345365000000001e-25,1.1175871e-08,0.0,True
2022-09-05,549.73,24.8,16.485714,22.828571,10.1285715,78.07143,2.5714285,2.2,2.7714286,7.7714286,20.485714,9.56282e-05,0.0016689003,-7.345365000000001e-25,3.7252903e-09,0.0,True
2022-09-12,549.77,32.0,15.728572,21.571428,10.285714,80.9,2.2428572,2.0714285,2.3714287,7.8285713,18.842857,0.00017432868,0.0015936196,-7.345365000000001e-25,5.5879354e-09,0.0,True
2022-09-19,549.82,21.7,12.842857,17.27143,8.685715,82.12858,1.6857141,1.6285714,1.8000001,8.557143,15.4,0.0012011826,0.0015365407,-7.345365000000001e-25,7.450581e-09,0.0,True
2022-09-26,549.85,7.0,9.442857,15.057143,4.042857,82.700005,1.3428571,1.2428572,1.5142857,8.642858,12.9,0.00016506761,0.0015007555,-7.345365000000001e-25,0.0,0.0,True
2022-10-03,549.86,52.4,9.057143,12.357142,5.6857147,89.24286,0.98571426,0.98571426,1.0142857,9.842857,11.028571,0.0031646043,0.0031015426,-7.345365000000001e-25,5.5879354e-09,0.0,True
2022-10-10,549.9090143239715,6.3999996,11.2,17.0,5.7571435,86.67143,1.1000001,1.0428572,1.2428571,9.685715,13.728572,2.1502376e-05,0.0015637055,-7.345365000000001e-25,1.8626451e-09,0.0,True
2022-10-17,549.95,16.2,13.042857,18.042858,8.857142,88.17143,1.0714285,1.0571429,1.0857142,9.814285,14.614285,0.0002744496,0.0016595721,-7.345365000000001e-25,3.7252903e-09,0.0,True
2022-10-24,549.95,21.2,12.971429,17.442858,8.2,88.94286,1.0000001,0.9714285,0.94285715,10.057143,14.542857,0.0014432967,0.0017396659,-7.345365000000001e-25,3.7252903e-09,0.0,True
2022-10-31,549.95,0.8,12.342857,20.557144,6.4428573,85.21429,1.0857143,1.042857,1.0428572,10.071428,14.214286,1.3396144e-05,0.0018474311,-7.345365000000001e-25,0.0,0.0,True
2022-11-07,549.92,2.9,7.4857144,11.642858,1.9,87.72858,0.62857145,0.58571434,0.62857145,9.842857,9.671429,0.00021380186,0.0019711107,-7.345365000000001e-25,1.8626451e-09,0.0,True
2022-11-14,549.89,2.5,5.857143,11.028571,1.3428572,91.1,0.5285714,0.5142857,0.45714286,10.014286,7.885714,0.00013074279,0.0020806417,-7.345365000000001e-25,0.0,0.0,True
2022-11-21,549.86,18.9,5.8142858,9.685715,1.9,87.24286,0.62857145,0.62857145,0.5,10.442857,6.5,0.001193285,0.0022023544,2.0032838e-05,7.616542e-05,0.00020818412,True
2022-11-28,549.83,10.6,3.4,7.471429,-0.9285714,88.64286,0.35714287,0.35714287,0.3857143,10.571428,4.1571426,0.00022245944,0.0024698079,6.443546e-05,0.0002627652,0.00013986975,True
2022-12-05,549.8,6.3999996,1.7,2.857143,0.31428573,94.01429,0.15714288,0.15714288,0.3,10.457143,2.4857142,0.00029811263,0.0028849393,8.5910164e-05,0.0001100488,0.00037638098,True
2022-12-12,549.77,7.0,-1.9285715,0.9857143,-5.285714,89.71429,0.08571429,0.08571429,0.20000002,10.314285,0.75714284,9.4249845e-06,0.0033289343,0.0029323555,0.00014900416,0.006884638,True
2022-12-19,549.74,18.3,-4.4714284,-1.7714287,-8.0,91.32857,0.042857144,0.042857144,0.14285715,10.685715,0.0,0.0001705885,0.0036415383,0.0182023,0.0023298413,0.018681448,True
2022-12-26,549.7,19.8,6.957143,9.985715,3.9857144,87.65715,0.59999996,0.59999996,0.5428571,10.842857,4.8142858,0.00181669,0.004453078,0.006037014,0.024596555,0.0,True
